           1           2  0.98615175716180115     
           2           3   1.3782972052106928     
           3           4   1.2666662286016928     
           4           5   1.1936458537387300     
           2           6   1.1460322298629331     
           5           6   1.3283175598026036     
           6           7   1.1164720776475046     
           7           8   1.6751970062515573     
           7           9  0.98446356348505226     
           8           9  0.10781581445789766     
           9          10   1.3471798032479270     
           9          11   1.0133287904757304     
          11          12   1.7079835321375705     
           5          13   1.1892329696491371     
          11          13   1.0891315310574512     
          12          13  0.13477144872663682     
          13          14  0.97063373682852050     
           1          15  0.95698697533652144     
           1          16  0.96286637102666073     
           1          17  0.96193730778074116     
           3          18  0.95323624587634403     
          10          19  0.95687578639851967     
          10          20  0.95980961191020264     
          14          22  0.97201797124337053     
          14          23  0.97100216846811505     
          14          24  0.96473672232462448     
           4          25  0.91907785926047125     
