           1           2  0.98460927271584042     
           2           3   1.4047995197162515     
           3           4   1.2860022537383327     
           4           5   1.1922040998745600     
           2           6   1.1498242392530202     
           5           6   1.3261176018937044     
           6           7   1.1100402977951784     
           7           8   1.6708786288138104     
           7           9   1.0012012806962893     
           8           9  0.11296058448742397     
           9          10   1.3268547587443908     
           9          11   1.0210200963976912     
          11          12   1.7134956109352226     
           5          13   1.1972528157268827     
          11          13   1.0814181496429236     
          12          13  0.13560317958487675     
          13          14  0.97016686610142056     
           1          15  0.95462918105465022     
           1          16  0.96443911581842645     
           1          17  0.96033386366938578     
           3          18  0.95169536018493084     
          10          19  0.95952584886132508     
          10          21  0.95827489384999032     
          14          22  0.97172269397059041     
          14          23  0.97229819310917853     
          14          24  0.96441928134210964     
           4          25  0.91774760747144024     
