           1           2  0.98382648889797963     
           2           3   1.3879235035930022     
           3           4   1.2901844159090943     
           4           5   1.1675327042117636     
           2           6   1.1659184974324739     
           5           6   1.3415690382316887     
           6           7   1.0722130092102478     
           7           8   1.6785750352015341     
           7           9   1.0811823087811834     
           8           9  0.13802959185755909     
           9          10  0.96182554746166660     
           9          11   1.1709150561598214     
           9          12  0.15142215274437440     
          11          12   1.7319920118996688     
           5          13   1.1623320987619210     
          11          13  0.92825784505853481     
          13          14   1.3089089697109944     
           1          15  0.95425805338079117     
           1          16  0.96248802005632461     
           1          17  0.95909833890425733     
           3          18  0.95103561766748501     
          10          19  0.96735151847658885     
          10          20  0.96498132781615675     
          10          21  0.96581257248809260     
          14          22  0.96485407475272789     
          14          24  0.95742387550132357     
           4          25  0.91723918614947586     
