   -0.29777356
    0.07621758
   -0.01037160
   -0.00250515
   -0.08465461
    0.12968896
   -0.23360063
    0.02748167
    0.12965038
   -0.22254455
    0.02572112
   -0.07255273
   -0.05309859
   -0.11616313
   -0.05605742
    0.00548893
    0.01911132
   -0.01872313
   -0.07072687
    0.00028388
   -0.04821498
   -0.06691196
    0.13414196
   -0.22006661
    0.02431372
    0.13350243
   -0.22323294
    0.02675467
   -0.07911075
   -0.07300406
   -0.00470341
   -0.11021730
   -0.11852155
    0.05429709
    0.05452229
    0.08119239
    0.04714099
    0.05770547
    0.08260046
    0.04903577
    0.05196786
    0.04598100
    0.05653868
    0.05917856
    0.10318031
    0.09136498
   -0.00369395
    0.08069691
    0.06958007
    0.07243769
    0.05654149
    0.05514732
    0.04676192
    0.05977348
    0.05531935
    0.05676098
    0.08314319
    0.08250960
    0.04925297
    0.05282245
    0.04753444
    0.07722089
    0.07938608
    0.08180207
    0.04084068
    0.06957265
    0.03972860
    0.05265629
    0.07259900
    0.04307453
    0.05235026
    0.14187409
