           1           2   1.0701516491193441     
           2           3   2.5448536357939116     
           4           5   1.8118768835711518     
           4           6  0.15547878147236219     
           5           6   1.9906018579113074     
           6           7   1.3272872619220963     
           6           8  0.10586311054497427     
           7           8   1.6105600025131417     
           7           9  0.81990169101243904     
           9          10  0.96224496560133133     
           9          11   1.5029835006364276     
          11          12   1.0938385227756013     
          11          13   1.0981387063023347     
          12          13  0.84315594838933650     
          13          14  0.99999965814217850     
           1          15  0.92501029863972217     
           1          16  0.92537535139582716     
           1          17  0.90253473006745633     
           3          18  0.90233302665881221     
          10          19  0.96187054419209705     
          10          20  0.96202571937190429     
          10          21  0.97228479795549383     
          14          22  0.94372395156141931     
          14          23  0.97320620928154677     
          14          24  0.96610716283034104     
           4          25  0.91346375950746206     
