           1           2   2.1058800041090802     
           2           3   1.0449170094622282     
           3           4  0.96436276497629569     
           4           5   1.3697705841755774     
           5           6   1.4032675203880709     
           6           7   1.0960406043158559     
           7           8  0.97966341721081329     
           6           9   1.2264130607382084     
           9          10   1.1012362464628536     
          10          11  0.97799245536343238     
           9          12   1.3935325999846284     
           4          13   1.4208319571010208     
          12          13   1.4058318584653526     
           3          14  0.93825810469171156     
          14          15   1.0064554644942869     
          15          16   1.0069630791750788     
          16          17  0.94574198017319822     
          17          18  0.91667168030045976     
          18          19  0.99763832276949427     
          19          20  0.99988523663363327     
          20          21   1.4167625145091067     
          21          22   1.4133516093659042     
          22          23   1.3888357706006009     
          23          24   1.1033056727277688     
          24          25  0.97741189891742630     
          23          26   1.2281202552389689     
          26          27   1.0994030277852724     
          27          28  0.97891898036946012     
          20          29   1.3826370639263601     
          26          29   1.3957534660749529     
          17          30  0.93564395406139722     
           3          31  0.89507500451987965     
          31          32   1.0122482291272528     
          31          33   1.0144519094123987     
           5          34  0.95786132099935628     
           8          35  0.97413548727348909     
           8          36  0.97698271977041862     
           8          37  0.97406562194226476     
          11          38  0.97402268717716223     
          11          39  0.97727049241161001     
          11          40  0.97388422776334582     
          12          41  0.96346058440167526     
          13          42  0.95580913255849742     
          14          43  0.96553726611831547     
          14          44  0.97177340133285506     
          15          45  0.95913003721183432     
          15          46  0.97183434773117905     
          16          47  0.95203019160937230     
          16          48  0.97012019494016055     
          18          49  0.97166930279829422     
          18          50  0.96763704104470838     
          19          51  0.96701118621405013     
          19          52  0.97070872056029789     
          21          53  0.96867070384540233     
          22          54  0.96374562376399153     
          25          55  0.97383165957833195     
          25          56  0.97347668874985538     
          25          57  0.97715548313385614     
          28          58  0.97706679502178628     
          28          59  0.97385588102932330     
          28          60  0.97405172396491502     
          29          61  0.96202039011870044     
          17          62  0.91943852310086926     
          30          63  0.97847192010766793     
          30          64  0.97822778842270230     
          31          65  0.95300388900720900     
          32          66  0.98377734502753744     
          32          67  0.98254826817007446     
          32          68  0.98139796252180322     
          33          69  0.97686646277204547     
          33          70  0.98384478462585645     
          33          71  0.97818059274305036     
           1          72  0.91061261906976709     
