           1           2   1.9570339181028724     
           2           3  0.99475840470607402     
           3           4  0.96860809071155196     
           4           5   1.3683711598420616     
           5           6   1.4014773479055573     
           6           7   1.0999703211255016     
           7           8  0.97778348629509426     
           6           9   1.2215895573871378     
           9          10   1.1016757594610871     
          10          11  0.97754811933821784     
           9          12   1.3927037285897017     
           4          13   1.4145288901813875     
          12          13   1.4015569897857987     
           3          14  0.95767691496042495     
          14          15  0.98064141607972999     
          15          16   1.0596460070868159     
          16          17   1.4004373495493163     
          17          18  0.98815307801056640     
          18          19  0.96655571322845302     
          19          20   1.0076952807963049     
          20          21   1.4091335324336434     
          21          22   1.4169331467487458     
          22          23   1.3832511095865296     
          23          24   1.1105529863775780     
          24          25  0.97580159429893221     
          23          26   1.2194051733955336     
          26          27   1.1039168592087332     
          27          28  0.97848012588753830     
          20          29   1.3800949652812913     
          26          29   1.3949203529181433     
          17          30  0.99821624049582147     
           3          31  0.94271836772152540     
          31          32   1.0079977203152135     
          31          33   1.0089402560657850     
           5          34  0.95733955073381671     
           8          35  0.97352989322542971     
           8          36  0.97662950175992047     
           8          37  0.97333861694010615     
          11          38  0.97338334443773133     
          11          39  0.97687015177707825     
          11          40  0.97364380438651077     
          12          41  0.96379079930435818     
          13          42  0.96255604382406768     
          14          43  0.96879842636573166     
          14          44  0.97277715203278936     
          15          45  0.96179003775493699     
          15          46  0.92774774140249128     
           2          47  0.89712170061011587     
          16          48  0.95711227709811175     
          18          49  0.96385134011980267     
          18          50  0.96773235606878361     
          19          51  0.97176930402137229     
          19          52  0.97182690579910280     
          21          53  0.96810678152108276     
          22          54  0.96305711250052528     
          25          55  0.97254519518122140     
          25          56  0.97253782644420006     
          25          57  0.97671659731197291     
          28          58  0.97669600599403084     
          28          59  0.97337506444973954     
          28          60  0.97317636515203532     
          29          61  0.96246647916038741     
          30          62  0.96635769842361174     
          30          63  0.95986525423586833     
          30          64  0.97756994078276582     
          31          65  0.95966461761105937     
          32          66  0.97238973280928054     
          32          67  0.98202546495672693     
          32          68  0.98134575811038827     
          33          69  0.97806316007259708     
          33          70  0.98405661184909754     
          33          71  0.97992565870283044     
           1          72  0.94152774314148946     
