           1           2   1.9518643759264327     
           2           3  0.99173372815488536     
           3           4  0.97545295240168439     
           4           5   1.3723193109689291     
           5           6   1.3950038729606868     
           6           7   1.1042242732008185     
           7           8  0.97721087281762842     
           6           9   1.2151912488952470     
           9          10   1.1065258913651530     
          10          11  0.97686755895600708     
           9          12   1.3844549982091994     
           4          13   1.4022007558848772     
          12          13   1.4127133207555991     
           3          14  0.95088812935049816     
          14          15  0.99206945127701762     
          15          16   1.0042952562534613     
          16          17   1.8846815744715637     
          18          19   1.0303654305792045     
          18          20  0.82006401593658185     
          19          20  0.82311813476060480     
          20          21   1.1238746731161586     
          21          22   1.5734334724572392     
          22          23   1.2864881427484534     
          23          24   1.1651347825404346     
          24          25  0.96749051540180675     
          23          26   1.1531540837452814     
          26          27   1.1022284152044621     
          27          28  0.97455631292307709     
          20          29   1.1045909958923277     
          26          29   1.5282505164434357     
          17          30   1.0363290842988286     
           3          31  0.94256971887022412     
          31          32   1.0077442328122741     
          31          33   1.0079604331494620     
           5          34  0.95755274311505167     
           8          35  0.97255982488451576     
           8          36  0.97650979930000015     
           8          37  0.97254101290557105     
          11          38  0.97260113479984200     
          11          39  0.97672675182497259     
          11          40  0.97250678398308332     
          12          41  0.96314717828868845     
          13          42  0.96178302555457529     
          14          43  0.96618884576776420     
          14          44  0.97086470602991459     
          15          45  0.96171962804846167     
          15          46  0.94267746035424593     
           2          47  0.92004054436369598     
          16          48  0.94836933650827993     
          18          49  0.97498865517689270     
          18          50  0.97491038411022457     
          19          51  0.97336627920087182     
          19          52  0.97448550292595715     
          21          53  0.96603843595537864     
          22          54  0.95983371017024155     
          25          55  0.97090003466174912     
          25          56  0.97090324095675429     
          25          57  0.97569946113467054     
          28          58  0.97636445564262553     
          28          59  0.97379247029853699     
          28          60  0.97408249960079374     
          29          61  0.96106397015084311     
          30          62  0.95793957405344543     
          30          63  0.96188442433440224     
          30          64  0.97262411390082992     
          31          65  0.95777955109119972     
          32          66  0.97277590984276341     
          32          67  0.98092231427192644     
          32          68  0.98072388075394512     
          33          69  0.97164105142403578     
          33          70  0.98171202315447492     
          33          71  0.97871894437873175     
           1          72  0.94028036528472825     
