           1           2  0.98227166023663548     
           2           3   1.4294863166979339     
           3           4   1.2838965199279533     
           4           5   1.1875187737649817     
           2           6   1.1739352697897034     
           5           6   1.3581779922028991     
           6           7   1.0490673793960354     
           7           8   1.7022747396331597     
           7           9   1.1208722293205766     
           8           9  0.16055085242274442     
           9          10  0.96485261965720825     
           9          11   1.1202694033216953     
           9          12  0.13845346980514961     
          11          12   1.7233479660615156     
           5          13   1.2274205281141397     
          11          13   1.0249856219283204     
          12          13  0.12446420931028571     
          13          14  0.97275748183273203     
           1          15  0.95432663450160327     
           1          16  0.96271681923112373     
           1          17  0.95923798241099711     
           3          18  0.95064152841567973     
          10          19  0.97012380600225190     
          10          20  0.96800834265138769     
          10          21  0.96809404632208695     
          14          22  0.97222915931617149     
          14          23  0.97203489163520906     
          14          24  0.96359209779670585     
           4          25  0.91720238785452990     
