           1           2   1.3476342324127231     
           1           3  0.16183832023513617     
           2           3   1.2322109202813516     
           3           4   1.1763010628476271     
           4           5   1.2609889855716114     
           2           6   1.0641658427676057     
           5           6   1.2335686329640669     
           6           7   1.3075335380011537     
           7           8   1.1605788395333199     
           7           9   1.1627918396335861     
           9          10  0.97660615094722314     
           9          11   1.0644348542495834     
           9          12  0.12744778078903529     
          11          12   1.6976277558503119     
           5          13   1.1617534745084732     
          11          13   1.0907633858287111     
          12          13  0.13388598460490331     
          13          14  0.97405136186664321     
           1          15  0.96833178970022082     
           1          16  0.97015210214664027     
           8          17  0.83578965210674816     
           3          18  0.95980831300892444     
          10          19  0.96735703973986165     
          10          20  0.96721863020864285     
          10          21  0.95856591868191443     
          14          22  0.97049158913599598     
          14          23  0.97099743055246135     
          14          24  0.96590418941395728     
           4          25  0.92393109120508410     
