           1           2  0.98604637956305496     
           2           3   1.3790870777590110     
           3           4   1.2667476497246706     
           4           5   1.1937409558147856     
           2           6   1.1464521733503614     
           5           6   1.3280686927984102     
           6           7   1.1160362201654255     
           7           8   1.6737332459766889     
           7           9  0.98698866097413240     
           8           9  0.10742441082706283     
           9          10   1.3456184461416456     
           9          11   1.0141595569222261     
          11          12   1.7088998226881085     
           5          13   1.1903426721008359     
          11          13   1.0870581287531136     
          12          13  0.13466829102738831     
          13          14  0.97065482262029412     
           1          15  0.95722542023960122     
           1          16  0.96252046135196756     
           1          17  0.96167536886345439     
           3          18  0.95317906895068039     
          10          19  0.95601701114826776     
          10          20  0.96004365108079914     
          14          22  0.97205792516039224     
          14          23  0.97089336357748035     
          14          24  0.96472234473863239     
           4          25  0.91904147575708772     
