           1           2  0.99101400625480118     
           2           3   1.2999720218121287     
           3           4   1.2599419590206768     
           4           5   1.1993087837430643     
           2           6   1.1326122171580202     
           5           6   1.2658214522084836     
           6           7   1.2793856831572383     
           7           8   1.0976778740452191     
           7           9   1.1324502025787069     
           7          10  0.13083107312109532     
           9          10   1.3034019251053184     
           9          11  0.98307858499183098     
          11          12   1.6996706430040684     
           5          13   1.1601240152909680     
          11          13   1.1165169175132164     
          12          13  0.14641777863488992     
          13          14  0.97209462254880485     
           1          15  0.96007687941950048     
           1          16  0.96945044839899941     
           1          17  0.96729027535058587     
           3          18  0.95696679679321717     
           8          19  0.83651724192330001     
          10          20  0.95833923181393055     
          10          21  0.96344422861827306     
          14          22  0.97148922181088881     
          14          23  0.97182952452755278     
          14          24  0.96587581506602305     
           4          25  0.92198215945226591     
