           1           2  0.99044852603568267     
           2           3   1.4042317361403887     
           3           4   1.2702646068771690     
           4           5   1.1893473813987954     
           2           6   1.1619870532719045     
           5           6   1.3553746192463576     
           6           7   1.0590716453428599     
           7           8   1.6955137819071311     
           7           9   1.1068608096378822     
           8           9  0.15129606100333778     
           9          10  0.96797590071298845     
           9          11   1.1232788043242035     
           9          12  0.13568807309840164     
          11          12   1.7139515285129505     
           5          13   1.2212412936908070     
          11          13   1.0288603965885030     
          12          13  0.12165655228880042     
          13          14  0.97402235987237029     
           1          15  0.94817806592470055     
           1          16  0.97173683221615093     
           1          17  0.95598792452840931     
           3          18  0.95163762735550284     
          10          19  0.96793068597098553     
          10          20  0.96369357717996906     
          10          21  0.96324740177035117     
          14          22  0.97106502051376409     
          14          23  0.97019297734995102     
          14          24  0.96311844950346082     
           4          25  0.91805440114495718     
