   -0.26694851
    0.10110917
    0.00643999
    0.00303055
   -0.07946194
    0.12925526
   -0.23013093
    0.02758973
    0.12869178
   -0.22827281
    0.02675170
   -0.07457477
   -0.05352925
   -0.06570053
   -0.06893599
    0.00739927
    0.00928752
   -0.01633419
   -0.07035825
   -0.00026749
   -0.04882386
   -0.06746561
    0.13351468
   -0.22159738
    0.02489897
    0.13312252
   -0.22443864
    0.02710550
   -0.07945886
   -0.07001870
   -0.00690863
   -0.11971150
   -0.11763913
    0.05171810
    0.05391993
    0.08122103
    0.04726536
    0.05534792
    0.08122179
    0.04794441
    0.05219746
    0.03967422
    0.05941491
    0.05346623
    0.06551961
    0.07927765
    0.00883995
    0.06924197
    0.06716539
    0.06714958
    0.05492486
    0.05561950
    0.04496789
    0.05856619
    0.05419841
    0.05608678
    0.08247005
    0.08197610
    0.04861613
    0.05263097
    0.04723859
    0.07589519
    0.07930515
    0.07953851
    0.03822740
    0.07181845
    0.03644212
    0.05091200
    0.03382066
    0.05497415
    0.05607582
    0.15748989
