           1           2   1.9578000941905902     
           2           3  0.99485601428254133     
           3           4  0.96657273932318633     
           4           5   1.3694537861094684     
           5           6   1.4000961956805702     
           6           7   1.0990698517389461     
           7           8  0.97790784904448469     
           6           9   1.2221873652773001     
           9          10   1.1018851990145588     
          10          11  0.97745875950506078     
           9          12   1.3916454531651041     
           4          13   1.4128893649572352     
          12          13   1.4041941477080282     
           3          14  0.96143087553054407     
          14          15  0.98117081318464361     
          15          16   1.0578815427042827     
          16          17   1.3964126415200382     
          17          18  0.98828157919691328     
          18          19  0.96622530920298433     
          19          20   1.0078138723180929     
          20          21   1.4089917788295740     
          21          22   1.4169355848041703     
          22          23   1.3832890745387252     
          23          24   1.1105521475182760     
          24          25  0.97583455463882607     
          23          26   1.2192484607052501     
          26          27   1.1039681202900546     
          27          28  0.97845388339064499     
          20          29   1.3800516232113622     
          26          29   1.3949557676708091     
          17          30  0.99846489032903873     
           3          31  0.93987107919445434     
          31          32   1.0085260623604602     
          31          33   1.0092066565576534     
           5          34  0.95842766349695707     
           8          35  0.97365867341758872     
           8          36  0.97657668579996004     
           8          37  0.97341065950705608     
          11          38  0.97328850312515103     
          11          39  0.97689411992483755     
          11          40  0.97369074037997982     
          12          41  0.96366379296705995     
          13          42  0.96246055622497195     
          14          43  0.96907046153796539     
          14          44  0.97203179029696130     
          15          45  0.96213658252203171     
          15          46  0.92811333559260656     
           2          47  0.89084320577095855     
          16          48  0.95706871537543947     
          18          49  0.96428526659844549     
          18          50  0.96763867074015164     
          19          51  0.97173245482910298     
          19          52  0.97195166980612013     
          21          53  0.96811712553694540     
          22          54  0.96307376510117093     
          25          55  0.97265402389793210     
          25          56  0.97243845331055478     
          25          57  0.97672289036699733     
          28          58  0.97669548422879127     
          28          59  0.97336437349872695     
          28          60  0.97317339546957282     
          29          61  0.96248092001258867     
          30          62  0.96626862509484068     
          30          63  0.96145391555463466     
          30          64  0.97751976994063705     
          31          65  0.96106212007914871     
          32          66  0.97287697436313292     
          32          67  0.98176204388798105     
          32          68  0.98103131559606926     
          33          69  0.98285601616780982     
          33          70  0.98006643318587350     
          33          71  0.97896904418664765     
           1          72  0.94126172281301201     
