           1           2  0.99493831178349446     
           2           3   1.2328631977934168     
           3           4   1.5194635811436303     
           4           5   1.2542927514403386     
           2           6   1.2552222459650371     
           5           6   1.2304692915149165     
           6           7   1.0622266404889145     
           7           8   1.6929228055206171     
           7           9   1.1034596341514222     
           8           9  0.13697963944852815     
           9          10  0.97200391062415969     
           9          11   1.1231657139342612     
           9          12  0.12771132051175765     
          11          12   1.7054280676711342     
           5          13   1.2379368423502120     
          11          13   1.0347348948931556     
          13          14  0.98866089050101524     
           1          15  0.94777949175454212     
           1          16  0.95763385397196121     
           1          17  0.96378487394457990     
           3          18  0.95501524503115098     
          10          19  0.96717516391264691     
          10          20  0.95334357674218495     
          10          21  0.95364238196757389     
          14          22  0.94481133578131238     
          14          23  0.94418111245846337     
          14          24  0.95942512292359605     
