           1           2   1.9427272732108465     
           2           3  0.94754956986868688     
           3           4  0.94471115146836315     
           4           5   1.1911570086034327     
           5           6   1.6329250033520384     
           6           7   1.1236334893520359     
           7           8  0.97478143696534170     
           9          10   1.2608352306701531     
          10          11  0.92439123845642679     
           9          12   1.5462847942620355     
           4          13   1.5380367738166916     
          12          13   1.2360765591287994     
           3          14  0.95351367339830340     
          14          15  0.98721616254809585     
          15          16   1.0576453798285939     
          16          17   1.3838516865655970     
          17          18  0.99054963060641776     
          18          19  0.96606789809454752     
          19          20   1.0078765106604186     
          20          21   1.4158342350505122     
          21          22   1.4128566604803454     
          22          23   1.3890684625745535     
          23          24   1.1027187230653763     
          24          25  0.97760786414508727     
          23          26   1.2258749408441825     
          26          27   1.0965988352252638     
          27          28  0.98019537726787609     
          20          29   1.3765976100050734     
          26          29   1.4001341997115979     
          17          30  0.99881439602294897     
           3          31   1.0128517749916470     
          31          32   1.0906503146682243     
          31          33   1.0728502587357749     
           5          34  0.89249500512159607     
           8          35  0.97614074755547409     
           8          36  0.97347077820022365     
           8          37  0.97797341789266468     
          11          38  0.97711819881326334     
          11          39  0.97957657646810548     
          11          40  0.97308198145536362     
          12          41  0.91439437904491983     
          13          42  0.95724897078806248     
          14          43  0.96775901892027960     
          14          44  0.97414226867281850     
          15          45  0.95882169895661162     
          15          46  0.92825674623347099     
           2          47  0.90903133877956133     
          16          48  0.95769275020392797     
          18          49  0.96414624586896092     
          18          50  0.96839886767673888     
          19          51  0.97241891161163319     
          19          52  0.97167529635414207     
          21          53  0.96849354902941420     
          22          54  0.96359350767633878     
          25          55  0.97352563643572920     
          25          56  0.97344270344640194     
          25          57  0.97721540933680651     
          28          58  0.97715831194484792     
          28          59  0.97410990819166821     
          28          60  0.97390858081424736     
          29          61  0.96277718615335772     
          30          62  0.96655651627774120     
          30          63  0.95628435583703197     
          30          64  0.97807498501823420     
           6          65  0.92434899624532674     
          32          66  0.90193294128949253     
          32          67  0.96128281647924685     
          32          68  0.97352697387374509     
          33          69  0.92773692150793408     
          33          70  0.96194116198088631     
          33          71  0.97676202243482080     
           1          72  0.94184809429658289     
