   -0.28919830
    0.12900176
   -0.00237311
    0.03096778
   -0.07439003
    0.14323061
   -0.23494417
    0.02409407
    0.14545527
   -0.24525479
    0.02794102
   -0.11871731
   -0.06350124
   -0.06654410
   -0.06631672
   -0.00613413
   -0.09299944
   -0.00183385
   -0.07229271
    0.01206310
   -0.04207324
   -0.06399515
    0.13679303
   -0.21085803
    0.02207325
    0.13679040
   -0.21460003
    0.02429442
   -0.07557771
   -0.04922810
   -0.00775427
   -0.10868243
   -0.11888955
    0.06526112
    0.06204461
    0.08733026
    0.05768217
    0.07041015
    0.06228547
    0.05847763
    0.09515726
    0.05983215
    0.05144315
    0.06400070
    0.04169244
    0.05446639
    0.04437731
    0.05619587
    0.04622399
    0.05412110
    0.06123878
    0.05734095
    0.05680238
    0.06360152
    0.05993277
    0.06102771
    0.08619664
    0.08523985
    0.05464294
    0.05755719
    0.05457387
    0.05889500
    0.04482066
    0.06151621
    0.03730317
    0.04589574
    0.03503297
    0.05219862
    0.06606045
    0.04467321
    0.05462240
    0.16327892
