           1           2   1.7913288303716386     
           2           3   1.5075629453487065     
           2           4  0.12169337188785072     
           3           4   1.3005216171396270     
           4           5   1.1287284372025055     
           5           6   1.5608374382852492     
           6           7  0.96932996149521133     
           7           8   1.7198574061303760     
           7           9   1.1484964542590501     
           8           9  0.14427476137511622     
           9          10  0.97978097180582635     
           9          11   1.0890341446227025     
           9          12  0.11178036217309470     
          11          12   1.7141508962883707     
           6          13   1.1678635175733816     
          11          13   1.0538966189375230     
          12          13  0.11329189092173916     
          13          14  0.99153750888426551     
           1          15  0.92352324219845161     
           1          16  0.93359885257494635     
           5          17  0.94807420142958265     
           3          18  0.91606722403732288     
          10          19  0.97056580998844855     
          10          20  0.95864345806919105     
          10          21  0.96514601919327725     
          14          22  0.96645903844435499     
          14          23  0.96625722178869200     
          14          24  0.96417675865088470     
           4          25  0.91215829989743380     
