           2           3   1.4931887869423943     
           2           4   1.1760487013800780     
           3           4  0.16167919243886061     
           4           5   1.3891287666301129     
           1           6   1.6350953549549800     
           5           6   1.1007125101965545     
           6           7  0.99879861665687564     
           7           8   1.6923579367035377     
           7           9   1.1161685820806182     
           8           9  0.11590119618982626     
           9          10  0.97694432004237131     
           9          11   1.1053465131907028     
           9          12  0.10776154250907721     
          11          12   1.6637239762703819     
           5          13   1.1888213874389113     
          11          13   1.0784924596698406     
          12          13  0.10150855192553103     
          13          14  0.97990501808617325     
           3          15  0.96087739704724429     
           1          16  0.96408547480971019     
           1          17  0.95339597612607319     
           3          18  0.96038607030299639     
          10          19  0.95288950464542999     
          10          20  0.94499192053080028     
          10          21  0.94201913693948569     
          14          22  0.95093663299222253     
          14          23  0.95158627501270698     
          14          24  0.95365816931867242     
           2          25  0.90151771328219799     
