           2           3   1.5583323254849728     
           3           4   1.2119467892371496     
           4           5   1.2239190255493799     
           2           6   1.2719201938776026     
           5           6   1.2741103182907432     
           6           7   1.0698822358058004     
           7           8   1.6740634636261711     
           7           9   1.0984437980361110     
           8           9  0.12674301902576532     
           9          10  0.97545603196677755     
           9          11   1.1213281708723033     
           9          12  0.12292045663897061     
          11          12   1.6862029703594554     
           5          13   1.2126955444308822     
          11          13   1.0532664375350278     
          12          13  0.10825639329941826     
          13          14  0.97751322036301391     
           1          15  0.97811871982457921     
           1          16  0.97828524075551171     
           1          17  0.96107260535678130     
           3          18  0.95444010804157653     
          10          19  0.96400728945218417     
          10          20  0.95388783013850964     
          10          21  0.95139593887338758     
          14          22  0.96296952619749354     
          14          23  0.96158661596622541     
          14          24  0.96236935487447328     
           4          25  0.92396922991168939     
