           1           2   2.0446401887949266     
           1           3  0.14144503158154301     
           2           3   1.7188926734700196     
           4           5   1.1001596787218682     
           5           6   1.5211840215563515     
           6           7   1.0858870654965445     
           7           8  0.97658448653551611     
           6           9   1.1365914548082616     
           9          10   1.1501830503564927     
          10          11  0.96905413180595068     
           4          12  0.91532623660769230     
           5          12  0.10470454089596941     
           9          12   1.3858945183627243     
           4          13  0.84858710579682972     
          12          13   1.0355862452096658     
           3          14  0.97801413612111199     
          14          15  0.99565693235109476     
          15          16   1.0055339385460622     
          16          17  0.98394102744085299     
          17          18  0.98741090314459090     
          18          19  0.96656974382791527     
          19          20   1.0086203919375081     
          20          21   1.4147862816430823     
          21          22   1.4122816869021593     
          22          23   1.3868846775835491     
          23          24   1.1091815478932927     
          24          25  0.97608190625385338     
          23          26   1.2185604592807631     
          26          27   1.1015408050516766     
          27          28  0.97922391213269167     
          20          29   1.3741417911497549     
          26          29   1.4003796156319117     
          17          30   1.4365942943173344     
           3          31  0.95350313412438747     
          31          32   1.0086235872709517     
          31          33  0.99010915532542509     
           5          34  0.96388648503439700     
           8          35  0.97510551950798341     
           8          36  0.97822748342623456     
           8          37  0.97462962234654471     
          11          38  0.96984198678450517     
          11          39  0.97799584464150435     
          11          40  0.97356741322076246     
           4          41  0.94994086613236117     
          13          42  0.97004722614048644     
          14          43  0.96984348398256137     
          14          44  0.96089285406394043     
          15          45  0.96134439730749843     
          15          46  0.97359050084548304     
          16          47  0.94365882597429884     
          16          48  0.95905320957581441     
          18          49  0.96484998480242090     
          18          50  0.96903515312247501     
          19          51  0.97327584572001824     
          19          52  0.96774348918995623     
          21          53  0.96770939212363893     
          22          54  0.96310425141266653     
          25          55  0.97272805659557704     
          25          56  0.97271189788155821     
          25          57  0.97682669880617290     
          28          58  0.97678641099427321     
          28          59  0.97375439145003906     
          28          60  0.97323443278329758     
          29          61  0.96253254565887203     
          30          62  0.96654009523072948     
          13          63  0.95706238661006282     
          30          64  0.97088444998921097     
          31          65  0.95523320221757679     
          32          66  0.98451770943837902     
          32          67  0.98406477191256203     
          32          68  0.98360846606047991     
          33          69  0.98598026930305194     
          33          70  0.98511570709374807     
          33          71  0.98022253532160453     
           1          72  0.90942870668869924     
