           1           2   1.6587338151015778     
           2           3   1.2738352878899981     
           3           4   1.1731469340192708     
           4           5   1.2999772481445115     
           5           6   1.4294524619988427     
           6           7   1.0961888340125201     
           7           8  0.97824801151557961     
           6           9   1.2061733776389241     
           9          10   1.1145072399087166     
          10          11  0.97568330058051345     
           9          12   1.3597674961590158     
           4          13   1.3138267585822376     
          12          13   1.4550664408698015     
          14          15   1.0879783701672949     
          15          16   1.0709311259901080     
          16          17   1.4253836736164553     
          17          18  0.98730855250688088     
          18          19  0.96581048756699506     
          19          20   1.0080899956158516     
          20          21   1.4053004396831570     
          21          22   1.4199568765252630     
          22          23   1.3806440889256544     
          23          24   1.1121907136641669     
          24          25  0.97541694056110406     
          23          26   1.2189940165912536     
          26          27   1.1052556095156882     
          27          28  0.97818026224342680     
          20          29   1.3827951278603152     
          26          29   1.3922651544110765     
          17          30   1.0014177024597386     
           3          31   1.0071489634314943     
          31          32  0.96166981776252025     
          31          33   1.0017927248885365     
           5          34  0.95621478742724442     
           8          35  0.97382216344857597     
           8          36  0.97661861429575769     
           8          37  0.97344724535067484     
          11          38  0.97226182934842942     
          11          39  0.97676764066988575     
          11          40  0.97309826185925741     
          12          41  0.96224690700596094     
          13          42  0.96428143989999304     
          14          43  0.98145910193363706     
          14          44  0.98044021951644666     
          15          45  0.85776139812868424     
          15          46  0.90905572306429405     
           2          47  0.92776950713640205     
          16          48  0.95615770247576748     
          18          49  0.96431823934749317     
          18          50  0.96700147285122329     
          19          51  0.97023936691646706     
          19          52  0.97286922014691146     
          21          53  0.96797267535934783     
          22          54  0.96287559367064024     
          25          55  0.97241997838135930     
          25          56  0.97222591470893061     
          25          57  0.97663018383039690     
          28          58  0.97661102370851816     
          28          59  0.97316948955734461     
          28          60  0.97304673419148924     
          29          61  0.96232323437985734     
          30          62  0.96209438032029360     
          30          63  0.96080196725050981     
          30          64  0.97813126168656594     
          31          65  0.95298938447934434     
          32          66  0.98254932060118061     
          32          67  0.98510364190344579     
          32          68  0.97787487822906682     
          33          69  0.96225107635543194     
          33          70  0.93166137125842385     
          33          71  0.97887768573929645     
           1          72  0.95070598421504993     
