   -0.07472945
    0.01538176
    0.01444704
   -0.00014554
   -0.07936793
    0.12983925
   -0.23105508
    0.02788561
    0.13072782
   -0.22858713
    0.02697654
   -0.07156597
   -0.05190252
   -0.06541283
   -0.07248915
   -0.00102839
   -0.12483283
    0.00288796
   -0.07251577
    0.00727196
   -0.04685634
   -0.06719148
    0.13155331
   -0.22450334
    0.02672031
    0.13239000
   -0.22665744
    0.02812282
   -0.07732429
   -0.04441356
   -0.02187629
   -0.11656198
   -0.01316060
    0.05020013
    0.04947881
    0.08034789
    0.04826606
    0.05286254
    0.08009191
    0.04968167
    0.05296276
    0.03593541
    0.05723660
    0.04322863
    0.05682965
    0.05721365
    0.06641396
    0.04675633
    0.03152744
    0.04273385
    0.05900285
    0.05415885
    0.04750309
    0.05579994
    0.05171015
    0.05512322
    0.07976497
    0.07942468
    0.04850908
    0.05276269
    0.04882683
    0.05356813
    0.02920523
    0.05695636
    0.05634984
    0.04646966
    0.05605567
    0.05487581
    0.07535034
    0.06619051
    0.02329689
    0.18530147
