           1           2   1.3899683029140888     
           2           3   1.0289735483712190     
           3           4  0.98119509663296967     
           4           5   1.3648090485060060     
           5           6   1.4059710131312493     
           6           7   1.0967932201168473     
           7           8  0.97932545170832952     
           6           9   1.2238548826209903     
           9          10   1.1023320048591634     
          10          11  0.97766395766217173     
           9          12   1.3946859631260276     
           4          13   1.4234290284631832     
          12          13   1.4045214926468546     
           3          14  0.93240050989760714     
          14          15   1.0095763608235007     
          15          16   1.0012692574426736     
          16          17   1.0108263428019475     
          17          18   1.0037316203180973     
          18          19  0.97129879665259944     
          19          20   1.0147398923230604     
          20          21   1.3996774747545802     
          21          22   1.4207968322566162     
          22          23   1.3812392391405846     
          23          24   1.1035446236784827     
          24          25  0.97815756924730168     
          23          26   1.2203802683656031     
          26          27   1.1000110707581006     
          27          28  0.97934629634345505     
          20          29   1.3821025492173380     
          26          29   1.3935244062944525     
          17          30   1.0158247882465523     
           3          31  0.94159183396302326     
          31          32   1.0130842507366600     
           1          33  0.99347833097290728     
          31          33  0.98883301774878707     
           5          34  0.95879987048055937     
           8          35  0.97387568678213876     
           8          36  0.97685776021242110     
           8          37  0.97393406665099203     
          11          38  0.97356637804670054     
          11          39  0.97717732991647976     
          11          40  0.97408237007482146     
          12          41  0.96379135202612121     
          13          42  0.96344681764474527     
          14          43  0.96583463047490736     
          14          44  0.97456518087548527     
          15          45  0.96452759414546674     
          15          46  0.97090223341574811     
           2          47  0.95483231691816695     
          16          48  0.96910052963056437     
          18          49  0.96296142448163979     
          18          50  0.97202842099615594     
          19          51  0.96926788883011294     
          19          52  0.96951156876693712     
          21          53  0.96789109174132182     
          22          54  0.96315566714724343     
          25          55  0.97292757154485665     
          25          56  0.97210211154325044     
          25          57  0.97698159944305518     
          28          58  0.97706828543195967     
          28          59  0.97310709709351473     
          28          60  0.97315143327448161     
          29          61  0.96182582955599549     
          30          62  0.97413441029612313     
          30          63  0.96853261144441283     
          30          64  0.97906707423808259     
          31          65  0.96720888781709169     
          32          66  0.98566738986534541     
          32          67  0.98044771390176855     
          32          68  0.98169419206122543     
          33          69  0.96281459914369649     
          33          70  0.95571863511245803     
          16          71  0.93208667516670529     
           1          72  0.93759445090755000     
