   -0.26624226
    0.10245348
    0.00561381
    0.01026612
   -0.07645171
    0.15003575
   -0.24318000
    0.03011670
   -0.05426673
   -0.27888465
    0.18000067
   -0.03029304
   -0.05253908
   -0.06348429
   -0.06921560
    0.00950872
    0.01560642
   -0.01709187
   -0.07053612
    0.00030073
   -0.04849673
   -0.06724281
    0.13391893
   -0.22041053
    0.02455845
    0.13363312
   -0.22317657
    0.02655823
   -0.07912233
   -0.07268281
   -0.00665416
   -0.11799984
   -0.11861682
    0.04381471
    0.05165857
    0.07765148
    0.04476960
    0.08106939
    0.05391038
    0.05089156
    0.05161561
    0.03316578
    0.06084706
    0.05292460
    0.06764935
    0.08042598
    0.00586330
    0.07022267
    0.06934470
    0.06761921
    0.05525577
    0.05684242
    0.04543563
    0.05905992
    0.05478743
    0.05656368
    0.08297025
    0.08250166
    0.04977318
    0.05328388
    0.04848764
    0.07758404
    0.08424302
    0.08168967
    0.03754355
    0.06874145
    0.03711099
    0.05087949
    0.06062243
    0.03467611
    0.05482159
    0.15769908
