           1           2   1.5138926929288505     
           2           3   1.0272293711099203     
           3           4   1.9038987515083274     
           2           6   1.0467694177814302     
           5           6   1.5167861086351202     
           6           7   1.0407188394340794     
           7           8   1.6730311948629049     
           7           9   1.1335272256827047     
           8           9  0.13876346008144813     
           9          10  0.97081154525183244     
           9          11   1.1129982263684366     
           9          12  0.13107376572324636     
          11          12   1.7041497796380320     
           5          13   1.2885691483977402     
          11          13   1.0495700098530429     
          12          13  0.10828927307111538     
          13          14  0.97775367047392936     
           1          15  0.94857033842971583     
           4          16  0.92184173507114597     
           1          17  0.95192770918781811     
           3          18  0.92615682768605956     
          10          19  0.96522745664863530     
          10          20  0.95698421192579508     
          10          21  0.95400733987059350     
          14          22  0.96192641964579917     
          14          23  0.96260385053322417     
          14          24  0.96298419589269924     
           5          25  0.94864494867729943     
