           1           2  0.98211885304851343     
           2           3   1.4296504917941704     
           3           4   1.2841047180005114     
           4           5   1.1871755747415644     
           2           6   1.1746350060070043     
           5           6   1.3573980248532505     
           6           7   1.0485633115750059     
           7           8   1.7031434566985300     
           7           9   1.1205507977863112     
           8           9  0.16069221435092990     
           9          10  0.96450840885108613     
           9          11   1.1208888105099422     
           9          12  0.13867972022907404     
          11          12   1.7238186332164342     
           5          13   1.2283976372283045     
          11          13   1.0237760369992615     
          12          13  0.12439907623443594     
          13          14  0.97311596581077142     
           1          15  0.95423904899967726     
           1          16  0.96290286147385618     
           1          17  0.95922311089635004     
           3          18  0.95076351004499982     
          10          19  0.97018169011265920     
          10          20  0.96820398231485916     
          10          21  0.96827154445104668     
          14          22  0.97213301899644855     
          14          23  0.97197200334165534     
          14          24  0.96345930935982216     
           4          25  0.91705665563241145     
