           1           2  0.99990410070397273     
           2           3   1.3578718166972228     
           3           4   1.2811202059520967     
           4           5   1.1976814893358463     
           2           6   1.1574186178367802     
           5           6   1.3105288278706908     
           6           7   1.0837778032546785     
           7           8   1.6575402241138482     
           7           9   1.0838224369374523     
           8           9  0.11915178585818513     
           9          10  0.97902148339697037     
           9          11   1.1174943992230173     
           9          12  0.11731715649329175     
          11          12   1.6740192556633153     
           5          13   1.1974789483648012     
          11          13   1.0579295319979729     
          12          13  0.10726966088610418     
          13          14  0.97864465093525910     
           1          15  0.93806744678151677     
           1          16  0.94679015632661345     
           1          17  0.95035392077281655     
          10          19  0.95083265995902411     
          10          20  0.94031881001150230     
          10          21  0.94074441352006088     
          14          22  0.95734967853234787     
          14          23  0.95703997061356305     
          14          24  0.95645369746346764     
           4          25  0.91772075752958859     
