   -0.28073415
    0.10045874
    0.00619402
   -0.00330448
   -0.08186558
    0.12867806
   -0.23111611
    0.02811391
    0.12886473
   -0.22849673
    0.02662737
   -0.07458074
   -0.05376104
   -0.06390555
   -0.07844500
    0.06958942
    0.00665547
   -0.01781171
   -0.06302045
    0.01295564
   -0.12690836
   -0.10861342
    0.13807790
   -0.21066004
    0.02432351
    0.13785209
   -0.21003135
    0.02258013
   -0.10250138
   -0.07113280
   -0.00712121
   -0.11486260
   -0.12263311
    0.05058993
    0.05327602
    0.08117644
    0.04618164
    0.05560898
    0.08127979
    0.04910666
    0.05272440
    0.04099526
    0.06221313
    0.06236836
    0.06657160
    0.07797964
   -0.00233138
    0.07611339
    0.07244175
    0.07816282
    0.08144495
    0.04947045
    0.07860254
    0.03569163
    0.05588061
    0.05405782
    0.08360818
    0.08371580
    0.05878905
    0.05833427
    0.04958526
    0.07494081
    0.07704739
    0.08435803
    0.03662601
    0.05857936
    0.03470767
    0.05059406
    0.07001472
    0.03543227
    0.05436754
    0.15022795
