           1           2   1.9478470270982871     
           2           3  0.99416412243846564     
           3           4  0.98213092010466474     
           4           5   1.3690037568752063     
           5           6   1.4011243920457241     
           6           7   1.0976079446899434     
           7           8  0.97832442607330650     
           6           9   1.2222641335325397     
           9          10   1.1028652545109310     
          10          11  0.97676976011953787     
           9          12   1.3908266176581507     
           4          13   1.4096109571342237     
          12          13   1.4031505860336393     
           3          14  0.95088060788947670     
          14          15  0.97217930934081598     
          15          16   1.0415404008300819     
          16          17   1.4241384368869958     
          17          18  0.96604799267439567     
          18          19   1.0089967322363140     
          19          20   1.6453316825952249     
          16          21   1.0482720161396566     
          20          22   1.1163163764284407     
          22          23   1.5431022597272133     
          22          24  0.10209661110652243     
          23          24   1.1358627926576668     
          24          25  0.97097640902831794     
          23          26   1.0387611807521764     
          26          27   1.1364724057465387     
          27          28  0.96911189190741831     
          20          29   1.1090407957583142     
          26          29   1.5461132419568491     
          27          29  0.10116698236487114     
          17          30  0.99570843049492275     
           3          31  0.93934324841983718     
          31          32   1.0089004243821407     
          31          33   1.0078024608486562     
           5          34  0.95719879266475294     
           8          35  0.97373839715777966     
           8          36  0.97659341814950429     
           8          37  0.97335409499091241     
          11          38  0.97331930946782030     
          11          39  0.97693394221839747     
          11          40  0.97349270477868433     
          12          41  0.96368596351316904     
          13          42  0.96308585732095253     
          14          43  0.96454308037538294     
          14          44  0.96956346706314822     
          15          45  0.96212345711748282     
          15          46  0.93989919123055654     
           2          47  0.92984708534635674     
          21          48  0.94773387132432152     
          18          49  0.94425615763438109     
          18          50  0.95960379925711958     
          21          51  0.95671727543968310     
          19          52  0.96348362365932305     
          21          53  0.97481695267956292     
          22          54  0.96744941070368695     
          25          55  0.97406434844492562     
          25          56  0.97394906886958288     
          25          57  0.97812899843158652     
          28          58  0.97816062804109793     
          28          59  0.97352995793242258     
          28          60  0.97330603622153544     
          29          61  0.96927002162685982     
          30          62  0.96860910476797057     
          30          63  0.95764180664069709     
          30          64  0.97576428388209080     
          31          65  0.96147467736791237     
          32          66  0.97854319554081481     
          32          67  0.98145233016868294     
          32          68  0.98196739511858389     
          33          69  0.97335250923679451     
          33          70  0.98283913375112442     
          33          71  0.97939123129163619     
           1          72  0.94521082137710444     
