           1           2  0.98538808051353333     
           2           3   1.3899584741191724     
           3           4   1.3218260140366893     
           4           5   1.1899504950993154     
           2           6   1.1950216413269210     
           5           6   1.4575689107008929     
           6           7  0.96684681368462200     
           7           8   1.6432433832475448     
           7           9   1.2672672859977159     
           8           9  0.22731832881321951     
           9          10  0.99268627463403392     
           9          12  0.87241986123300319     
          11          12   1.0780788660484482     
           5          13   1.0578222583730712     
          11          13   1.2312039023517487     
          11          14  0.37086079549377216     
          13          14   1.3295383249530315     
           1          15  0.94700912826623651     
           1          16  0.97360103146265631     
           1          17  0.95207894873822840     
           3          18  0.94996403384756178     
          10          19  0.95729213148729819     
          10          20  0.96644765555258094     
          10          21  0.96650093189202779     
          14          22  0.97096441311912429     
          14          23  0.97239756149687251     
          11          24  0.95157673245242957     
           4          25  0.91105441394389541     
