           1           2   1.0988030176684438     
           3           4   1.5605721734805187     
           4           5   1.1067474560090809     
           2           6   1.4921807362400035     
           5           6   1.2145412052351972     
           6           7  0.96592604309640862     
           7           8   1.6603869229138284     
           7           9   1.1361195557741521     
           8           9  0.12078365582493454     
           9          10  0.96974894399128375     
           9          11   1.1040912522457975     
           9          12  0.11126032402477389     
          11          12   1.6642718484817802     
           5          13   1.1872144533563520     
          11          13   1.0712904282105851     
          12          13  0.10770872593111085     
          13          14  0.97881154089321565     
           1          15  0.90760232892889348     
           1          16  0.91596853863396221     
           1          17  0.87527258689006349     
           3          18  0.87691664782053391     
          10          19  0.95670626632488243     
          10          20  0.94701444189934403     
          10          21  0.94705017662906377     
          14          22  0.95748487832336204     
          14          23  0.95737844337643607     
          14          24  0.95055172066230842     
           4          25  0.87532726690845508     
