           1           2  0.98722558294779672     
           2           3   1.3593425199854541     
           3           4   1.2948489718802227     
           4           5   1.1601202369403709     
           2           6   1.1699224496491445     
           5           6   1.2519986149759672     
           6           7   1.0909671949417787     
           7           8   1.6161406346674150     
           7           9   1.1264775426768314     
           8           9  0.12584001976116793     
           9          10  0.99007731914864994     
           9          11   1.0344067073616758     
          11          12   1.6214937258987949     
           5          13   1.3599430144807574     
          11          13   1.1913145742768125     
           1          15  0.95566485405520507     
           1          16  0.95408930086405797     
           1          17  0.95662254160506155     
           3          18  0.95213715609338168     
          10          19  0.95199094751782709     
          10          20  0.94217148642390613     
          10          21  0.94138875313311998     
          14          22  0.97253654943693413     
          14          23  0.97264780668071471     
          14          24  0.95777480784269220     
           4          25  0.91658588828675291     
