           1           2   1.1366230536714821     
           2           3  0.90474738471211080     
           3           4  0.99065507294224320     
           4           5   1.3708976872763163     
           5           6   1.3941259309719707     
           6           7   1.1041330628480268     
           7           8  0.97774357484938390     
           6           9   1.2101116887190195     
           9          10   1.1104989693705811     
          10          11  0.97610165490642020     
           9          12   1.3790321522379012     
           4          13   1.3948972559601389     
          12          13   1.4169575487676862     
           3          14  0.97691813210673750     
          14          15  0.97334946952179124     
          15          16   1.0523067085982385     
          16          17   1.3440167484688257     
          17          18  0.96445400803716597     
          18          19  0.97648128405671242     
          19          20   1.0074306956441461     
          20          21   1.4015589596016587     
          21          22   1.4207935837827212     
          22          23   1.3770878005739970     
          23          24   1.1175324728384040     
          24          25  0.97452115333284595     
          23          26   1.2117751254407187     
          26          27   1.1118798016211824     
          27          28  0.97657899759453848     
          20          29   1.3849696846963964     
          26          29   1.3886143722111033     
          16          30  0.21106024568048237     
          17          30   1.3721399742002072     
           3          31  0.94345271343154724     
          31          32   1.0128182183770829     
          31          33   1.0078439637108103     
           5          34  0.95681855645172065     
           8          35  0.97208729932534055     
           8          36  0.97625313743768105     
           8          37  0.97212299119019008     
          11          38  0.97152663201091138     
          11          39  0.97653213932982130     
          11          40  0.97189369855162844     
          12          41  0.96235404441507744     
          13          42  0.95242544826247078     
          14          43  0.96612872585168530     
          14          44  0.96954472779871770     
          15          45  0.96259028078013587     
          15          46  0.94384469013925054     
           2          47  0.94815887291523460     
          16          48  0.96287466622135964     
          18          49  0.96778458309917970     
          18          50  0.96768367723605575     
          19          51  0.97029298259260388     
          19          52  0.97045204803471607     
          21          53  0.96750568935985071     
          22          54  0.96247142078887782     
          25          55  0.97145910958055270     
          25          56  0.97131382745732786     
          25          57  0.97625305121183736     
          28          58  0.97628193769990057     
          28          59  0.97229424993936342     
          28          60  0.97208544762517501     
          29          61  0.96169015149963533     
          30          62  0.96775078812168902     
           2          63  0.90685919245369240     
          30          64  0.97440065069359394     
          31          65  0.94779065755279435     
          32          66  0.89949285179693428     
          32          67  0.97913102909187932     
          32          68  0.97707643224101326     
          33          69  0.98092757221219817     
          33          70  0.98144672206608374     
          33          71  0.98072266823822130     
           1          72  0.95005401884321738     
