   -0.26765709
    0.10133596
    0.00637870
    0.00253944
   -0.07978730
    0.12965217
   -0.22982493
    0.02749433
    0.12852566
   -0.22846666
    0.02692700
   -0.07482191
   -0.05354899
   -0.06494070
   -0.06903833
    0.00737941
    0.01121547
   -0.01655009
   -0.07044136
   -0.00034505
   -0.04877395
   -0.06746105
    0.13357698
   -0.22148023
    0.02484652
    0.13313741
   -0.22473679
    0.02692947
   -0.07961058
   -0.07036548
   -0.00742603
   -0.11878630
   -0.11835209
    0.05218750
    0.05387340
    0.08128042
    0.04760076
    0.05510154
    0.08122696
    0.04775721
    0.05164340
    0.03803841
    0.06017473
    0.05345504
    0.06626226
    0.08005821
    0.00608832
    0.06966628
    0.06749608
    0.06738294
    0.05525186
    0.05571882
    0.04527912
    0.05865004
    0.05429431
    0.05609063
    0.08251134
    0.08232656
    0.04965545
    0.05136209
    0.04687903
    0.07652623
    0.07962832
    0.07997118
    0.03724291
    0.06939970
    0.03548410
    0.05107013
    0.06007154
    0.03433929
    0.05445506
    0.15697523
