           1           2   1.9571704318152656     
           2           3  0.99494814027694578     
           3           4  0.96870854314995913     
           4           5   1.3679846663819528     
           5           6   1.4015997216279490     
           6           7   1.0995612761935925     
           7           8  0.97777394225883663     
           6           9   1.2216149476297817     
           9          10   1.1015931110188035     
          10          11  0.97757181336943766     
           9          12   1.3924726172127544     
           4          13   1.4145925098705512     
          12          13   1.4024556031288122     
           3          14  0.95739590952350095     
          14          15  0.98168829609020958     
          15          16   1.0596332234306760     
          16          17   1.4015589263878143     
          17          18  0.98814169071711389     
          18          19  0.96656466198939273     
          19          20   1.0075310215239848     
          20          21   1.4092523309575149     
          21          22   1.4169152287135920     
          22          23   1.3831796624433275     
          23          24   1.1107754670525252     
          24          25  0.97577525965676870     
          23          26   1.2192256523799938     
          26          27   1.1039961762650363     
          27          28  0.97812001974124019     
          20          29   1.3798968574490988     
          26          29   1.3950546623922637     
          17          30  0.99820856769903576     
           3          31  0.94249204543713794     
          31          32   1.0083070823316413     
          31          33   1.0090804360150627     
           5          34  0.95751990234607809     
           8          35  0.97362251997466265     
           8          36  0.97661428500565794     
           8          37  0.97333507119519169     
          11          38  0.97334848046534372     
          11          39  0.97688626295353431     
          11          40  0.97366456816877833     
          12          41  0.96377641879589426     
          13          42  0.96256411229371353     
          14          43  0.96878919748294701     
          14          44  0.97220942282236256     
          15          45  0.96113673176400405     
          15          46  0.92693413040802097     
           2          47  0.89867613122527634     
          16          48  0.95707856521622547     
          18          49  0.96368339765650757     
          18          50  0.96778460853169945     
          19          51  0.97199637120778037     
          19          52  0.97167365905307923     
          21          53  0.96807095790944975     
          22          54  0.96305631671424075     
          25          55  0.97264391777191617     
          25          56  0.97244168432267775     
          25          57  0.97672196376845677     
          28          58  0.97678603901343364     
          28          59  0.97352357813101498     
          28          60  0.97312105673503968     
          29          61  0.96239092891036104     
          30          62  0.96644511902359886     
          30          63  0.96112272239005114     
          30          64  0.97755431799313153     
          31          65  0.95962641850694697     
          32          66  0.97379530242951751     
          32          67  0.98175736931268509     
          32          68  0.98134276505014484     
          33          69  0.97675812166024223     
          33          70  0.98289106220040612     
          33          71  0.98020653640289235     
           1          72  0.94165796300397775     
