           1           2  0.98424565149528842     
           2           3   1.1732972272050346     
           2           4  0.14600373483549473     
           3           4   1.7999923154806958     
           2           6  0.96766497090244141     
           5           6   1.2516262129671292     
           6           7   1.3966252387084823     
           6           8  0.13947403237983982     
           7           8   2.1485907759525351     
           5           9   1.1732636839659447     
           9          10  0.99254158280306237     
           9          11  0.97619905759186343     
           9          12  0.10690641524803032     
          11          12   1.8581740384536813     
           5          13   1.1719742592443996     
           9          13  0.12004579881830164     
          11          13  0.97403662710026895     
          12          13  0.10616317679274138     
          13          14  0.99089280526113255     
           1          15  0.96825323436646760     
           1          16  0.96262084979854090     
           1          17  0.97241823220855306     
           3          18  0.92345368404447514     
          10          19  0.96472936209612248     
          10          20  0.96668697900393463     
          10          21  0.95907360823457655     
          14          22  0.96211131053105892     
          14          23  0.96127946117247509     
          14          24  0.96798265976041675     
           4          25  0.92908483848562562     
