   -0.25700356
    0.09890632
    0.01267165
    0.01135071
   -0.07792113
    0.13399064
   -0.21705018
    0.02325460
    0.13353348
   -0.21528672
    0.02337071
   -0.06945076
   -0.04490315
   -0.03343284
   -0.07601805
    0.03269127
   -0.10297744
   -0.00110769
   -0.07186343
    0.00936368
   -0.04283025
   -0.06425947
    0.13696705
   -0.21050468
    0.02192614
    0.13681750
   -0.21443018
    0.02423767
   -0.07612589
   -0.04958123
   -0.00530802
   -0.11780301
   -0.11865360
    0.07261863
    0.06453068
    0.08570718
    0.05521858
    0.06026635
    0.08587927
    0.05535956
    0.05936004
    0.04838294
   -0.14058610
    0.05734797
    0.05866038
    0.05745207
    0.03788103
    0.04416425
    0.05302354
    0.05199884
    0.05199400
    0.05519989
    0.05327876
    0.06351331
    0.06002310
    0.06117193
    0.08680170
    0.08582756
    0.05424203
    0.05770471
    0.05381324
    0.05108827
    0.06034419
    0.05842732
    0.08681747
    0.07446129
    0.04079413
    0.05979878
    0.07596606
    0.04013587
    0.06286068
    0.16590036
