           1           2   1.9640506598983816     
           2           3  0.96930133791235384     
           3           4  0.97080285657966670     
           4           5   1.3723025220199310     
           5           6   1.3868801707136622     
           6           7   1.1160172025662114     
           7           8  0.97344737885669286     
           6           9   1.2059177925028468     
           9          10   1.1176152143439047     
          10          11  0.97443380920111322     
           9          12   1.3772544522716459     
           4          13   1.3936357453635717     
          12          13   1.4153993934848172     
           3          14  0.95899317439696496     
          14          15  0.96518593570575217     
          14          16  0.90487583456951381     
          15          16  0.95688643160636067     
          16          17   1.0268216524981824     
          17          18   1.0105877125805869     
          18          19  0.95458389120924758     
          19          20   1.0182083970052478     
          20          21   1.3850408205012870     
          21          22   1.4282108240230449     
          22          23   1.3689072817994634     
          23          24   1.1234934083010626     
          24          25  0.97341813149174572     
          23          26   1.2033822957449232     
          26          27   1.1163908328941401     
          27          28  0.97577042483631060     
          20          29   1.3819214692071418     
          26          29   1.3868080456809175     
          17          30   1.0087562533490566     
           3          31  0.93802414924491939     
          31          32   1.0100271336073294     
          31          33   1.0111364534515361     
           5          34  0.94730836746381331     
           8          35  0.96873685143311883     
           8          36  0.97567838705435161     
           8          37  0.97068714690971469     
          11          38  0.97091956929308698     
          11          39  0.97599969332603354     
          11          40  0.97153076143720596     
          12          41  0.96238283289779003     
          13          42  0.96070638500752870     
          14          44  0.95756999848479585     
          15          45  0.96569635935279063     
          15          46  0.97358307027647495     
           2          47  0.91935967519908612     
          16          48  0.95821039400405794     
          18          49  0.96721641914697853     
          18          50  0.97034551203577435     
          19          51  0.96880685637087161     
          19          52  0.96882519471941930     
          21          53  0.96698115710666510     
          22          54  0.96193000006867924     
          25          55  0.97019605701427070     
          25          56  0.97037539193849687     
          25          57  0.97583202897497001     
          28          58  0.97596913381209205     
          28          59  0.97151980115244130     
          28          60  0.97125880475497661     
          29          61  0.96126770466608402     
          30          62  0.96352365257875028     
          30          63  0.96680600905443881     
          30          64  0.97907622399450278     
          31          65  0.83604422782124388     
          43          65  0.11434677242923966     
          32          66  0.96136259627354126     
          32          67  0.97817076390389701     
          32          68  0.97789669414325686     
          33          69  0.95703821758374197     
          33          70  0.97371455654863670     
          33          71  0.97570240726442470     
           1          72  0.93505526456540256     
