           1           2  0.98850647349254694     
           2           3   1.3508582979159041     
           3           4   1.2957013252752367     
           4           5   1.1740088517354299     
           2           6   1.1851263307993978     
           5           6   1.4177455902375142     
           6           7  0.98018084023136776     
           7           8   1.5283945813085451     
           7           9   1.3371368917279067     
           8           9  0.12006227491339663     
           9          10   1.0863312762864281     
          11          12   1.8003010694000536     
           5          13   1.0591968240047358     
          11          13   1.0403788283083499     
          12          13  0.10188987392384727     
          13          14   1.2992154423121236     
           1          15  0.94780991698464900     
           1          16  0.96724570969675094     
           1          17  0.94170915295440960     
           3          18  0.95172412848569665     
          10          19  0.91143000882557312     
          10          20  0.90563375906704868     
          10          21  0.92531891193404037     
          14          22  0.96919031143714451     
          14          23  0.96495673396629589     
          11          24  0.91315383864762145     
           4          25  0.91930137977184923     
