           1           2   1.3389280523759328     
           2           3   1.2447093410020054     
           3           4   1.2420772498193355     
           4           5   1.1932948022407170     
           2           6   1.0825015675516785     
           5           6   1.3495201161140664     
           6           7   1.0851936209482105     
           7           8   1.6872331019035951     
           7           9   1.0918887024530504     
           8           9  0.13786776191501951     
           9          10  0.97185069826738224     
           9          11   1.1267769649822950     
           9          12  0.13306992745335863     
          11          12   1.7065765794804473     
           5          13   1.2191023150735252     
          11          13   1.0335329994872771     
          12          13  0.11723872677689451     
          13          14  0.97549346614039012     
           1          15  0.90339213435743992     
           1          17  0.95125264856684510     
           3          18  0.95463432058209396     
          10          19  0.96484716248851110     
          10          20  0.95665375811142583     
          10          21  0.95664618811300595     
          14          22  0.96746601982066249     
          14          23  0.96788018502881168     
          14          24  0.96247222698395840     
           4          25  0.91911971037055973     
