           1           2  0.98302483136211050     
           2           3   1.3929461538153425     
           3           4   1.3162280876235504     
           4           5   1.1531429089509324     
           2           6   1.1820250489110200     
           5           6   1.2587615752054824     
           6           7   1.0761109511308686     
           7           8   1.6377688420786973     
           7           9   1.1434018149840059     
           8           9  0.14040148285800833     
           9          10  0.98655278053975692     
           9          11   1.0299820725665405     
          11          12   1.6483049408733803     
           5          13   1.3793403757486615     
          11          13   1.1798454533990286     
           1          15  0.95896860334813250     
           1          16  0.95927702438840534     
           1          17  0.96078487816875680     
           3          18  0.95137416211850867     
          10          19  0.96170730598112131     
          10          20  0.95161556775990297     
          10          21  0.95182443201114397     
          14          22  0.98009131831862328     
          14          23  0.98001539187690512     
          14          24  0.97547737220500708     
           4          25  0.91559088892636520     
