   -0.25961788
    0.10092363
    0.00760727
    0.00801482
   -0.07558292
    0.16497922
   -0.22724460
    0.02764341
   -0.04659065
   -0.44282218
    0.08354141
   -0.02715515
   -0.04514504
   -0.06534038
   -0.07011187
    0.01224645
    0.02328481
   -0.01932264
   -0.07092826
    0.00220229
   -0.04742955
   -0.06648301
    0.13535091
   -0.21593393
    0.02330536
    0.13547292
   -0.21833224
    0.02460285
   -0.07830863
   -0.07622958
   -0.00736430
   -0.11952016
   -0.11914932
    0.05674925
    0.05500588
    0.08240039
    0.04828218
    0.05609531
    0.05466750
    0.06276797
    0.13536632
    0.05310006
    0.06133307
    0.05541258
    0.06923675
    0.08372704
    0.01129269
    0.07321485
    0.07544113
    0.06847677
    0.05549222
    0.05995433
    0.04709317
    0.06083672
    0.05701757
    0.05817490
    0.08498196
    0.08476234
    0.05343506
    0.05577289
    0.05235325
    0.07946178
    0.08972052
    0.08983551
    0.03862435
    0.07214809
    0.03829037
    0.05299235
    0.06083240
    0.03542565
    0.05712914
    0.16253259
