   -0.31598073
    0.08932452
    0.02203322
    0.00213761
   -0.07686630
    0.13379059
   -0.22033904
    0.02454261
    0.13353146
   -0.21844719
    0.02406988
   -0.06934038
   -0.04528027
   -0.02480605
   -0.06871101
   -0.00264215
   -0.11230143
   -0.00254048
   -0.07194002
    0.01020209
   -0.04259349
   -0.06417596
    0.13658712
   -0.21173692
    0.02236278
    0.13633048
   -0.21581166
    0.02476359
   -0.07579421
   -0.04581738
   -0.00436516
   -0.11292582
   -0.12343936
    0.05592634
    0.05713384
    0.08497247
    0.05284390
    0.05883433
    0.08464033
    0.05414913
    0.05891440
    0.05358031
    0.07905290
    0.05902810
    0.05396206
    0.06098581
    0.03697177
    0.04182676
    0.05123578
    0.05444747
    0.05250778
    0.05204588
    0.05429148
    0.06291167
    0.05973085
    0.06038237
    0.08592416
    0.08483697
    0.05403433
    0.05682338
    0.05344447
    0.04311839
    0.05214160
    0.05588596
    0.05344301
    0.05757681
    0.04039291
    0.05553349
    0.08108012
    0.04320248
    0.05791055
    0.15045472
