           1           2  0.98397010048611133     
           2           3   1.3839409856162233     
           3           4   1.2868013110768444     
           4           5   1.1648231112283216     
           2           6   1.1647516687714745     
           5           6   1.3366879601141326     
           6           7   1.0760026501847539     
           7           8   1.6719137448953414     
           7           9   1.0810527672350698     
           8           9  0.13774206668385192     
           9          10  0.96279628347120816     
           9          11   1.1703567374751054     
           9          12  0.15125719605727150     
          11          12   1.7243423867625620     
           5          13   1.1656369201207863     
          11          13  0.93394801837375097     
          13          14   1.2983336343791902     
           1          15  0.95786279885717673     
           1          16  0.95984814874035507     
           1          17  0.95926073785879495     
           3          18  0.95178784708993880     
          10          19  0.96765416523237879     
          10          20  0.96601868822749948     
          10          21  0.96626103796534346     
          14          22  0.97003922978010582     
          14          23  0.95792956997093492     
           4          25  0.91841552322728759     
