   -0.29828075
    0.12213978
    0.00476926
    0.00814018
   -0.07691835
    0.13272964
   -0.22428816
    0.02657530
    0.13239837
   -0.22239914
    0.02540760
   -0.07054259
   -0.05276717
   -0.07046520
   -0.06790869
    0.00548538
    0.01411539
    0.00476582
   -0.06510973
   -0.00188510
   -0.04703382
   -0.06653189
    0.13443032
   -0.22057003
    0.02418466
    0.13333876
   -0.22438253
    0.02751583
   -0.08048324
   -0.06843170
   -0.00684764
   -0.12002606
   -0.11254206
    0.05327866
    0.05438751
    0.08253518
    0.05008893
    0.05644625
    0.08243902
    0.05206259
    0.05513229
    0.05190296
    0.05615389
    0.05060748
    0.05245206
    0.05065535
   -0.01289979
    0.07284814
    0.07302634
    0.01401378
    0.07616358
    0.07533420
    0.04876336
    0.06110532
    0.05561008
    0.05684633
    0.08314706
    0.08247267
    0.04791749
    0.05153748
    0.04525713
    0.07760900
    0.08426667
    0.07789134
    0.04266037
    0.06678790
    0.03990025
    0.05324762
    0.04741810
    0.03080061
    0.05385291
    0.14769746
