   -0.09962712
    0.03557236
    0.01238994
    0.00033581
   -0.07727481
    0.13267193
   -0.22625990
    0.02652742
    0.13103365
   -0.22715314
    0.02653432
   -0.07176814
   -0.05483043
   -0.06845850
   -0.07615712
    0.09270798
   -0.14312244
    0.00098945
   -0.07497525
    0.00571939
   -0.04742675
   -0.06716693
    0.13248294
   -0.22247648
    0.02559087
    0.13296981
   -0.22467656
    0.02726165
   -0.07762211
   -0.05070208
   -0.01580461
   -0.11492944
   -0.11391687
    0.05310796
    0.05272785
    0.08207959
    0.04982144
    0.05339754
    0.08153295
    0.05024371
    0.05356896
    0.07357526
    0.05845752
    0.05438651
    0.06392282
    0.06632968
    0.03203325
    0.06445877
    0.02954167
    0.04292430
    0.05931430
    0.05729623
    0.04591668
    0.05703402
    0.05357735
    0.05580872
    0.08146097
    0.08091703
    0.04945335
    0.05349558
    0.04967032
    0.04226259
    0.05665964
    0.05492581
    0.04847132
    0.04036054
    0.04365110
    0.05488857
    0.03609536
    0.04193548
    0.05826627
    0.18799017
