           1           2   1.4332274290804357     
           2           3   1.0344730355894955     
           3           4  0.94223031848293781     
           4           5   1.3743718281121060     
           5           6   1.3976253259805660     
           6           7   1.1037951818549148     
           7           8  0.97735934156071114     
           6           9   1.2222452662271428     
           9          10   1.1031511353760959     
          10          11  0.97748516247007178     
           9          12   1.3933123806888790     
           4          13   1.4152323635343935     
          12          13   1.4061393874824659     
           3          14  0.97292333760444816     
          14          15   1.0066756327922948     
           1          16  0.91941882134758546     
          15          16  0.98564672215579419     
          16          17   1.0367802204349517     
          17          18   1.0003255991647244     
          18          19  0.97478081349019219     
          19          20   1.0128090708392983     
          20          21   1.3979584477302804     
          21          22   1.4233619499455283     
          22          23   1.3784925420057337     
          23          24   1.1073811075393289     
          24          25  0.97684246970389832     
          23          26   1.2202675071663118     
          26          27   1.1030411042768098     
          27          28  0.97855112305160363     
          20          29   1.3863962512698715     
          26          29   1.3895644877122517     
          17          30   1.0037585056252427     
           3          31  0.93163360161865316     
          31          32   1.0100158610496934     
          31          33   1.0088748930052891     
           5          34  0.95702483375033842     
           8          35  0.97330033730279597     
           8          36  0.97665039480845750     
           8          37  0.97370925336230529     
          11          38  0.97330009304611442     
          11          39  0.97688268589810834     
          11          40  0.97362442929657145     
          12          41  0.96327702761022538     
           2          42  0.95323647131085198     
          14          43  0.97013470415920144     
          14          44  0.96936579600240758     
          15          45  0.96698058505024675     
          15          46  0.97118632173795771     
          13          47  0.95764672180092303     
          16          48  0.94367500725789610     
          18          49  0.96410999380067541     
          18          50  0.97137753068092825     
          19          51  0.96702072712405984     
          19          52  0.97172233365121619     
          21          53  0.96805341890906627     
          22          54  0.96301978715037284     
          25          55  0.97239233984501083     
          25          56  0.97230244474060989     
          25          57  0.97682454692126863     
          28          58  0.97680084745374918     
          28          59  0.97285808651171501     
          28          60  0.97300734055839810     
          29          61  0.96144174481616018     
          30          62  0.97423781969621115     
          30          63  0.97813605806864001     
          30          64  0.97551358116103182     
          31          65  0.96376810573340688     
          32          66  0.98288607132804184     
          32          67  0.98134498342197996     
          32          68  0.98220316915705463     
          33          69  0.98228842746187495     
          33          70  0.98192056612358791     
          33          71  0.98146465706119923     
           1          72  0.93344017294244375     
