           1           2  0.99630464252729212     
           2           3   1.2774479469891045     
           3           4   1.4649903292218360     
           4           5   1.2887163433994926     
           2           6   1.1922004584793762     
           5           6   1.2858897203494131     
           6           7   1.0862227634166424     
           7           8   1.6588670574556907     
           7           9   1.0719038339051208     
           8           9  0.11509243431551233     
           9          10  0.97624254505806285     
           9          11   1.1416743586836406     
           9          12  0.12657434966777742     
          11          12   1.6855988812071283     
           5          13   1.1200903892454270     
          11          13   1.0004832792501142     
          13          14   1.2131809326073806     
           1          15  0.94820410107456687     
           1          16  0.94899157719887750     
           1          17  0.95466583687467965     
           3          18  0.95228395461265325     
          10          19  0.95215802835403474     
          10          20  0.94273072534316760     
          10          21  0.94530634827604709     
          14          22  0.94883054284891122     
          14          23  0.30675106119066353     
          14          24  0.94724053333626346     
          23          25  0.65531544543047937     
