   -0.27211845
    0.10220117
    0.00612490
   -0.00012282
   -0.08097882
    0.12779050
   -0.23278144
    0.02855904
    0.12776641
   -0.23077609
    0.02761396
   -0.07366954
   -0.05168464
   -0.06417845
   -0.06987353
    0.00759504
    0.01346578
   -0.01253158
   -0.08340466
    0.01586273
   -0.06879066
   -0.07502732
    0.13421875
   -0.22988291
    0.02425743
    0.14650673
   -0.21152507
    0.02410216
   -0.09093773
   -0.06848224
   -0.00718767
   -0.11683199
   -0.12051002
    0.05039524
    0.05313755
    0.08023730
    0.04513028
    0.05450927
    0.08017806
    0.04758076
    0.05170132
    0.03972659
    0.06065686
    0.05525910
    0.06845927
    0.07806270
    0.00226103
    0.07375107
    0.07039937
    0.06549654
    0.03847652
    0.07752655
    0.07235915
    0.05905856
    0.05239177
    0.05331570
    0.08195271
    0.08489530
    0.05284430
    0.05214929
    0.04309496
    0.07880930
    0.07582839
    0.08150116
    0.03621332
    0.06410253
    0.03466140
    0.05044329
    0.06520771
    0.03493388
    0.05395592
    0.15456700
