           1           2   1.9536949536057946     
           2           3  0.99345633128153110     
           3           4  0.97539219015834000     
           4           5   1.3687522905923786     
           5           6   1.4009871831991048     
           6           7   1.0951216346422952     
           7           8  0.97896972548887351     
           6           9   1.2250543510616119     
           9          10   1.0988799583954567     
          10          11  0.97783154079171164     
           9          12   1.3918165086782492     
           4          13   1.4150685519657251     
          12          13   1.4070150805344550     
           3          14  0.95254912288736548     
          14          15  0.98676551192041440     
          15          16   1.0608396962259112     
          16          17   1.4136051602625606     
          17          18  0.98016719658127738     
          18          19   1.0017097021367729     
          19          20   1.6827864283562104     
          20          21   1.0073090045799784     
          21          22   1.0406027207011130     
          22          23   1.6416909619588140     
          22          24  0.11170955466151124     
          23          24   1.0970675191531807     
          24          25  0.97682823817578279     
          23          26   1.0605399146021626     
          26          27   1.1322741989160654     
          27          28  0.97492895421155201     
          20          29   1.1864827849582462     
          26          29   1.5321750695714906     
          17          30   1.0007350854802626     
           3          31  0.94353866778456064     
          31          32   1.0086042257879795     
          31          33   1.0081465191550703     
           5          34  0.95840255990166956     
           8          35  0.97374452203410988     
           8          36  0.97677875952185278     
           8          37  0.97372893416861572     
          11          38  0.97362115502480240     
          11          39  0.97703494251215606     
          11          40  0.97367047931227757     
          12          41  0.96372571623901315     
          13          42  0.96209532104387518     
          14          43  0.96731544283283843     
          14          44  0.97226971317288591     
          15          45  0.95687187984843891     
          15          46  0.92572906066413618     
           2          47  0.90792679449522429     
          16          48  0.95686432524140186     
          18          49  0.95665604472030918     
          18          50  0.94621136007324569     
          19          51  0.96525568434880926     
          21          52  0.92898763300086840     
          21          53  0.94160656755462979     
          22          54  0.96148020832432723     
          25          55  0.97361231944531290     
          25          56  0.97318212285834271     
          25          57  0.97693187953076033     
          28          58  0.97663002293898526     
          28          59  0.97300761594393914     
          28          60  0.97374848489230681     
          29          61  0.95727365715764057     
          30          62  0.96861458631177699     
          30          63  0.96333896230847449     
          30          64  0.97606493856477539     
          31          65  0.96109693933737961     
          32          66  0.97633608250397597     
          32          67  0.98186149692155222     
          32          68  0.98186435388757098     
          33          69  0.97499507701040888     
          33          70  0.98313384548840355     
          33          71  0.98003403762158214     
           1          72  0.94273241836685762     
