           1           2   1.6552382229030651     
           2           3   1.2772098910490604     
           3           4   1.2291687831719094     
           4           5   1.2751701605702350     
           5           6   1.4426457422495034     
           6           7   1.0842783803963454     
           7           8  0.98232532947875439     
           6           9   1.2058716136554266     
           9          10   1.1091130557638562     
          10          11  0.97697685332420092     
           9          12   1.3514403648780935     
           4          13   1.2887308728803237     
          12          13   1.4698485980104870     
           3          14   1.0285587796140554     
          14          15  0.92396920408068095     
          15          16   1.0693836560403351     
          16          17   1.4309598067356386     
          17          18  0.98944757042048015     
          18          19  0.96700080191462379     
          19          20   1.0081339344712164     
          20          21   1.4088324930041021     
          21          22   1.4178279159831277     
          22          23   1.3844949531311561     
          23          24   1.1056522227671954     
          24          25  0.97710442658228713     
          23          26   1.2243894562379565     
          26          27   1.1008381420570597     
          27          28  0.97903997485362459     
          20          29   1.3825636611999002     
          26          29   1.3941003704586759     
          17          30  0.99618958817737424     
          31          32   1.1189682044695339     
          31          33   1.1120424289816577     
           5          34  0.95587227783711270     
           8          35  0.97404720391572874     
           8          36  0.97702312712956396     
           8          37  0.97391850055176121     
          11          38  0.97287354087915690     
          11          39  0.97727659500560093     
          11          40  0.97311319362470683     
          12          41  0.96246168484391381     
          13          42  0.94104833917651587     
          14          43  0.95764151106915785     
          14          44  0.97264772251154596     
          15          45  0.96608281909227345     
          15          46  0.95554684087796549     
           2          47  0.93401866409255019     
          16          48  0.95952467114835460     
          18          49  0.96281974382625868     
          18          50  0.96723531302116095     
          19          51  0.96930486607391919     
          19          52  0.97310151203334039     
          21          53  0.96834877264038188     
          22          54  0.96339348165908367     
          25          55  0.97313780983672216     
          25          56  0.97300795742059965     
          25          57  0.97702919844217018     
          28          58  0.97694957148161110     
          28          59  0.97351540068105358     
          28          60  0.97360204978733078     
          29          61  0.96221288176314990     
          30          62  0.96573462921108988     
          30          63  0.95705884639919425     
          30          64  0.97798166926010377     
          31          65  0.97106974957115266     
          32          66  0.97579412101425211     
          32          67  0.93682655213994026     
          32          68  0.91943119700962006     
          33          69  0.97827986791806676     
          33          70  0.94055974665424991     
          33          71  0.92417657377782614     
           1          72  0.95110283392772133     
