           1           2  0.98625829486044680     
           2           3   1.3716670310816816     
           3           4   1.2662040479594445     
           4           5   1.1851005045338554     
           2           6   1.1561700924270555     
           5           6   1.3584277892351000     
           6           7   1.0887613774368921     
           7           8   1.6818316172181962     
           7           9   1.0494687761875787     
           8           9  0.12735165614162228     
           9          10  0.92683575937513696     
           9          11   1.3848540451636158     
          10          12   1.0583888641116004     
           5          13   1.1842471534028771     
          11          13   1.2697749449526259     
          13          14  0.98154781120213686     
           1          15  0.95793435599220245     
           1          16  0.96315675480952700     
           1          17  0.96211433475813335     
           3          18  0.95412013541087026     
          10          19  0.95666314661894436     
          12          20  0.87879819168035467     
          10          21  0.94237625110758616     
          14          22  0.97080724396986662     
          14          23  0.97114101568465583     
          14          24  0.97099074485276526     
           4          25  0.92075991054763007     
