           1           2  0.97413295107592313     
           2           3   1.3117803235972842     
           3           4   1.2510070121871837     
           4           5   1.1949885697020590     
           2           6   1.1205852460645196     
           5           6   1.2512366738327965     
           6           7   1.2758016057417016     
           1           8   1.0141750904663280     
           7           9   1.3137332405514446     
           9          10  0.98067568437589181     
           9          11   1.0744587908665086     
           9          12  0.11023684933600369     
          11          12   1.6825568917901581     
           5          13   1.2087784563357302     
          11          13   1.0544141871500090     
          12          13  0.12061349968664667     
          13          14  0.97653630820115822     
           1          15  0.95045060223337663     
           1          16  0.95153952517928309     
           8          17  0.87136503903623586     
           3          18  0.95516924791270452     
          10          19  0.97072527579328172     
          10          20  0.95501482236879509     
          10          21  0.95491479575717619     
          14          22  0.96684197998801746     
          14          23  0.96734100712872007     
          14          24  0.96269165610421747     
           4          25  0.92014150311469867     
