           1           2  0.99281793703306620     
           2           3   1.4181524048232701     
           2           4  0.10803962537436132     
           3           4   1.3122961702866012     
           4           5   1.0452419694928303     
           2           6   1.0887950417761458     
           5           6   1.1388320835900432     
           6           7   1.2771974995685802     
           6           8  0.11348899078763509     
           7           8   1.7284478149117630     
           7           9  0.71396574972828419     
           9          10  0.92892652462165026     
           9          11   1.5954502340986336     
           9          12  0.23938353891471914     
          11          12   2.0770326270134221     
           5          13   1.6298843764885267     
          13          14   1.0383864173897375     
           1          15  0.95901680222947738     
           1          16  0.97446219306246706     
           1          17  0.95661056724138616     
           3          18  0.95098244839258705     
          10          19  0.96242806337002629     
          10          20  0.96609278925911246     
          10          21  0.97581022850869648     
          14          22  0.94709680342731961     
          14          23  0.96298397495734933     
          14          24  0.96205987740878562     
           4          25  0.92425171291749164     
