           1           2  0.99611062076261558     
           2           3   1.2787246152097929     
           3           4   1.4640275430274039     
           4           5   1.2801506758729202     
           2           6   1.1947425288220279     
           5           6   1.2953938067724635     
           6           7   1.0829530498696514     
           7           8   1.6632474614427668     
           7           9   1.0664912567946663     
           8           9  0.11346708059932584     
           9          10  0.97471079508817315     
           9          11   1.1520327642719990     
           9          12  0.13155315775135396     
          11          12   1.7019600546853930     
           5          13   1.1036379165948400     
          11          13  0.96283415725391008     
          13          14   1.3839955455606769     
           1          15  0.94588060829123544     
           1          16  0.95028744345210314     
           1          17  0.95426846159855894     
           3          18  0.95237177582049881     
          10          19  0.95108775857092864     
          10          20  0.94234593986306225     
          10          21  0.94355981997055527     
          14          22  0.95414174356816794     
          14          24  0.95067257614909295     
          23          25  0.88004861687858416     
