           1           2  0.98448241152197946     
           2           3   1.3843333677333409     
           3           4   1.3030234521460216     
           4           5   1.1745977939947636     
           2           6   1.1592310329422191     
           5           6   1.3669331577052641     
           6           7   1.0855290076472686     
           7           8   1.6803655103280115     
           7           9   1.0245547423431312     
           8           9  0.11134854423797602     
           9          10  0.97040093973961750     
           9          11   1.4649286664321131     
           5          13   1.1177305121449546     
          11          13   1.1254378567614338     
          13          14   1.3350480331529746     
           1          15  0.95606148586945083     
           1          16  0.96070208028961246     
           1          17  0.96059918803763888     
           3          18  0.95111646536772154     
          10          19  0.96730993319232839     
          10          20  0.96188169905032783     
          10          21  0.96341836749126086     
          14          22  0.96786569158323033     
          14          23  0.88469334733616267     
          12          24  0.90746654969111418     
           4          25  0.91548290854542480     
