   -0.26719842
    0.10122326
    0.00641351
    0.00197966
   -0.08017777
    0.12932384
   -0.23008036
    0.02754088
    0.12829889
   -0.22884987
    0.02698722
   -0.07468362
   -0.05336202
   -0.06484916
   -0.06921096
    0.00646985
    0.00921392
   -0.01628899
   -0.07187796
    0.00733503
   -0.04569195
   -0.05422338
    0.10446920
   -0.09176279
    0.03801407
    0.13962106
   -0.22853884
    0.02533747
   -0.07966022
   -0.07019687
   -0.00726801
   -0.11866584
   -0.11884304
    0.05201967
    0.05399298
    0.08129818
    0.04722608
    0.05507929
    0.08115988
    0.04775967
    0.05175034
    0.03858319
    0.06067056
    0.05438807
    0.06625589
    0.08019808
    0.00643302
    0.07003057
    0.06727406
    0.06861504
    0.05936895
    0.05829839
    0.05632893
    0.09152699
    0.09500853
   -0.20400158
    0.10318742
    0.08378549
    0.05082032
    0.05438474
    0.05187610
    0.07625121
    0.07965423
    0.07885830
    0.03737410
    0.06887881
    0.03525397
    0.05142214
    0.06098536
    0.03500467
    0.05489448
    0.15730606
