   -0.26632768
    0.10198507
    0.00686316
    0.00446321
   -0.07979087
    0.12720393
   -0.23096556
    0.02750353
    0.12665888
   -0.22915386
    0.02648529
   -0.07388940
   -0.05094751
   -0.06382613
   -0.06740635
   -0.04112705
    0.10061437
   -0.10881275
   -0.09287502
    0.02408491
   -0.03536723
   -0.06142477
    0.14228957
   -0.20169338
    0.02117343
    0.13582708
   -0.22962952
    0.02680754
   -0.07762348
   -0.07729506
   -0.00705561
   -0.11745765
   -0.11951884
    0.05370598
    0.05503502
    0.08125904
    0.04666678
    0.05644357
    0.08123171
    0.04829445
    0.05400429
    0.04314260
    0.05717689
    0.05189889
    0.05718040
    0.06530338
    0.01411696
    0.05628530
    0.05985898
    0.05781081
    0.05280805
    0.04518512
    0.06026583
    0.06158135
    0.06097714
    0.06237705
    0.08649594
    0.08144096
    0.04921516
    0.05269113
    0.05336895
    0.08226652
    0.08295932
    0.08443076
    0.03728005
    0.06766476
    0.03475961
    0.05129187
    0.06473690
    0.03661301
    0.05390228
    0.15850094
