           1           2   1.9561538352636845     
           2           3  0.99141787624064248     
           3           4  0.97547610173618038     
           4           5   1.3686745976304213     
           5           6   1.3982821068224496     
           6           7   1.0979716907633170     
           7           8  0.97790731245033535     
           6           9   1.2217266953712120     
           9          10   1.1007719231473272     
          10          11  0.97731391130624612     
           9          12   1.3877716172730292     
           4          13   1.4098984655769031     
          12          13   1.4070026777942601     
           3          14  0.95238766832818267     
          14          15  0.98170911394789351     
          15          16   1.0518166383669809     
          16          17   1.3551392528174813     
          16          18  0.21794976272768141     
          17          18   1.3634234998131913     
          19          20   1.5020765162208618     
          20          21   1.2050626375379254     
          21          22   1.5235540642020582     
          22          23   1.3154435040543413     
          23          24   1.1452843298244588     
          24          25  0.97085606738530195     
          23          26   1.1705461344883035     
          26          27   1.0982303310234172     
          27          28  0.97814318255529387     
          20          29   1.1986616037681541     
          26          29   1.4837448770249211     
          17          30  0.98385101119068075     
           3          31  0.94253887545215753     
          31          32   1.0081448984095813     
          31          33   1.0082973049377149     
           5          34  0.95802633107505641     
           8          35  0.97327914643232250     
           8          36  0.97666325727294823     
           8          37  0.97334777185981536     
          11          38  0.97298675208820462     
          11          39  0.97685710822887428     
          11          40  0.97338809203160981     
          12          41  0.96326129640183866     
          13          42  0.96177177497184774     
          14          43  0.96811708783993566     
          14          44  0.97296269663501855     
          15          45  0.96182962908658620     
          15          46  0.93979152681657263     
           2          47  0.91583241183349928     
          16          48  0.95965044130848509     
          18          49  0.97500965827564412     
          18          50  0.97424972137891186     
          19          51  0.97869491939767816     
          19          52  0.97856455260316055     
          21          53  0.96683775269088001     
          22          54  0.96113508187280783     
          25          55  0.97131249706931555     
          25          56  0.97083779217024746     
          25          57  0.97636823421197583     
          28          58  0.97691979140988128     
          28          59  0.97346068068803471     
          28          60  0.97345761835610389     
          29          61  0.96198826303735718     
          30          62  0.97041084018522861     
          30          63  0.96257201987021257     
          30          64  0.97697787565988892     
          31          65  0.95858976600526358     
          32          66  0.97296307449803510     
          32          67  0.98142177811492359     
          32          68  0.98081552873946065     
          33          69  0.97344176031290863     
          33          70  0.98235978315110806     
          33          71  0.97939734711617210     
           1          72  0.94040233373701665     
