           1           2   1.6733867733227923     
           2           3   1.4936547026045053     
           3           4   1.1965958954416083     
           4           5   1.1651001752764423     
           5           6   1.3463282306074871     
           6           7   1.3743343600604636     
           7           8   1.1409924837371772     
           7           9   1.1353532441647891     
           9          10   1.3036180545187592     
           9          11  0.98213885959030567     
          11          12   1.6927376781652399     
           5          13   1.1323834793680176     
          11          13   1.1449527858934263     
          12          13  0.15262649784318849     
          13          14  0.97583376319305337     
           1          15  0.93683821702774517     
           1          16  0.95150873423625604     
           6          17  0.94175215766109743     
           3          18  0.93228056032578244     
           8          19  0.84444068366756930     
          10          20  0.96250866915050870     
          10          21  0.96078417892266310     
          14          22  0.96898865198487860     
          14          23  0.96584309435083782     
          14          24  0.95840995081942815     
           4          25  0.90402569248964604     
