           1           2   1.3247150589846377     
           2           3   1.2356019198358734     
           3           4   1.2220598943905148     
           4           5   1.2004939827407413     
           2           6   1.0872808174305446     
           5           6   1.3226737352968254     
           6           7   1.0998570690151928     
           7           8   1.6586702097046508     
           7           9   1.0755551029082286     
           8           9  0.12302191096890876     
           9          10  0.97663573198438824     
           9          11   1.1253404220828713     
           9          12  0.12442402659558277     
          11          12   1.6805022931538163     
           5          13   1.2026586795507390     
          11          13   1.0445596423999461     
          12          13  0.11132514838066630     
          13          14  0.97752086807629357     
           1          16  0.96232573717312053     
           1          17  0.95371021703488645     
           3          18  0.95535420969692975     
          10          19  0.95607223611859571     
          10          20  0.94780823592610397     
          10          21  0.94908213220176951     
          14          22  0.96341863334339106     
          14          23  0.96384303742426458     
          14          24  0.95893299353241668     
           4          25  0.92053516491740606     
