           1           2  0.92678641638736026     
           2           3   1.3637680370562006     
           3           4   1.2638812562559185     
           4           5   1.1972255663711595     
           2           6   1.1324073908606009     
           5           6   1.2886025545076667     
           6           7   1.2336698766172125     
           1           8   1.0510851601747753     
           7           9   1.3786188685426572     
           9          10  0.97802223754782336     
           9          11   1.0655735157079806     
           9          12  0.11423660779699998     
          11          12   1.7157155355585381     
           5          13   1.2269984957403928     
          11          13   1.0521565959492405     
          12          13  0.13316066070227095     
          13          14  0.97397261713272476     
           1          15  0.95097927022742434     
           1          16  0.95872684536497399     
           8          17  0.88287467692263299     
           3          18  0.95577670970098461     
          10          19  0.97458075355391971     
          10          20  0.96048535468550711     
          10          21  0.96077869698725027     
          14          22  0.97046698287882971     
          14          23  0.97063943136307163     
          14          24  0.96503105203840545     
           4          25  0.91903982224019243     
