           1           2   1.9183818149170884     
           2           3   1.0008270286238587     
           3           4  0.98494034173999767     
           4           5   1.3670391755742557     
           5           6   1.4031983847124392     
           6           7   1.0947635924207961     
           7           8  0.97964970988201505     
           6           9   1.2211948999774671     
           9          10   1.1010712923376482     
          10          11  0.97788535399718823     
           9          12   1.3918324945822678     
           4          13   1.4119604949188318     
          12          13   1.4014802038538920     
           3          14  0.95294952389921961     
          14          15  0.97202192066820192     
          15          16   1.0608140543239732     
          16          17   1.4617431944527288     
          17          18  0.98772213208409732     
          18          19  0.96843514099459560     
          19          20   1.0075197746600177     
          20          21   1.4071786318877373     
          21          22   1.4187574853831366     
          22          23   1.3827780713842919     
          23          24   1.1086994872650726     
          24          25  0.97635703358458081     
          23          26   1.2217306722400922     
          26          27   1.1038052923180386     
          27          28  0.97825264619351759     
          20          29   1.3837947221157745     
          26          29   1.3923698665333035     
          17          30  0.99590482366617139     
           3          31  0.93325038504951574     
          31          32   1.0088587571450820     
          31          33   1.0092691154424505     
           5          34  0.95676503872914198     
           8          35  0.97365475648126787     
           8          36  0.97667876042261936     
           8          37  0.97336434544284367     
          11          38  0.97326453531903412     
          11          39  0.97706441399000776     
          11          40  0.97346248473438934     
          12          41  0.96354642345804087     
          13          42  0.95225689815067893     
          14          43  0.96497485470536781     
          14          44  0.97177173458426414     
          15          45  0.96304666790805049     
          15          46  0.93586837138035706     
          16          47  0.95785453519242680     
           2          48  0.93600941430272955     
          18          49  0.95983247923349480     
          18          50  0.96707289943869079     
          19          51  0.96894809957407046     
          19          52  0.97260737095530680     
          21          53  0.96823145219073248     
          22          54  0.96324441019186124     
          25          55  0.97293858915227260     
          25          56  0.97257545078275032     
          25          57  0.97682299844398468     
          28          58  0.97676494530075553     
          28          59  0.97329199394001731     
          28          60  0.97329404691307442     
          29          61  0.96198414684416345     
          30          62  0.96742053284720131     
          30          63  0.94860916757550662     
          30          64  0.97709732610010946     
          31          65  0.96301807455549049     
          32          66  0.98200936618017076     
          32          67  0.98199906974422879     
          32          68  0.98308754189671987     
          33          69  0.98011423571762113     
          33          70  0.98324157057432515     
          33          71  0.98035191047496972     
           1          72  0.94682506791435250     
