   -0.26469857
    0.10297865
    0.00689271
    0.00534359
   -0.07857766
    0.19492432
   -0.37886284
   -0.10762636
    0.12235663
   -0.20202574
    0.02512976
   -0.07410116
   -0.04978849
   -0.06537021
   -0.07175233
    0.01367307
    0.01703939
   -0.01737872
   -0.07080923
    0.00085978
   -0.04816317
   -0.06687272
    0.13452108
   -0.21851052
    0.02392898
    0.13417836
   -0.22140793
    0.02606496
   -0.07895989
   -0.07169426
   -0.00773017
   -0.11740251
   -0.11934043
    0.06128958
    0.08854184
    0.09139561
    0.08865446
    0.05941674
    0.08424413
    0.05202423
    0.04784491
    0.03697042
    0.06769379
    0.05402004
    0.07346041
    0.08620840
    0.00543627
    0.07251647
    0.06900307
    0.06819070
    0.05678528
    0.05755352
    0.04664235
    0.06015010
    0.05555032
    0.05766724
    0.08393693
    0.08344229
    0.04998974
    0.05428722
    0.04892661
    0.08158322
    0.08152849
    0.08154188
    0.04475955
    0.06716333
    0.03785229
    0.05342255
    0.06229742
    0.03642608
    0.05659261
    0.15817153
