           1           2   1.9546614044933570     
           2           3  0.99629460993216545     
           3           4  0.96225486169110708     
           4           5   1.4791326060343404     
           5           6   1.1699436493393933     
           6           7   1.5655771345810598     
           6           9   1.0569807548025945     
           9          10   1.1373268025998233     
          10          11  0.97515043407225499     
           9          12   1.3981675358780830     
           4          13   1.3269721145279254     
          12          13   1.4044480664559207     
           3          14  0.95664172545334303     
          14          15  0.97880879548256083     
          15          16   1.0632335561644313     
          16          17   1.4223044037417489     
          17          18  0.98722834849272512     
          18          19  0.96621939907992394     
          19          20   1.0077862018503971     
          20          21   1.4057273318979968     
          21          22   1.4186017097051282     
          22          23   1.3806627077401334     
          23          24   1.1145004511459811     
          24          25  0.97498127919440103     
          23          26   1.2154611729424001     
          26          27   1.1080626204843331     
          27          28  0.97747678644143998     
          20          29   1.3815948720059466     
          26          29   1.3924192087892866     
          17          30  0.99636870099774133     
           3          31  0.94001230763933885     
          31          32   1.0077630632704517     
          31          33   1.0082661529713830     
           5          34  0.95974110145629776     
           8          35  0.98996774958980382     
           8          36  0.98951280924981255     
           8          37  0.98994696857303910     
          11          38  0.97054694675569742     
          11          39  0.97643345666519554     
          11          40  0.97083255412766190     
          12          41  0.95976788204236008     
          13          42  0.96327363607126859     
          14          43  0.96666680041660724     
          14          44  0.97229311916159211     
          15          45  0.95897362157135146     
          15          46  0.92308889355376778     
           2          47  0.89749839238720885     
          16          48  0.95593354458348290     
          18          49  0.96361694210283910     
          18          50  0.96750298180710426     
          19          51  0.97149366773754586     
          19          52  0.97164791779640147     
          21          53  0.96785765125925760     
          22          54  0.96279626100278148     
          25          55  0.97215019180591267     
          25          56  0.97189854354398264     
          25          57  0.97645812136201482     
          28          58  0.97645003895823468     
          28          59  0.97295846591800528     
          28          60  0.97270540287204177     
          29          61  0.96234315380829982     
          30          62  0.96548240445245681     
          30          63  0.96130551859911928     
          30          64  0.97754545847357188     
          31          65  0.95784404374327803     
          32          66  0.97311526421839112     
          32          67  0.98015598235400603     
          32          68  0.98001991237265762     
          33          69  0.97400353790563521     
          33          70  0.98211600293707479     
          33          71  0.97878038077530638     
           1          72  0.94065510383430340     
