           1           2   1.9205383092445050     
           2           3   1.0007672681612434     
           3           4  0.98120890001134931     
           4           5   1.3668737972661420     
           5           6   1.4032471208403239     
           6           7   1.0943054663680607     
           7           8  0.97937814381781307     
           6           9   1.2226249277198871     
           9          10   1.1006866573233733     
          10          11  0.97801461210456586     
           9          12   1.3923446229409189     
           4          13   1.4149885084227249     
          12          13   1.4021648543028189     
           3          14  0.94819394033463711     
          14          15  0.97428188661746862     
          15          16   1.0612407358256080     
          16          17   1.4677614961367522     
          17          18  0.98725772809930190     
          18          19  0.96788392684422231     
          19          20   1.0074953677525316     
          20          21   1.4081228319586558     
          21          22   1.4181335103406287     
          22          23   1.3833196491309228     
          23          24   1.1080811861204449     
          24          25  0.97643369690228166     
          23          26   1.2224048214368324     
          26          27   1.1026379318939457     
          27          28  0.97857027773740723     
          20          29   1.3830934788889189     
          26          29   1.3932565733228413     
          17          30  0.99649012200453668     
           3          31  0.94226820937967415     
          31          32   1.0087593084881330     
          31          33   1.0090820080977319     
           5          34  0.95732245502104274     
           8          35  0.97394364075627293     
           8          36  0.97669425862804182     
           8          37  0.97345101019970259     
          11          38  0.97328366724674786     
          11          39  0.97707670096684940     
          11          40  0.97365237757039069     
          12          41  0.96372599222660293     
          13          42  0.95888693089458987     
          14          43  0.96550752940704709     
          14          44  0.97264026825223160     
          15          45  0.96098640222688669     
          15          46  0.93303483896579920     
          16          47  0.95770963971681367     
           2          48  0.93733160832924156     
          18          49  0.96051264783955737     
          18          50  0.96691902888082137     
          19          51  0.97032142642816899     
          19          52  0.97233940914471029     
          21          53  0.96827183800698713     
          22          54  0.96319590675637135     
          25          55  0.97292282683952025     
          25          56  0.97272084552253690     
          25          57  0.97687089984127973     
          28          58  0.97679808827055992     
          28          59  0.97330314617175517     
          28          60  0.97341009406417078     
          29          61  0.96216798770628953     
          30          62  0.96853700275725629     
          30          63  0.94942500112996853     
          30          64  0.97697804759136564     
          31          65  0.96357628033736420     
          32          66  0.98229400557991597     
          32          67  0.98208397307132822     
          32          68  0.98318066507922464     
          33          69  0.97986611138976576     
          33          70  0.98377990712756658     
          33          71  0.98067798543908213     
           1          72  0.94818877102775412     
