   -0.25406840
    0.12288842
    0.01628808
    0.00043087
   -0.08078297
    0.12997473
   -0.22896284
    0.02814466
    0.12948522
   -0.22733695
    0.02643878
   -0.07486785
   -0.05510396
   -0.05782930
   -0.06766781
    0.01041249
    0.03682647
   -0.02465518
   -0.07082804
    0.00267053
   -0.04683041
   -0.06592901
    0.13488391
   -0.21811098
    0.02378992
    0.13450172
   -0.22101977
    0.02588933
   -0.07792055
   -0.07622513
   -0.00424034
   -0.10900834
   -0.11176199
    0.04936848
    0.05320705
    0.08181729
    0.04729791
    0.05558920
    0.08201295
    0.04881310
    0.05339073
    0.04573698
    0.05942102
    0.05798139
    0.06437010
    0.08144017
    0.08221019
   -0.00612845
    0.07797171
    0.08433874
    0.05613639
    0.05573823
    0.04765680
    0.06060876
    0.05667421
    0.05699459
    0.08357585
    0.08303994
    0.05142992
    0.05327081
    0.04947904
    0.07927681
    0.08369951
    0.08436681
    0.03945041
    0.04628741
    0.03930227
    0.05302910
    0.04565883
    0.03874820
    0.05601557
    0.01124664
