           1           2   2.8204070801472292     
           2           3   1.0255744692561941     
           3           4  0.96354423769694597     
           4           5   1.3704763186960984     
           5           6   1.4000597995400863     
           6           7   1.1015107187211945     
           7           8  0.97773419162551156     
           6           9   1.2205013090102552     
           9          10   1.1044078637032482     
          10          11  0.97681607922737201     
           9          12   1.3934395016385743     
           4          13   1.4152183230961384     
          12          13   1.3995423680898340     
           3          14  0.95071378858687194     
          14          15  0.97605574370581061     
          15          16   1.0600772637245235     
          16          17   1.4621333206083733     
          17          18  0.98428318174530371     
          18          19  0.96624166132712896     
          19          20   1.0084869935953613     
          20          21   1.4023347468546219     
          21          22   1.4214354109963545     
          22          23   1.3786494632578417     
          23          24   1.1145730277140282     
          24          25  0.97506240381490628     
          23          26   1.2159574198839476     
          26          27   1.1079944112291522     
          27          28  0.97764314665355379     
          20          29   1.3841445104746279     
          26          29   1.3904585407557795     
          17          30  0.99709433336748088     
           3          31  0.92125252024809612     
          31          32   1.0092309739511118     
          31          33   1.0094583156202426     
           5          34  0.95864341887493987     
           8          35  0.97343661755247024     
           8          36  0.97661207466825117     
           8          37  0.97369603841706187     
          11          38  0.97319903739515934     
          11          39  0.97680349300997027     
          11          40  0.97365521000367272     
          12          41  0.96366184464150861     
          13          42  0.96316528308526894     
          14          43  0.96706885172381418     
          14          44  0.97111322810053124     
          15          45  0.96470415618220684     
          15          46  0.93350671209107483     
          16          47  0.95144941379049286     
          18          49  0.96242306218510021     
          18          50  0.96460285880844043     
          19          51  0.96972675299306244     
          19          52  0.97231058557653249     
          21          53  0.96783078073542961     
          22          54  0.96273317438627382     
          25          55  0.97190719498525624     
          25          56  0.97202614215859984     
          25          57  0.97653149735491684     
          28          58  0.97651745361842168     
          28          59  0.97282963758300578     
          28          60  0.97269389930733696     
          29          61  0.96202972498047168     
          30          62  0.96642221993987032     
          30          63  0.95396791958365301     
          30          64  0.97720658228516932     
          31          65  0.96342365026351595     
          32          66  0.98304663738454456     
          32          67  0.98261095516563857     
          32          68  0.98219345249253875     
          33          69  0.98296835951071160     
          33          70  0.98296024783930958     
          33          71  0.98054130220277780     
          48          72  0.99412491706820294     
