   -0.26642859
    0.10218833
    0.00850079
    0.00807384
   -0.07616879
    0.13161487
   -0.22524586
    0.02703151
    0.13145975
   -0.22314707
    0.02605887
   -0.06947919
   -0.04533252
   -0.05894132
   -0.07283657
    0.07180000
   -0.21014547
   -0.05392740
   -0.05483574
    0.03491401
   -0.03378434
   -0.06351708
    0.14338377
   -0.19077277
    0.01776133
    0.13512237
   -0.22913125
    0.02395284
   -0.07732050
   -0.03040932
   -0.00723040
   -0.11681846
   -0.11928893
    0.05479533
    0.05490035
    0.08207275
    0.05060726
    0.05637998
    0.08203514
    0.05149735
    0.05486758
    0.04470172
    0.05419523
    0.05062330
    0.05124237
    0.06564555
    0.02073009
    0.05023307
    0.06385683
    0.06875180
    0.07392717
    0.06621343
    0.06506947
    0.06811757
    0.06408381
    0.06515144
    0.09108225
    0.08507067
    0.05329318
    0.05278684
    0.06267560
    0.06043665
    0.03527505
    0.05632234
    0.03793090
    0.06617390
    0.03450272
    0.05156633
    0.06665781
    0.03773011
    0.05417298
    0.15752342
