           1           2   1.9519598570286401     
           2           3  0.99200760636210816     
           3           4  0.97552376225505755     
           4           5   1.3726601206610429     
           5           6   1.3949464760563777     
           6           7   1.1037088475758252     
           7           8  0.97736650125663249     
           6           9   1.2155531149257779     
           9          10   1.1068381270010437     
          10          11  0.97679811774542846     
           9          12   1.3838372073613194     
           4          13   1.4018648241076952     
          12          13   1.4133561589200627     
           3          14  0.95048397355099490     
          14          15  0.99328410805970369     
          15          16   1.0039071052999951     
          16          17   1.8840402369457161     
          18          19   1.0305520336378193     
          18          20  0.82142367889815426     
          19          20  0.82160065150801420     
          20          21   1.1237604129583163     
          21          22   1.5730921345293538     
          22          23   1.2868873433889336     
          23          24   1.1656021686146381     
          24          25  0.96691228895274717     
          23          26   1.1529890500917421     
          26          27   1.1012865661002191     
          27          28  0.97492755797861241     
          20          29   1.1047169365584872     
          26          29   1.5291465678582370     
          17          30   1.0364682315139653     
           3          31  0.94268246412841794     
          31          32   1.0077638944363743     
          31          33   1.0079953079515476     
           5          34  0.95745975974839315     
           8          35  0.97254781248057942     
           8          36  0.97648009247274370     
           8          37  0.97253968641618949     
          11          38  0.97241458323473462     
          11          39  0.97674695600591299     
          11          40  0.97259082600179136     
          12          41  0.96307135147622769     
          13          42  0.96173231550968785     
          14          43  0.96607217145501956     
          14          44  0.97107209683425888     
          15          45  0.96165266182333198     
          15          46  0.94203817802660472     
           2          47  0.91901899545817756     
          16          48  0.94851131076004924     
          18          49  0.97481893882107928     
          18          50  0.97461985813331009     
          19          51  0.97360149771831672     
          19          52  0.97449976409433903     
          21          53  0.96612941782664086     
          22          54  0.95972649168427449     
          25          55  0.97129597956944358     
          25          56  0.97080193906675027     
          25          57  0.97574600203314144     
          28          58  0.97633051794071646     
          28          59  0.97369758722523525     
          28          60  0.97416286796761797     
          29          61  0.96105351517269577     
          30          62  0.95778706132209579     
          30          63  0.96177861572432810     
          30          64  0.97340974736260621     
          31          65  0.95780791579948821     
          32          66  0.97292770262839834     
          32          67  0.98087695811567577     
          32          68  0.98076966287221956     
          33          69  0.97136910249146169     
          33          70  0.98177873602862120     
          33          71  0.97868711134790276     
           1          72  0.94035199035011574     
