           1           2   1.1035989117152942     
           3           4   1.7892545862276801     
           4           5   1.3439381419664365     
           2           6   1.6379353490622728     
           5           6   1.0855766797480413     
           6           7  0.94327004455383789     
           7           8   1.6945110269880994     
           7           9   1.1601100465360101     
           8           9  0.13818895307294218     
           9          10  0.96304860282624216     
           9          11   1.0963854850928612     
           9          12  0.11849155563076824     
          11          12   1.7143477699031748     
           5          13   1.2473867095790709     
          11          13   1.0500746518538264     
          12          13  0.10322495201611881     
          13          14  0.97466572143055874     
           1          15  0.91089009144784450     
           1          16  0.90843591992454331     
           1          17  0.89335396923478405     
           3          18  0.92592943887778012     
          10          19  0.96667941124756518     
          10          20  0.95676031217709157     
          10          21  0.95801042132333891     
          14          22  0.95787074815642148     
          14          23  0.95710052838466309     
          14          24  0.96308011454809084     
           3          25  0.94229260899657297     
