   -0.27558948
    0.09695727
    0.00651185
    0.00656538
   -0.07605554
    0.13830504
   -0.20050986
    0.02314686
    0.12979981
   -0.24178312
    0.02687200
   -0.15269542
   -0.05383170
   -0.06623227
   -0.06756608
    0.00009596
    0.00472065
   -0.01546141
   -0.07034270
   -0.00091474
   -0.04919323
   -0.06783650
    0.13300589
   -0.22309054
    0.02538542
    0.13268284
   -0.22574635
    0.02748517
   -0.07988478
   -0.06798865
   -0.00609491
   -0.12037214
   -0.11735455
    0.05426413
    0.06005937
    0.08718614
    0.05556676
    0.05765963
    0.07552976
    0.04985603
    0.10430415
    0.06737652
    0.05677153
    0.05529697
    0.06231347
    0.07731861
    0.00435765
    0.06643526
    0.06607808
    0.06607247
    0.05402029
    0.05536059
    0.04429049
    0.05771166
    0.05354884
    0.05527264
    0.08177571
    0.08137611
    0.04815451
    0.05202055
    0.04652477
    0.07486270
    0.07869212
    0.07974849
    0.03514074
    0.07089462
    0.03328164
    0.05292098
    0.05793682
    0.03496543
    0.05551098
    0.15655261
