           1           2   1.9538136234240095     
           2           3  0.99355687812662075     
           3           4  0.97914424226360108     
           4           5   1.5648024794888828     
           5           6   1.2771483506238448     
           6           7   1.1550696611141025     
           7           8  0.96695998962791996     
           6           9   1.1260518213959594     
           9          10   1.0771404616087525     
          10          11  0.97697817775704177     
           9          12   1.5335872096401701     
           4          13   1.0081185733719551     
          12          13   1.0719944807071873     
           3          14  0.95691234298861239     
          14          15  0.98532507256936075     
          15          16   1.0574825906481713     
          16          17   1.3830510239354459     
          17          18  0.98886375612390565     
          18          19  0.96660102215605592     
          19          20   1.0076434013809028     
          20          21   1.4113245010523885     
          21          22   1.4153492806169257     
          22          23   1.3850907283306633     
          23          24   1.1086240572440140     
          24          25  0.97625849513306284     
          23          26   1.2205783841154538     
          26          27   1.1023769210775700     
          27          28  0.97879046312998197     
          20          29   1.3786651718557676     
          26          29   1.3965416538440538     
          17          30  0.99923823088945152     
           3          31  0.92945940205287836     
          31          32   1.0095122139941142     
          31          33   1.0092382518505421     
           5          34  0.95089145482327986     
           8          35  0.97340202467121062     
           8          36  0.97590152110417827     
           8          37  0.97172212398601077     
          11          38  0.97322538858964247     
          11          39  0.97863881441612399     
          11          40  0.97297900282600036     
          13          41  0.88937799187712518     
          13          42  0.91570669488249590     
          14          43  0.97017456159136006     
          14          44  0.97103532201964038     
          15          45  0.96033196769731655     
          15          46  0.92816543595042766     
           2          47  0.90126865086636543     
          16          48  0.95716600110434780     
          18          49  0.96373439837413799     
          18          50  0.96820303710932853     
          19          51  0.97235069398123208     
          19          52  0.97152844379668057     
          21          53  0.96818047234736204     
          22          54  0.96321030040898181     
          25          55  0.97279814654086061     
          25          56  0.97278177194163806     
          25          57  0.97684259538057305     
          28          58  0.97679572125540715     
          28          59  0.97354818951055488     
          28          60  0.97333067386934147     
          29          61  0.96259248624388771     
          30          62  0.96579398400044458     
          30          63  0.96477240491669458     
          30          64  0.97727029671126520     
          31          65  0.96249403033673187     
          32          66  0.97411608083275880     
          32          67  0.98264429418038624     
          32          68  0.98106997662803452     
          33          69  0.97941187007862152     
          33          70  0.98312663925800448     
          33          71  0.97973775797004259     
           1          72  0.94279714026638695     
