   -0.19263367
    0.03684464
    0.02422215
   -0.00381874
   -0.08227211
    0.12781704
   -0.23511077
    0.02967051
    0.12804293
   -0.23342698
    0.02838248
   -0.07456530
   -0.05457438
   -0.06307902
   -0.07360526
   -0.03377267
    0.05018159
   -0.14746185
   -0.05911371
    0.00514765
   -0.04955727
   -0.06849090
    0.13073880
   -0.22785166
    0.02713649
    0.13143301
   -0.22941949
    0.02781933
   -0.07971767
   -0.08216740
   -0.00767144
   -0.11349833
   -0.11786296
    0.04670792
    0.05034854
    0.07933598
    0.04358419
    0.05234745
    0.07925341
    0.04668336
    0.05093243
    0.03469753
    0.06290662
    0.05432056
    0.05162946
    0.05715039
    0.07973132
    0.07638317
    0.20863566
    0.01298077
    0.02934491
    0.05042583
    0.04148232
    0.05449029
    0.05176528
    0.05309823
    0.07907553
    0.07859591
    0.04746451
    0.05036856
    0.05378017
    0.09365775
    0.07931451
    0.09966142
    0.04666251
    0.05094218
    0.03969232
    0.05325274
    0.05507145
    0.03775349
    0.05690796
    0.19179832
