           1           2  0.98933537085264145     
           2           3   1.3865099877280582     
           3           4   1.2544335569172076     
           4           5   1.2020536280778937     
           2           6   1.1338791396272851     
           5           6   1.2782079585096393     
           6           7   1.2396328439823612     
           7           9   1.3583890492453461     
           8          10   1.0591159291574790     
           9          10  0.91591493415524639     
           9          11   1.0651999083955457     
           9          12  0.11601877323355438     
          11          12   1.7430171604987166     
           5          13   1.2359073775713336     
          11          13   1.0331291271831320     
          12          13  0.13296541679817339     
          13          14  0.97496514203142093     
           1          15  0.95869654252641578     
           1          16  0.96319701658943335     
           1          17  0.96947559079065015     
           3          18  0.95473413567914434     
           8          19  0.88365850795326284     
          10          20  0.94838013919308239     
          10          21  0.95695800647252516     
          14          22  0.96974597283640351     
          14          23  0.97084632973438345     
          14          24  0.96458735509043125     
           4          25  0.91973790220452722     
