           1           2  0.99433960134070043     
           2           3   1.4017249735532262     
           2           4  0.11131567168150665     
           3           4   1.3159044476564197     
           4           5   1.0338869963960930     
           2           6   1.0425850307776416     
           5           6   1.0414167463932360     
           6           7   1.4775502275331838     
           6           8  0.15111070445083230     
           7           8   2.0823732825746748     
           9          10   1.0248817950847318     
           9          11   1.9859262020092809     
           9          12  0.34763388813432367     
          11          12   1.8799915286328415     
           5          13   1.7076623913465219     
          13          14   1.0289038063514346     
           1          15  0.96169206351466685     
           1          16  0.97356441649560921     
           1          17  0.96335416126483842     
           3          18  0.94930042000780146     
          10          19  0.95952579783646419     
          10          20  0.94966780973071407     
          10          21  0.95119611418829519     
          14          22  0.95052863104498786     
          14          23  0.95474129618421921     
          14          24  0.95884372355250180     
           4          25  0.92313809287316151     
