           1           2  0.98661561877585391     
           2           3   1.3779834143916398     
           3           4   1.2659458864992947     
           4           5   1.1940481670531391     
           2           6   1.1458058571910588     
           5           6   1.3282362275409993     
           6           7   1.1165637731273754     
           7           8   1.6698426473708570     
           7           9  0.98818823049069737     
           8           9  0.10708451818409484     
           9          10   1.3487900347251180     
           9          11   1.0080483592619334     
          11          12   1.7092545116713729     
           5          13   1.1882623662068792     
          11          13   1.0909308149057184     
          12          13  0.13508369410014376     
          13          14  0.97013277290369782     
           1          15  0.95570310593919916     
           1          16  0.96436185381857076     
           1          17  0.96133450449717339     
           3          18  0.95328809651974034     
          10          20  0.91294232250307938     
          10          21  0.95775121373059835     
          14          22  0.97138118432941067     
          14          23  0.97180458698707084     
          14          24  0.96493475051639588     
           4          25  0.91910951181422684     
