           1           2  0.99463017261914222     
           2           3   1.2685595649202301     
           3           4   1.4878512968316877     
           4           5   1.2655412639998105     
           2           6   1.2172442697572270     
           5           6   1.2548968361579380     
           6           7   1.0755961461721069     
           7           8   1.6714798858772304     
           7           9   1.1021847069042434     
           8           9  0.12675995444668134     
           9          10  0.97884295502322960     
           9          11   1.1069996843212651     
           9          12  0.11670524895779888     
          11          12   1.6853736491720281     
           5          13   1.2089654445472036     
          11          13   1.0678102636882230     
          12          13  0.10108832152924505     
          13          14  0.98354104049462765     
           1          15  0.94792568078319794     
           1          16  0.95674211759006145     
           1          17  0.95927235136500066     
           3          18  0.95457219921458192     
          10          19  0.95953139051691394     
          10          20  0.94330632591913566     
          10          21  0.94353846559689036     
          14          22  0.94751731347983925     
          14          23  0.94655555408410774     
          14          24  0.96157485321236957     
