   -0.26461739
    0.10208936
    0.00669103
    0.00622788
   -0.07787863
    0.13139157
   -0.22769151
    0.02678767
    0.12811525
   -0.22973715
    0.02767694
   -0.07470033
   -0.05371452
   -0.06741599
   -0.06885632
    0.00637990
    0.00825361
   -0.01667418
   -0.07007465
   -0.00024390
   -0.04860495
   -0.06737762
    0.13359046
   -0.22144987
    0.02482733
    0.13314044
   -0.22441443
    0.02714666
   -0.07966614
   -0.07003853
   -0.00747960
   -0.12006780
   -0.11587756
    0.05491604
    0.05558233
    0.08155482
    0.04825948
    0.05602773
    0.08080747
    0.04289806
    0.04998229
    0.03610816
    0.05805601
    0.05319344
    0.06575858
    0.07922285
    0.00886706
    0.06953766
    0.06798714
    0.06762269
    0.05412906
    0.05495935
    0.04517609
    0.05873697
    0.05436714
    0.05613285
    0.08255996
    0.08203582
    0.04851316
    0.05249820
    0.04695750
    0.07394688
    0.07960178
    0.07969206
    0.03807155
    0.07295091
    0.03869647
    0.05017540
    0.05312633
    0.03312096
    0.05440014
    0.15803259
