           1           2  0.99009219536703796     
           2           3   1.2993789702538570     
           3           4   1.2604348677645247     
           4           5   1.1996703373156015     
           2           6   1.1337244235219313     
           5           6   1.2655787499150455     
           6           7   1.2787075594010595     
           7           8   1.0969726601531498     
           7           9   1.1336456958314527     
           7          10  0.13083131972456594     
           9          10   1.3028981665958730     
           9          11  0.98250136593732418     
          11          12   1.6989578937990792     
           5          13   1.1596396700365135     
          11          13   1.1175495201988777     
          12          13  0.14649038127472733     
          13          14  0.97212404765504323     
           1          15  0.96363370529357795     
           1          16  0.96501394798645102     
           1          17  0.96768036282590419     
           3          18  0.95702744873701950     
           8          19  0.83577370327828826     
          10          20  0.96319895417855683     
          10          21  0.95771397059967034     
          14          22  0.97190703420606628     
          14          23  0.97138625994616934     
          14          24  0.96590021521634506     
           4          25  0.92193402026666860     
