           1           2  0.98387474900423677     
           2           3   1.4062970611777310     
           3           4   1.2840919592969000     
           4           5   1.1712050411953678     
           2           6   1.1808924340272480     
           5           6   1.3369392742402839     
           6           7  0.98952411860114864     
           7           8   1.6359640012627243     
           7           9   1.2401465182259730     
           8           9  0.13336369706800463     
           9          11   1.2782184030915458     
           9          12  0.11378278284239043     
          11          12   1.6771601338550282     
           5          13   1.2673747115591980     
          11          13  0.91065890687327111     
          13          14  0.98653648758984891     
           1          15  0.95439112086242361     
           1          16  0.96330573957707255     
           1          17  0.95640067467230583     
           3          18  0.95175868987310241     
          10          19  0.97892289542040745     
          10          20  0.97984633805020760     
          10          21  0.97876253742419184     
          14          22  0.96458965578774469     
          14          23  0.96326179087956820     
          14          24  0.96005432325525153     
           4          25  0.91889700097454063     
