           1           2   1.7869252530005499     
           3           4   1.4674432925011411     
           4           5   1.1420170265684604     
           2           6   1.2041489837286845     
           5           6   1.3361215227601748     
           6           7   1.0192465911274362     
           7           8   1.6746816643857549     
           7           9   1.1226854066858816     
           8           9  0.12894771111130424     
           9          10  0.96683001975070504     
           9          11   1.1224898421185829     
           9          12  0.12691929331604401     
          11          12   1.6924937810461143     
           5          13   1.1846950315362033     
          11          13   1.0534265346037752     
          12          13  0.11879093589857440     
          13          14  0.97953653813815755     
           3          15  0.94123426116413411     
           1          16  0.94032993337792070     
           1          17  0.89323959926497343     
           3          18  0.96189942604938827     
          10          19  0.96658584155878480     
          10          20  0.95802044148598764     
          10          21  0.95830056598610924     
          14          22  0.96179151470547963     
          14          23  0.96606071073321553     
          14          24  0.95342514553664282     
           4          25  0.89115014795416703     
