           1           2   1.8942329072580297     
           2           3  0.97016150960798753     
           3           4  0.97024887999584841     
           4           5   1.3743606066873442     
           5           6   1.3901663987675059     
           6           7   1.1127775535267266     
           7           8  0.97566986700156833     
           6           9   1.2047731290702932     
           9          10   1.1150319002094911     
          10          11  0.97545385620197844     
           9          12   1.3766873211113251     
           4          13   1.3909270457488250     
          12          13   1.4169644471241598     
           3          14  0.96681472919874434     
          14          15   1.0064534785244337     
           2          16  0.98172771955635174     
          15          16   1.0042215201203677     
          17          18   1.9459153761785468     
          19          20   1.4929397814584240     
          20          21   1.2059453738936408     
          21          22   1.5259108969616737     
          22          23   1.3111978809730285     
          23          24   1.1551834351714614     
          24          25  0.96824414593141839     
          23          26   1.1663044625559227     
          26          27   1.1056548023915509     
          27          28  0.97582339302664223     
          20          29   1.2010776837413120     
          26          29   1.4792960979753953     
          17          30   1.0438534733100331     
           3          31  0.93587697408858983     
          31          32   1.0078531135945072     
          31          33   1.0077291651499440     
           5          34  0.95570801330138055     
           8          35  0.97106358376074176     
           8          36  0.97599805354510549     
           8          37  0.97130447946517107     
          11          38  0.97112666859075991     
          11          39  0.97631735530035801     
          11          40  0.97178286058775953     
          12          41  0.96243739668756156     
          13          42  0.96130825942475751     
          14          43  0.97200064497101313     
          14          44  0.96661535121345732     
          15          45  0.97489089481074676     
          15          46  0.97445415997074725     
          16          47  0.95117001299088288     
          16          48  0.94580668672181512     
          18          49  0.94231384814228891     
          18          50  0.96434675070835407     
          19          51  0.97761376150212498     
          19          52  0.97751025494478783     
          21          53  0.96634033486248516     
          22          54  0.96078614994113920     
          25          55  0.97037155538645403     
          25          56  0.97101733334719653     
          25          57  0.97587527922134709     
          28          58  0.97631514898730654     
          28          59  0.97276706945250790     
          28          60  0.97212851253771038     
          29          61  0.96119587812530560     
          30          62  0.95766040519835915     
          30          63  0.95750631301713041     
          30          64  0.96803495088489777     
          31          65  0.95489225197110705     
          32          66  0.96716810247176443     
          32          67  0.97933044454976659     
          32          68  0.97892356534712444     
          33          69  0.97947317692366664     
          33          70  0.97653573954320350     
          33          71  0.97944510365144299     
           1          72  0.93480176984533270     
