           1           2  0.98256478767936495     
           2           3   1.3661701671168014     
           3           4   1.3296708324740885     
           4           5   1.0695844490400799     
           2           6   1.2120074987500409     
           5           6   1.2089971358105340     
           6           7   1.0316226163076749     
           7           8   1.5183819414078799     
           7           9   1.3027936979461738     
           8           9  0.11167898784525804     
           9          10   1.1175710824394283     
          11          12   2.6088137459612151     
           5          13   1.5272201631904441     
          13          14   1.0641104916756901     
           1          15  0.95474195471824763     
           1          16  0.96343338618445873     
           1          17  0.94240470907393148     
           3          18  0.95088763302559831     
          10          19  0.90089160455085360     
          10          20  0.89613374626976683     
          10          21  0.90290463651251862     
          14          22  0.92959962623432202     
          14          23  0.92935633955032226     
          14          24  0.94992348003889215     
           4          25  0.92225841774952177     
