           1           2   1.0703738445518622     
           2           3   2.5438658177517319     
           4           5   1.8123144498048875     
           4           6  0.15541214464875397     
           5           6   1.9901408897376272     
           6           7   1.3274721680457415     
           6           8  0.10585186854424532     
           7           8   1.6106730146567181     
           7           9  0.81967083241800109     
           9          10  0.96231365330140084     
           9          11   1.5028646513281692     
          11          12   1.0942212168965324     
          11          13   1.0984463619937357     
          12          13  0.84299194580231362     
          13          14  0.99991174703150798     
           1          15  0.92493112740096906     
           1          16  0.92532418424103757     
           1          17  0.90251823861725589     
           3          18  0.90266086053079519     
          10          19  0.96182992281450197     
          10          20  0.96203463504441888     
          10          21  0.97228303788459858     
          14          22  0.94372420134373203     
          14          23  0.97320466469534750     
          14          24  0.96609613684853335     
           4          25  0.91339746378477427     
