           1           2  0.99464424828395293     
           2           3   1.2667965096222327     
           3           4   1.4894928070157281     
           4           5   1.2670130454680484     
           2           6   1.2178828393124095     
           5           6   1.2531983260308184     
           6           7   1.0760423901060527     
           7           8   1.6721770554604909     
           7           9   1.1009022566832720     
           8           9  0.12696024305967657     
           9          10  0.97939334569750935     
           9          11   1.1054777572127754     
           9          12  0.11684525306566068     
          11          12   1.6863495238724457     
           5          13   1.2090757030846588     
          11          13   1.0683839211051682     
          12          13  0.10097984131663586     
          13          14  0.98361555880712226     
           1          15  0.94935835711269911     
           1          16  0.95512864894735616     
           1          17  0.95987103165439980     
           3          18  0.95463114398061988     
          10          19  0.95900538557548254     
          10          20  0.94336300887534852     
          10          21  0.94361285036327502     
          14          22  0.94731819082534441     
          14          23  0.94620378462563126     
          14          24  0.96215855970988795     
