           1           2  0.99130044987422339     
           2           3   1.3648797820721246     
           3           4   1.2533745582298756     
           4           5   1.1762299014569153     
           2           6   1.1455202113495326     
           5           6   1.2653632507296257     
           6           7   1.1122018031974517     
           7           8   1.6561070666265612     
           7           9  0.99223540211525274     
           9          10   1.5461259349707994     
           9          11  0.76994418039023849     
          11          12   1.3957059729507300     
           5          13   1.2944065890594059     
          11          13  0.82442372919894191     
          13          14  0.99550174908951117     
           1          15  0.94817303704928690     
           1          16  0.96687613147653506     
           1          17  0.95255087926747328     
           3          18  0.95295162124145283     
          10          19  0.94712861192536479     
          10          20  0.94530163030456271     
          11          21  0.86755089552708009     
          14          22  0.95257112244154030     
          14          23  0.96026156684452568     
          14          24  0.95171457400160719     
           4          25  0.92013293927418671     
