           1           2  0.98903361665436673     
           2           3   1.3794872086087802     
           3           4   1.3373078307925395     
           4           5   1.1061970384285496     
           2           6   1.1873755255420471     
           5           6   1.1928363183388173     
           6           7   1.0433234707361647     
           7           8   1.5939861638993844     
           7           9   1.2173542647169606     
           8           9  0.12815591767570622     
           9          11   1.2109788012205867     
          10          11  0.89844081128412612     
           9          12  0.11812331990323666     
          11          12   1.7149199647676934     
           5          13   1.4904735098701538     
          13          14   1.1334488182922398     
           1          15  0.94765180966470586     
           1          16  0.97219078759118149     
           1          17  0.95062995382577697     
           3          18  0.94905602998170069     
          10          19  0.93757069462995057     
          10          20  0.93434536480257779     
          10          21  0.95364031788234371     
          14          22  0.90825480504114220     
          14          23  0.90569837207938875     
           9          24  0.12965479951622100     
          14          24  0.76210396367196021     
           4          25  0.91546606323255508     
