           1           2  0.98394098060826207     
           2           3   1.4038427184798994     
           3           4   1.2724034590776441     
           4           5   1.1903761320731403     
           2           6   1.1676006977532352     
           5           6   1.3531100134119416     
           6           7   1.0586676226858280     
           7           8   1.6912559511721152     
           7           9   1.1100991722561844     
           8           9  0.15127024697528285     
           9          10  0.96778492369486835     
           9          11   1.1217072688118246     
           9          12  0.13532049512343125     
          11          12   1.7142579677771894     
           5          13   1.2209838953363201     
          11          13   1.0300335108649255     
          12          13  0.12186881163568933     
          13          14  0.97404688004058382     
           1          15  0.95464857768527156     
           1          16  0.96296332888892899     
           1          17  0.95969021505149543     
           3          18  0.95186737748794759     
          10          19  0.96785814373392554     
          10          20  0.96327492471174958     
          10          21  0.96343182706342678     
          14          22  0.97057103685820856     
          14          23  0.97049987588360476     
          14          24  0.96332303209088854     
           4          25  0.91783368854821834     
