           1           2   1.3240135083168798     
           2           3   1.2366604938059218     
           3           4   1.2202998267958614     
           4           5   1.2010248556130396     
           2           6   1.0876687132589544     
           5           6   1.3227557939195662     
           6           7   1.1005071578955219     
           7           8   1.6557174493860600     
           7           9   1.0768528142309752     
           8           9  0.12332777476717724     
           9          10  0.97690909554072580     
           9          11   1.1240459135856469     
           9          12  0.12447331648653610     
          11          12   1.6801783341856769     
           5          13   1.2011522333042044     
          11          13   1.0459575588901513     
          12          13  0.11178419779931281     
          13          14  0.97735457100780909     
           1          15  0.95173156786835778     
           1          16  0.96478009246376573     
           3          18  0.95554934108101675     
          10          19  0.95660181495195573     
          10          20  0.94902300593812994     
          10          21  0.94952918179183321     
          14          22  0.96439561487052017     
          14          23  0.96378195573401293     
          14          24  0.95939102575540813     
           4          25  0.92082418506306285     
