           1           2   1.0969828481850599     
           3           4   1.7045363863416625     
           4           5   1.0688539560969086     
           2           6   1.5722281094471748     
           5           6   1.1809124287696522     
           6           7  0.95635266773579686     
           7           8   1.7285146875552106     
           7           9   1.1401252545679206     
           8           9  0.14696254631935074     
           9          10  0.95652000750484156     
           9          11   1.1324979410854594     
           9          12  0.13425112124464578     
          11          12   1.7253271596763344     
           5          13   1.2944136581450656     
          11          13  0.99598679470144935     
          13          14  0.97965252524999402     
           1          15  0.90387497201040667     
           1          16  0.90980556699473081     
           1          17  0.92749252242458391     
           3          18  0.91689479431282084     
          10          19  0.96980364946982012     
          10          20  0.96784491751101531     
          10          21  0.96509603604059824     
          14          22  0.95909405070753750     
          14          23  0.95321959815411483     
          14          24  0.95719729579981661     
           4          25  0.79269854906436354     
