   -0.04133930
   -0.04537351
   -0.00002815
   -0.01408539
   -0.08079839
    0.12790513
   -0.23783447
    0.03015325
    0.12605109
   -0.23608150
    0.02961119
   -0.07837532
   -0.07257512
   -0.06550384
   -0.06448342
   -0.01906396
   -0.00266128
   -0.01572359
   -0.06969542
   -0.00406325
   -0.05253175
   -0.07023511
    0.12901349
   -0.23370059
    0.02875011
    0.12901080
   -0.23547634
    0.03061932
   -0.08125445
   -0.06641724
   -0.07828787
   -0.11121646
   -0.11101790
    0.04547106
    0.04759666
    0.07816689
    0.04503249
    0.04799528
    0.07840999
    0.04621086
    0.04456729
    0.01990367
    0.06569105
    0.05074389
    0.06187829
    0.07011013
    0.05753332
    0.05516017
    0.06052842
    0.06302603
    0.05193120
    0.05119459
    0.03842810
    0.05180881
    0.04809723
    0.05058463
    0.07686731
    0.07654831
    0.04330446
    0.04810207
    0.04248614
    0.06988489
    0.07368581
    0.07288666
    0.23100008
    0.03360385
    0.03695354
    0.06408502
    0.03522477
    0.04278948
    0.06320810
    0.21600867
