           1           2  0.94235160527869422     
           2           3   1.7334241444159939     
           3           4   1.0596812225040544     
           4           5   1.3327196551835934     
           5           6   1.4172709345848644     
           6           7   1.0929202369454485     
           7           8  0.97970566814077042     
           6           9   1.2236547906062023     
           9          10   1.0953467598392401     
          10          11  0.97922872246578241     
           9          12   1.3947478239941826     
           4          13   1.3776888410464765     
          12          13   1.3996395112312705     
           3          14   1.0069482434469099     
          14          15  0.96431632240000542     
          15          16   1.0585437233674548     
          16          17   1.3470565685644402     
          17          18  0.99242740391393358     
          18          19  0.96555668506532943     
          19          20   1.0083674799117490     
          20          21   1.4198326606777596     
          21          22   1.4106876942577711     
          22          23   1.3934896229792091     
          23          24   1.0946646026733458     
          24          25  0.97945660054787442     
          23          26   1.2333923459883249     
          26          27   1.0895296009949462     
          27          28  0.98181829264175902     
          20          29   1.3752722913984567     
          26          29   1.4032846538152697     
          17          30   1.0016927229906236     
           1          31  0.86770203410393143     
          31          32   1.0434747935927045     
          31          33   1.0418664785138980     
           5          34  0.96087553428293637     
           8          35  0.97504291809907917     
           8          36  0.97731878069409339     
           8          37  0.97519842307404159     
          11          38  0.97531071180398587     
          11          39  0.97740284574402270     
          11          40  0.97493089441649217     
          12          41  0.96468951757038734     
          13          42  0.96467929837286448     
          14          43  0.95223196520299203     
          14          44  0.97333324388435360     
          15          45  0.96678369562681610     
          15          46  0.94091215490055580     
           2          47  0.96241258465214841     
          16          48  0.96196097699826388     
          18          49  0.96635966610635804     
          18          50  0.96802390411712469     
          19          51  0.97158651375434268     
          19          52  0.97320694868400193     
          21          53  0.96888879092651670     
          22          54  0.96410265065387046     
          25          55  0.97433949474138948     
          25          56  0.97432146227610084     
          25          57  0.97764044923876281     
          28          58  0.97755259491843660     
          28          59  0.97470724867105718     
          28          60  0.97456791852909319     
          29          61  0.96303733266102753     
          30          62  0.96720838367285555     
          30          63  0.96415366358381138     
          30          64  0.97843963809595147     
           1          65  0.89527446411763967     
          32          66  0.97748333690581424     
          32          67  0.95005479138185100     
          32          68  0.97535464403473782     
          33          69  0.98062927113161091     
          33          70  0.95142702213735075     
          33          71  0.97203928182991239     
           1          72  0.92392548441568367     
