   -0.26257842
    0.10272585
    0.00735842
    0.00435479
   -0.07944047
    0.12432515
   -0.20061972
    0.02490901
    0.19587971
   -0.36971588
   -0.11161352
   -0.07164208
   -0.04742851
   -0.06468149
   -0.06956685
    0.01124291
    0.01794784
   -0.01773937
   -0.07098994
    0.00118801
   -0.04784510
   -0.06673856
    0.13489803
   -0.21753412
    0.02366286
    0.13461603
   -0.22037496
    0.02557828
   -0.07870574
   -0.07322209
   -0.00679701
   -0.11851591
   -0.11840154
    0.04851178
    0.05867253
    0.08613667
    0.05255525
    0.08247151
    0.09308884
    0.07995325
    0.05985521
    0.03755231
    0.06172832
    0.05378778
    0.06915123
    0.08337887
    0.00769869
    0.07229535
    0.07025156
    0.06830376
    0.05638434
    0.05846741
    0.04678764
    0.06045233
    0.05617706
    0.05789487
    0.08441998
    0.08402203
    0.05103215
    0.05485629
    0.04989282
    0.08024961
    0.08418759
    0.08348626
    0.03928375
    0.07061541
    0.03804054
    0.05248180
    0.05992190
    0.03527999
    0.05644073
    0.15969695
