           1           2   1.9596298058152859     
           2           3  0.99393637785457845     
           3           4  0.97299878309400367     
           4           5   1.3624041567247518     
           5           6   1.4138403434792404     
           6           7   1.1386436359484897     
           7           8  0.97448530732314120     
           6           9   1.0506152213994682     
           9          10   1.5810767713789637     
           9          12   1.1588990545772133     
           4          13   1.3236922899712298     
          12          13   1.5228178221471151     
           3          14  0.95438998605491598     
          14          15  0.98286064029460629     
          15          16   1.0602830457174468     
          16          17   1.4220715864352880     
          17          18  0.98710897157944866     
          18          19  0.96626631742466995     
          19          20   1.0077245227138303     
          20          21   1.4044292266818323     
          21          22   1.4194274813942804     
          22          23   1.3794658548655714     
          23          24   1.1157135808774121     
          24          25  0.97471738613862002     
          23          26   1.2145592953805708     
          26          27   1.1096558805354659     
          27          28  0.97697382082480844     
          20          29   1.3824022012432509     
          26          29   1.3910670873266917     
          17          30  0.99682280696585623     
           3          31  0.93909278022731790     
          31          32   1.0079775226197405     
          31          33   1.0090815509927151     
           5          34  0.95326030694389274     
           8          35  0.97084507220594962     
           8          36  0.97592842131873758     
           8          37  0.97038666349940983     
          11          38  0.99099353871818607     
          11          39  0.98925196822399020     
          11          40  0.99137524623346940     
          12          41  0.96433048330790161     
          13          42  0.95656274469740143     
          14          43  0.96911749039001860     
          14          44  0.97225705549602903     
          15          45  0.95960145566073440     
          15          46  0.92401869169026662     
           2          47  0.89592804624596523     
          16          48  0.95587005216497090     
          18          49  0.96298582222737161     
          18          50  0.96790003588261664     
          19          51  0.97164072200898854     
          19          52  0.97129830912246262     
          21          53  0.96783720921696892     
          22          54  0.96271458182511860     
          25          55  0.97184591350867888     
          25          56  0.97186787451112333     
          25          57  0.97634960751604638     
          28          58  0.97632614981713739     
          28          59  0.97274342731662766     
          28          60  0.97250222176302703     
          29          61  0.96222215011688561     
          30          62  0.96483234447583088     
          30          63  0.95921460724428376     
          30          64  0.97688633422661642     
          31          65  0.95768033482433979     
          32          66  0.97214517218824259     
          32          67  0.98015093761944050     
          32          68  0.98044615266907731     
          33          69  0.97595717008179861     
          33          70  0.98258266864210997     
          33          71  0.97902427225167377     
           1          72  0.94018795670642696     
