           1           2   1.0165171403036475     
           3           4   1.2053173795534680     
           3           5  0.85994617798796280     
           4           5  0.88331059166244819     
           2           6   1.3998975017056594     
           5           6   1.0386943169514737     
           6           7   1.0845422952447468     
           7           8   1.6480043184039275     
           7           9   1.0755338435345931     
           8           9  0.12488838493797297     
           9          10  0.96389839513108588     
           9          11   1.1733145489870598     
           9          12  0.14463017394311023     
          11          12   1.7139394231065113     
           5          13  0.99148187122192488     
          11          13  0.94568143279093120     
          13          14   1.4187036395388568     
           1          15  0.94090240643443568     
           1          16  0.94196579302525085     
           1          17  0.95238135158292747     
           2          18  0.90888892204909955     
          10          19  0.96526538703292564     
          10          20  0.96292599710956628     
          10          21  0.95910700336978305     
          14          22  0.96516758176903739     
           3          23  0.93865831745117889     
          14          24  0.95126731461265956     
           4          25  0.90563185007711045     
