           1           2  0.98936747344904663     
           2           3   1.3825228872870789     
           3           4   1.2559074648426520     
           4           5   1.2037923976051390     
           2           6   1.1383150701026965     
           5           6   1.2868577382384294     
           6           7   1.2283390305082231     
           7           9   1.3694398223321143     
           8          10   1.0742432568651172     
           9          10  0.90813034892756705     
           9          11   1.0697681679827340     
           9          12  0.11503373312876253     
          11          12   1.7087894866464650     
           5          13   1.2222697873565709     
          11          13   1.0582131813291562     
          12          13  0.13370261291506824     
          13          14  0.97391149687795286     
           1          15  0.95718413629457366     
           1          16  0.96484748771009121     
           1          17  0.96917643047345137     
           3          18  0.95472185247779240     
           8          19  0.87517193802991367     
          10          20  0.94594934983232504     
          10          21  0.94720171627578009     
          14          22  0.97067894889575101     
          14          23  0.97014729841701941     
          14          24  0.96553079315518653     
           4          25  0.91970920829833791     
