           1           2   1.1662681232555805     
           1           3  0.96130232482457523     
           4           5   1.6958005918942460     
           3           6   1.7192079791358510     
           5           6   1.0073711179978426     
           6           7  0.99882568974458585     
           7           8   1.6771240394323246     
           7           9   1.1563910972229623     
           8           9  0.12831731347563802     
           9          10  0.97617622156193684     
           9          11   1.0743280865642564     
           9          12  0.10296893581836306     
          11          12   1.6975031857073588     
           5          13   1.1545569371220816     
          11          13   1.0980003355439785     
          12          13  0.10864781036704807     
          13          14  0.98006675747130911     
           1          15  0.86041752597942833     
           1          16  0.87316520035880929     
           2          17  0.89934474726642732     
           3          18  0.94621883453734668     
          10          19  0.96202258383826555     
          10          20  0.94357636889656948     
          10          21  0.94587049917123767     
          14          22  0.94340692191009423     
          14          23  0.93926688933427582     
          14          24  0.95866531811493561     
           4          25  0.92109326204391850     
