           1           2  0.98547607288976746     
           2           3   1.4066506865499273     
           3           4   1.2832625168951799     
           4           5   1.1704669456252399     
           2           6   1.1777237326364667     
           5           6   1.3332877051697296     
           6           7   1.0007680480149537     
           7           8   1.6097492738907779     
           7           9   1.2529120431532983     
           8           9  0.13496321089520108     
           9          11   1.2701271602914754     
           9          12  0.11204138047731982     
          11          12   1.6891180900441387     
           5          13   1.2724664981492269     
          11          13  0.90675708526629395     
          13          14  0.98722162504872779     
           1          15  0.95172170598695127     
           1          16  0.96854496077483421     
           1          17  0.95766057140549410     
           3          18  0.95170507065932020     
          10          19  0.96762792773941309     
          10          20  0.97886806459096909     
          10          21  0.97890849747542330     
          14          22  0.96331778721085226     
          14          23  0.96326370070144784     
          14          24  0.95908470149692715     
           4          25  0.91888775796749056     
