           1           2  0.99699856392973174     
           2           3   1.2747308229398921     
           3           4   1.4611721876637340     
           4           5   1.2754138175141370     
           2           6   1.1930584822734065     
           5           6   1.2574111302788080     
           6           7   1.0883519421621404     
           7           8   1.6495216465313867     
           7           9   1.0892525980179459     
           8           9  0.11768938569685244     
           9          10  0.98234512892445369     
           9          11   1.1041235837562520     
           9          12  0.11107069324279284     
          11          12   1.6622936850135366     
           5          13   1.1871677106517764     
          11          13   1.0839714253799733     
          12          13  0.10331140791102339     
          13          14  0.98199627089965769     
           1          15  0.94247383053629030     
           1          16  0.95116379729431388     
           1          17  0.95303126426220797     
           3          18  0.95196587784191578     
          10          19  0.94933862508744404     
          10          20  0.93643197080378604     
          10          21  0.93682279306939953     
          14          22  0.94433010221688996     
          14          23  0.94387367608068162     
          14          24  0.95406350312919186     
