           1           2  0.98318499136604864     
           2           3   1.4043840340032974     
           3           4   1.2716875822532709     
           4           5   1.1890950127994000     
           2           6   1.1676150275061861     
           5           6   1.3501525354044182     
           6           7   1.0601759550073697     
           7           8   1.6883616809835451     
           7           9   1.1107531832262292     
           8           9  0.15058201779144897     
           9          10  0.96752278017213478     
           9          11   1.1233473121901720     
           9          12  0.13637029452591293     
          11          12   1.7174572632202638     
           5          13   1.2219435597020736     
          11          13   1.0245607185746655     
          12          13  0.12085834764351050     
          13          14  0.97642968729123902     
           1          15  0.95821016286728922     
           1          16  0.95916708447070220     
           1          17  0.95908425346957538     
           3          18  0.95188109511142704     
          10          19  0.96796279608264890     
          10          20  0.96368951662956981     
          10          21  0.96324738333866788     
          14          22  0.97580175040859540     
          14          23  0.96440350969660749     
          14          24  0.96403871048660772     
           4          25  0.91753993207053519     
