           1           2  0.98379873935434003     
           2           3   1.3883614043072896     
           3           4   1.2894780602735219     
           4           5   1.1681929015466337     
           2           6   1.1661466943072332     
           5           6   1.3418025464435361     
           6           7   1.0716450883183297     
           7           8   1.6778023314560917     
           7           9   1.0829555052277458     
           8           9  0.13827639840419545     
           9          10  0.96162381912162287     
           9          11   1.1692355830043502     
           9          12  0.15115371027144597     
          11          12   1.7315972532585326     
           5          13   1.1625663028071660     
          11          13  0.93035478860098697     
          13          14   1.3066356180186482     
           1          15  0.95446473918090913     
           1          16  0.96218005705058340     
           1          17  0.95914555317328365     
           3          18  0.95106905972586164     
          10          19  0.96739786552795337     
          10          20  0.96499891684310035     
          10          21  0.96595021850128138     
          14          22  0.96530623174466790     
          14          24  0.95766787792490549     
           4          25  0.91711764440213828     
