           1           2   1.9606663973982843     
           2           3  0.99371206850184479     
           3           4  0.96923889604593028     
           4           5   1.3683927300613337     
           5           6   1.3993348031590873     
           6           7   1.1025627021891105     
           7           8  0.97743193414946528     
           6           9   1.2179525682146937     
           9          10   1.1061550907718081     
          10          11  0.97630287811933858     
           9          12   1.3890799814892569     
           4          13   1.4102733578930002     
          12          13   1.4056003864313407     
           3          14  0.95831874038332732     
          14          15  0.98255787392677596     
          15          16   1.0586244336703143     
          16          17   1.4392406201513370     
          17          18  0.98353659376324265     
          18          19  0.96480757114163540     
          19          20   1.0061773328354844     
          20          21   1.4041433915805328     
          21          22   1.4110478595660272     
          22          23   1.4706630307265587     
          24          25   1.9371965015228341     
          23          26   1.3199749123716069     
          26          27   1.0940267676848003     
          27          28  0.97743410411784726     
          20          29   1.4122355124888248     
          26          29   1.3558540249712159     
          17          30  0.99757089758771111     
           3          31  0.94046693285704241     
          31          32   1.0082092990407503     
          31          33   1.0088203858107108     
           5          34  0.95750865174346089     
           8          35  0.97300831799265830     
           8          36  0.97641011948377010     
           8          37  0.97311842733086173     
          11          38  0.97291134495375342     
          11          39  0.97662665799875392     
          11          40  0.97295244901821931     
          12          41  0.96335591912350993     
          13          42  0.96249889516485787     
          14          43  0.96853422264304401     
          14          44  0.97183465954145876     
          15          45  0.96048433320537063     
          15          46  0.92457912030978417     
           2          47  0.90183302624570871     
          16          48  0.95607683065710913     
          18          49  0.95583188778394768     
          18          50  0.96657161485214149     
          19          51  0.97266215718838656     
          19          52  0.97120870596013442     
          21          53  0.96804554469282733     
          22          54  0.96725388805281376     
          25          55  0.94430777251304188     
          23          56  0.96525584631970862     
          25          57  0.94387732242066402     
          28          58  0.97739653370340340     
          28          59  0.97363529557480910     
          28          60  0.97343128812659896     
          29          61  0.96265053185476324     
          30          62  0.96435557534198901     
          30          63  0.96257923647355559     
          30          64  0.97594467079805247     
          31          65  0.95913193256430318     
          32          66  0.97251740673009257     
          32          67  0.98121183198974871     
          32          68  0.98058358778033783     
          33          69  0.97622851144456224     
          33          70  0.98246786736896452     
          33          71  0.97952928413465667     
           1          72  0.93998767204551104     
