           2           3   1.5587607409164237     
           3           4   1.2117395194281346     
           4           5   1.2243818623814846     
           2           6   1.2716534460509048     
           5           6   1.2742785822093610     
           6           7   1.0700348538284634     
           7           8   1.6730449221316870     
           7           9   1.0994921483681819     
           8           9  0.12667586015819920     
           9          10  0.97552776940418884     
           9          11   1.1205251199086252     
           9          12  0.12273003987835140     
          11          12   1.6861504530541227     
           5          13   1.2118656712943678     
          11          13   1.0541797489372222     
          12          13  0.10837233938841895     
          13          14  0.97748489143894401     
           1          15  0.97818101435070570     
           1          16  0.97827376576456970     
           1          17  0.96120175197024771     
           3          18  0.95446215990077399     
          10          19  0.96403575788012608     
          10          20  0.95311341700696950     
          10          21  0.95193916403235757     
          14          22  0.96224535945941569     
          14          23  0.96232158000525359     
          14          24  0.96241292709771376     
           4          25  0.92396571607574773     
