           1           2  0.99203892437819696     
           2           3   1.4658115652521735     
           2           4  0.14297864546697200     
           3           4   1.3728609701200356     
           4           5   1.0534456737483651     
           2           6  0.96802167822012797     
           5           6  0.90688245426713621     
           6           7  0.85334379514498804     
           7           8   1.7420954806156557     
           7           9   1.2727070568515872     
           8           9  0.21673845521116653     
           9          10   1.0085824514671275     
           6          11  0.91136341365107754     
          10          11  0.98238603061841079     
          11          12   1.9150664675046136     
           5          13   1.8274299842905082     
          13          14   1.0444236509701059     
           1          15  0.96091963986259166     
           1          16  0.97205514784631486     
           1          17  0.96136262066502531     
           3          18  0.94210426100879596     
           9          19  0.91793031517836865     
          10          20  0.93251843867818562     
          10          21  0.92538210627181694     
          14          22  0.94565681607287477     
          14          23  0.94702475501988403     
          14          24  0.96868278396474494     
           4          25  0.91021254781588934     
