           1           2  0.98303035330850497     
           2           3   1.3662078473073116     
           3           4   1.3290428193013453     
           4           5   1.0672903414538883     
           2           6   1.2116016107900585     
           5           6   1.2077420894398945     
           6           7   1.0315175293356746     
           7           8   1.5185952853096327     
           7           9   1.3037025954948831     
           8           9  0.11295379773657804     
           9          10   1.1127450839444344     
          11          12   2.6145428441080463     
           5          13   1.5301604182329247     
          13          14   1.0677763837174949     
           1          15  0.95355835235077580     
           1          16  0.96549634537467999     
           1          17  0.94344211102304354     
           3          18  0.95080259494407060     
          10          19  0.90440221686242261     
          10          20  0.90071306747342417     
          10          21  0.91201576866528744     
          14          22  0.93037571482703663     
          14          23  0.92316095956818045     
          14          24  0.93166421467063265     
           4          25  0.92247965553199052     
