           1           2   1.3341318639779944     
           2           3   1.2460586955214425     
           3           4   1.2409716681850225     
           4           5   1.1937117808973956     
           2           6   1.0878731397309758     
           5           6   1.3492897670676725     
           6           7   1.0837771558999507     
           7           8   1.6860628597519958     
           7           9   1.0943738408430841     
           8           9  0.13843069712166314     
           9          10  0.97146507272197857     
           9          11   1.1255681770890131     
           9          12  0.13323913914970686     
          11          12   1.7066135203328283     
           5          13   1.2184149097911163     
          11          13   1.0345530047703266     
          12          13  0.11769263465981177     
          13          14  0.97533508279561576     
           1          16  0.96473005767543041     
           1          17  0.95575894442958687     
           3          18  0.95482811197668294     
          10          19  0.96522931524336208     
          10          20  0.95685409538017008     
          10          21  0.95818774558118658     
          14          22  0.96773558575339080     
          14          23  0.96831940735496169     
          14          24  0.96272857213913243     
           4          25  0.91939356330714450     
