           1           2  0.98331597518543190     
           2           3   1.3954836520061940     
           3           4   1.3141086944345610     
           4           5   1.1527630656285266     
           2           6   1.1803156933878225     
           5           6   1.2632600953718693     
           6           7   1.0772867189166675     
           7           8   1.6404750135111374     
           7           9   1.1393368761551386     
           8           9  0.13902740355365359     
           9          10  0.98646890715646574     
           9          11   1.0399986778670964     
          11          12   1.6346362506809524     
           5          13   1.3744252360194245     
          11          13   1.1817006740679457     
           1          15  0.95568375114765836     
           1          16  0.96168649898803737     
           1          17  0.95969230399019589     
           3          18  0.95122264678119717     
          10          19  0.96089435616874708     
          10          20  0.94893997430211541     
          10          21  0.94951282078324195     
          14          22  0.98019703203214381     
          14          23  0.98029101990612155     
          14          24  0.95918391130073977     
           4          25  0.91671463781325235     
