           1           2  0.99390712901789091     
           2           3   1.3313757813409999     
           3           4   1.2422146950647577     
           4           5   1.1903820580994178     
           2           6   1.1503731813219549     
           5           6   1.3238666382690751     
           6           7   1.1272068533175927     
           7           8  0.95617887468683516     
           7           9   1.6509858331225657     
           9          10   1.0474814119677314     
           8          11   1.0737571196379530     
           8          12  0.12561772437866300     
          11          12   1.7311332911593957     
           5          13   1.1813398330450491     
          11          13   1.0317770419748382     
          12          13  0.12088039810769843     
          13          14  0.97784442714695075     
           1          15  0.95596497033026218     
           1          16  0.97246648203088615     
           1          17  0.95312737711764806     
           3          18  0.95470892500209215     
          10          19  0.95580437506046434     
          10          20  0.93209749408435472     
          10          21  0.93083392225392170     
          14          22  0.96786098493367922     
          14          23  0.96685492540445472     
          14          24  0.96308567216153207     
           4          25  0.92080682541233361     
