           1           2  0.96481730774522501     
           2           3   1.7369666456278756     
           4           5   1.5784842779814441     
           2           6  0.96832834524363087     
           5           6   1.1851571909716283     
           6           7   1.1420012061856122     
           7           8   1.5989223775572761     
           7           9   1.0815096556730139     
           9          10  0.98337058551773693     
           9          11   1.1103626037367003     
           9          12  0.10406523574753512     
          11          12   1.6474806345245860     
           5          13   1.0817327601308004     
          11          13   1.1027467234439845     
          12          13  0.10835415341186599     
          13          14  0.98531615165837994     
           1          15  0.95077803301786235     
           1          16  0.95464011495572632     
           1          17  0.92189577435112124     
           3          18  0.91919787610522441     
          10          19  0.94663534449128850     
          10          20  0.93129516864668949     
          10          21  0.93497403810793078     
          14          22  0.94532237484413728     
          14          23  0.94924389325026792     
          14          24  0.94728276321428073     
           4          25  0.91480182035847979     
