           1           2  0.99435913866694647     
           2           3   1.2703950526394345     
           3           4   1.4864931515988573     
           4           5   1.2662296552812138     
           2           6   1.2159939094168741     
           5           6   1.2556912647894967     
           6           7   1.0751582954836487     
           7           8   1.6734680263024013     
           7           9   1.1006844121186561     
           8           9  0.12687221764756582     
           9          10  0.97955368164850476     
           9          11   1.1058880204541772     
           9          12  0.11669929656437156     
          11          12   1.6854335898270285     
           5          13   1.2082432142008572     
          11          13   1.0690104905635212     
          12          13  0.10104518811745228     
          13          14  0.98337003770699105     
           1          15  0.94802476540905201     
           1          16  0.95701898781131567     
           1          17  0.96005774432590185     
           3          18  0.95454881820118709     
          10          19  0.95926910492982154     
          10          20  0.94289148112946730     
          10          21  0.94331278769591309     
          14          22  0.94710973128483711     
          14          23  0.94649679709608647     
          14          24  0.96183606126123045     
