           1           2  0.99192129835361886     
           2           3   1.2870036734295609     
           3           4   1.4864106823965797     
           4           5   1.2833706190380765     
           2           6   1.2188171680888304     
           5           6   1.3237473632847583     
           6           7   1.0616310631921202     
           7           8   1.7201931611456485     
           7           9   1.0642469110721517     
           8           9  0.12256576137811839     
           9          10  0.96395762539551355     
           9          11   1.1835107555239057     
           9          12  0.15070353932116448     
          11          12   1.7464826914530320     
           5          13   1.0926983791406615     
          11          13  0.91222287706266081     
          13          14   1.4992808821634966     
           1          15  0.95231272062810479     
           1          16  0.95767225037279102     
           1          17  0.96278189388308344     
           3          18  0.95425843623630102     
          10          19  0.96223377610524219     
          10          20  0.95645610760898259     
          10          21  0.95530419232993868     
          14          23  0.95105395280353267     
          14          24  0.94833820321967233     
          22          25  0.90350387109458730     
