           1           2  0.98981805366971320     
           2           3   1.3408262488378946     
           3           4   1.2474357171832653     
           4           5   1.1890738993335654     
           2           6   1.1428307732690119     
           5           6   1.3109562467540306     
           6           7   1.1263929796989343     
           7           8   1.6424553187893913     
           7           9  0.98261783068486674     
           9          10   1.3327315795073416     
           9          11   1.0161615224264298     
          11          12   1.6855022951978222     
           5          13   1.1819464264914019     
          11          13   1.0860587134329043     
          12          13  0.12492059854363105     
          13          14  0.97352789573678511     
           1          15  0.95434131571812197     
           1          16  0.96135447739437829     
           1          17  0.95900663336115688     
           3          18  0.95458599352825280     
          10          20  0.91147052166282405     
          10          21  0.95503561344056753     
          14          22  0.96723906202019205     
          14          23  0.96783374470404504     
          14          24  0.96225427655381546     
           4          25  0.92063305044085875     
