           1           2  0.99026021638111994     
           2           3   1.2992469121093571     
           3           4   1.2604048079475256     
           4           5   1.1996506749511666     
           2           6   1.1331981400210485     
           5           6   1.2658330813952616     
           6           7   1.2783823174592008     
           7           8   1.0978110187528867     
           7           9   1.1344850509212965     
           7          10  0.13071801261733199     
           9          10   1.3039206101022567     
           9          11  0.98099168710736373     
          11          12   1.6981747121405406     
           5          13   1.1588510939517473     
          11          13   1.1193472057534841     
          12          13  0.14657990384362346     
          13          14  0.97188203815271612     
           1          15  0.96390660067975764     
           1          16  0.96466932092646906     
           1          17  0.96762312005376661     
           3          18  0.95702395918225691     
           8          19  0.83495588521620057     
          10          20  0.96276416843736523     
          10          21  0.95685812787316382     
          14          22  0.97205593018736147     
          14          23  0.97132931425403690     
          14          24  0.96596720321433416     
           4          25  0.92193780761685173     
