   -0.28987435
    0.07735275
   -0.00691235
   -0.00026994
   -0.08677927
    0.12615878
   -0.23829493
    0.02751103
    0.12619079
   -0.22651841
    0.02577150
   -0.07302044
   -0.05070671
   -0.11892841
   -0.05601264
    0.00465936
    0.01891818
   -0.01935103
   -0.07068615
    0.00049447
   -0.04811820
   -0.06677358
    0.13416879
   -0.21976561
    0.02422691
    0.13357252
   -0.22293388
    0.02663177
   -0.07898512
   -0.07335359
   -0.00530316
   -0.11465867
   -0.11025421
    0.05617789
    0.05492571
    0.08071307
    0.04545159
    0.05802535
    0.08225692
    0.04824714
    0.05249482
    0.04849744
    0.05265633
    0.05495600
    0.10353529
    0.09622290
    0.00552870
    0.08081347
    0.06948971
    0.07296929
    0.05737954
    0.05501397
    0.04672229
    0.05992619
    0.05556390
    0.05676319
    0.08327784
    0.08267158
    0.04942133
    0.05298418
    0.04778171
    0.07839217
    0.07918829
    0.08163590
    0.04119786
    0.07816434
    0.04104741
    0.05135527
    0.06273278
    0.02831088
    0.05225313
    0.14709843
