   -0.26949914
    0.09963693
    0.00623289
    0.00844288
   -0.07992856
    0.13576809
   -0.23150372
    0.02533413
    0.10156488
   -0.10132952
    0.03617910
   -0.06218021
   -0.05134822
   -0.06518287
   -0.06881211
    0.00393939
    0.00919565
   -0.01646684
   -0.07050796
   -0.00046999
   -0.04873250
   -0.06743814
    0.13359457
   -0.22146481
    0.02482076
    0.13312057
   -0.22439584
    0.02715008
   -0.07964630
   -0.06908911
   -0.00717705
   -0.11917022
   -0.11959439
    0.05723631
    0.05656550
    0.08379699
    0.04966626
    0.07744620
   -0.14369685
    0.10415364
    0.05904006
    0.04736258
    0.06016220
    0.05622496
    0.06311409
    0.07936259
    0.00483983
    0.06885454
    0.06703223
    0.06786065
    0.05492816
    0.05535037
    0.04529885
    0.05874485
    0.05443154
    0.05604169
    0.08259029
    0.08211231
    0.04859520
    0.05235471
    0.04669417
    0.07529580
    0.07564708
    0.08001882
    0.03605310
    0.06956596
    0.03350683
    0.05212559
    0.06243391
    0.03528363
    0.05560616
    0.15725680
