           1           2  0.97814832274144126     
           2           3   1.3847040741004784     
           3           4   1.3172187922976009     
           4           5   1.1782513526607201     
           2           6   1.1916170313440535     
           5           6   1.4442077625861349     
           6           7  0.95724421516712255     
           7           8   1.5286285599666207     
           7           9   1.3772856040940678     
           8           9  0.15115536504218344     
           9          10   1.0643794312485384     
          11          12   1.9627808384634766     
           5          13   1.0109717924989254     
          11          13   1.3984834895519831     
          12          13  0.17027780681460744     
          13          14  0.93740749585201788     
           1          15  0.96105953485357842     
           1          16  0.95816557841233241     
           1          17  0.93597988498286666     
           3          18  0.95061216588545216     
          10          19  0.93621609149485530     
          10          20  0.93740161308624859     
          10          21  0.92992886044287615     
          14          22  0.96810496959272818     
          14          23  0.91722449945456253     
          14          24  0.97403646624228046     
           4          25  0.91796271346522806     
