   -0.27224099
    0.10123465
    0.00616436
    0.00133598
   -0.08045441
    0.12802972
   -0.23360893
    0.02873543
    0.12697976
   -0.23242619
    0.02814808
   -0.07524128
   -0.05363529
   -0.06400071
   -0.06877968
    0.00417642
    0.00742386
   -0.01579104
   -0.07170181
    0.00898289
   -0.05353389
   -0.06604465
    0.12925718
   -0.23427448
    0.02400191
    0.09398175
   -0.17462878
    0.04859257
   -0.07702143
   -0.06927662
   -0.00730434
   -0.11787373
   -0.11853721
    0.05058814
    0.05244430
    0.07940103
    0.04565522
    0.05344200
    0.07926603
    0.04620308
    0.05007713
    0.03776353
    0.05896677
    0.05249327
    0.06557131
    0.07688977
    0.00468288
    0.06699969
    0.06758443
    0.06800765
    0.05579362
    0.05436518
    0.04103901
    0.05594667
    0.05898937
    0.05902178
    0.08181575
    0.06618686
    0.09066074
    0.06832725
    0.04061930
    0.07437826
    0.07863729
    0.07867886
    0.03565205
    0.06728012
    0.03450536
    0.04948212
    0.06106743
    0.03364245
    0.05283352
    0.15437170
