           1           2   1.9539610672686774     
           2           3  0.99489231587147053     
           3           4  0.97036095955088475     
           4           5   1.3669758944078834     
           5           6   1.4035628099682234     
           6           7   1.0945255641688807     
           7           8  0.97898088672597972     
           6           9   1.2262131086218742     
           9          10   1.0963612073756488     
          10          11  0.97866400864806979     
           9          12   1.3950845733044672     
           4          13   1.4178339327874629     
          12          13   1.4014666860862262     
           3          14  0.95613708763139249     
          14          15  0.98220613561980374     
          15          16   1.0592618881860463     
          16          17   1.3893846459549981     
          17          18  0.98862099403389003     
          18          19  0.96866120363951780     
          19          20   1.0031949968185372     
          20          21   1.2960002456646162     
          21          22   1.3479785065836374     
          22          23   1.4827612750328654     
          23          24   1.1112069400791271     
          24          25  0.97060936384308771     
          23          26  0.99901877400802053     
          26          27  0.82569519078091114     
          27          28   1.3161360138192810     
          20          29   1.5616005445173855     
          26          29   1.0291879274890687     
          17          30  0.99906086097196245     
           3          31  0.94386907052883739     
          31          32   1.0084641806663082     
          31          33   1.0089273464153079     
           5          34  0.95809210662057742     
           8          35  0.97402378613440099     
           8          36  0.97693371184290245     
           8          37  0.97384712677016216     
          11          38  0.97392720833950774     
          11          39  0.97719543670351516     
          11          40  0.97406143312670934     
          12          41  0.96399238211421667     
          13          42  0.96258135331975037     
          14          43  0.96859981897085579     
          14          44  0.97258726007161334     
          15          45  0.96100705422528487     
          15          46  0.92820144376661384     
           2          47  0.90209970968575559     
          16          48  0.95801065569619059     
          18          49  0.96531235435495988     
          18          50  0.96670023078739176     
          19          51  0.97013206714146349     
          19          52  0.97344648259213062     
          21          53  0.97048084627576026     
          22          54  0.96067661503878909     
          25          55  0.97271935839770496     
          25          56  0.97291462054292466     
          25          57  0.97736467805249794     
          26          58  0.94540875657986756     
          28          59  0.95986586466092205     
          28          60  0.96428843174764423     
          29          61  0.96785126594371351     
          30          62  0.96711367723014330     
          30          63  0.96208699985974833     
          30          64  0.97770766532372333     
          31          65  0.96082711493725270     
          32          66  0.97531891021090411     
          32          67  0.98225101345525179     
          32          68  0.98204800949556570     
          33          69  0.97677848629681097     
          33          70  0.98336511953820183     
          33          71  0.98072369756738109     
           1          72  0.94283695320694449     
