           1           2  0.97869395704987294     
           2           3   1.3844034798633289     
           3           4   1.3171954140401609     
           4           5   1.1787018845363988     
           2           6   1.1914485631729552     
           5           6   1.4441995904091145     
           6           7  0.95794421047685208     
           7           8   1.5294803181006844     
           7           9   1.3756721204761311     
           8           9  0.15089114976994727     
           9          10   1.0643885331981657     
          11          12   1.9620702133902670     
           5          13   1.0097762832702695     
          11          13   1.4002610916935558     
          12          13  0.17061074222716727     
          13          14  0.93657966142874682     
           1          15  0.96300147378872269     
           1          16  0.95613668985705913     
           1          17  0.93685450267521908     
           3          18  0.95060285424776814     
          10          19  0.93626760950602572     
          10          20  0.93772267459779091     
          10          21  0.92938077647474215     
          14          22  0.96822577466070436     
          14          23  0.91775158827850600     
          14          24  0.97416237923030358     
           4          25  0.91797994966839258     
