   -0.29952488
    0.11973451
    0.00754467
   -0.01306725
   -0.07528487
    0.13527428
   -0.23217254
    0.02457957
    0.14404838
   -0.18753568
    0.01695481
   -0.06191422
   -0.02690071
   -0.07277928
   -0.06679899
    0.02013502
   -0.12345399
   -0.00192233
   -0.06954897
    0.00771029
   -0.04359277
   -0.06498182
    0.13518658
   -0.21619266
    0.02373967
    0.13469971
   -0.22048488
    0.02662164
   -0.07744986
   -0.04005462
   -0.00852022
   -0.12196520
   -0.11201752
    0.05951486
    0.05221837
    0.08478659
    0.05195097
    0.06690200
    0.09145002
    0.06504456
    0.06826710
    0.07574106
    0.04744769
    0.05310568
    0.03804772
    0.04591352
    0.08494621
    0.06148003
    0.05435880
    0.05042568
    0.04637883
    0.04994510
    0.05223802
    0.06082254
    0.05790666
    0.05815753
    0.08385132
    0.08269274
    0.05142860
    0.05369775
    0.05034753
    0.03620483
    0.05035242
    0.05625224
    0.03944880
    0.06830097
    0.03561969
    0.05526864
    0.04773112
    0.03463966
    0.05301223
    0.16403603
