           1           2   1.9063729599873189     
           2           3  0.98417610626673413     
           3           4  0.89107006828681290     
           4           5   1.0407212697658692     
           5           6   1.5651898655334071     
           5           7  0.10543158014233070     
           6           7   1.0963011625878347     
           7           8  0.97575743363420542     
           6           9   1.1358089279637438     
           9          10   1.1717090379487709     
          10          11  0.96632201625258229     
           9          12   1.2694459391704440     
           4          13   1.0549866978520503     
          12          13   1.6086611885361473     
           3          14  0.98396232380993021     
          14          15   1.0060418567598206     
           2          16  0.94056867207218176     
          15          16  0.96497164287807369     
          16          17   1.0093933163442073     
          17          18   1.0139346824080460     
          18          19  0.95462882422054018     
          19          20   1.0179289250110932     
          20          21   1.3948402545063043     
          21          22   1.4215717047907170     
          22          23   1.3756721930141578     
          23          24   1.1159648720774815     
          24          25  0.97500309002094143     
          23          26   1.2082123108683094     
          26          27   1.1077305428621029     
          27          28  0.97797459580593615     
          20          29   1.3751593470891035     
          26          29   1.3947834805293016     
          17          30   1.0160727868921611     
           3          31  0.95513426412500202     
          31          32   1.0095410584511850     
          31          33   1.0057348689976520     
           5          34  0.95659934176562433     
           8          35  0.97399032816525988     
           8          36  0.97618854039019221     
           8          37  0.97359976169517548     
          11          38  0.97022855872111613     
          11          39  0.97575422373325416     
          11          40  0.97083620542078486     
          12          41  0.95824660044058119     
          13          42  0.95594815937238264     
          14          43  0.97041629253984185     
          14          44  0.96728921009890145     
          15          45  0.97187807919313374     
          15          46  0.97500368394090087     
           4          47  0.88884657747478835     
          16          48  0.93856043003962408     
          18          49  0.96723799837850222     
          18          50  0.96856289861391032     
          19          51  0.97465518967682008     
          19          52  0.96420674269366557     
          21          53  0.96706281229094104     
          22          54  0.96243510677776378     
          25          55  0.97112850157903108     
          25          56  0.97134883633624436     
          25          57  0.97639079163140119     
          28          58  0.97653778861225826     
          28          59  0.97254160102210108     
          28          60  0.97214664343695589     
          29          61  0.96157766362295727     
          30          62  0.96229912123248063     
          30          63  0.97756005452223160     
          30          64  0.97603382589066823     
          31          65  0.96061545975854390     
          32          66  0.97312234909491868     
          32          67  0.98020804645364756     
          32          68  0.97894315746541560     
          33          69  0.98328425857734125     
          33          70  0.97836594903607965     
          33          71  0.98244796982615579     
           1          72  0.93376783569795330     
