           1           2  0.99646443289043785     
           2           3   1.2203904535482213     
           3           4   1.5353668970231715     
           4           5   1.2051898818789719     
           2           6   1.2572311387921338     
           5           6   1.1378881991165923     
           6           7   1.0688202867840859     
           7           8   1.6394301109388802     
           7           9   1.1368774022363586     
           8           9  0.12415276568241207     
           9          10  0.99697402435819904     
           9          11   1.0034548759370567     
          11          12   1.6921824401589438     
           5          13   1.4087656342866086     
          11          13   1.1620673565232034     
           1          15  0.94131360412649068     
           1          16  0.94910332563167532     
           1          17  0.95604298220119910     
           3          18  0.95060649982631285     
          10          19  0.94851144696894052     
          10          20  0.92453145387272162     
          10          21  0.92666134977345771     
          14          22  0.93099454974535445     
          14          23  0.93089605468268344     
          14          24  0.92729479215739585     
          14          25  0.87797065121280804     
