           1           2  0.98990220790807326     
           2           3   1.3148980383246878     
           3           4   1.4605693676680647     
           4           5   1.3252144318599306     
           2           6   1.1867953825111675     
           5           6   1.3128304526218559     
           6           7   1.1167572325122754     
           7           8   1.7323664452993246     
           7           9  0.98363877902019470     
           8           9  0.12672053929428223     
           9          10  0.96660451141093973     
           9          11   1.3032869254561548     
          11          12   1.1846743062417611     
           5          13   1.0884138552351501     
          11          13   1.2798052546664003     
          13          14  0.96693814762238561     
           1          15  0.96038086631386221     
           1          16  0.96614587792626017     
           1          17  0.96953432251250582     
           3          18  0.95701812150890631     
          10          19  0.96269891627079884     
          10          20  0.96446641645736519     
          10          21  0.96464515200327217     
          14          22  0.96649066991199406     
          14          23  0.96652913816345321     
          12          24  0.83353233818053452     
          14          25  0.96115692257937790     
