           1           2  0.96711369515907553     
           1           3  0.97549502904109220     
           2           3  0.96658294168869530     
           4           5   1.6767239303334098     
           2           6   1.5039626269869544     
           5           6   1.0568883936670506     
           6           7   1.0020457934568869     
           7           8   1.6830700460847525     
           7           9   1.1506768122123541     
           8           9  0.14774406054140454     
           9          10  0.97361139790389284     
           9          11   1.0800122801365706     
           9          12  0.10379441876498186     
          11          12   1.6961315742314018     
           4          13  0.12197522509767803     
           5          13   1.1226368979167720     
          11          13   1.0903583333546272     
          12          13  0.11346274607806553     
          13          14  0.97756384529912710     
           3          15  0.94080006370540148     
           1          16  0.93968208055643565     
           1          17  0.93963176227531919     
           3          18  0.93960981597064608     
          10          19  0.96382280756090888     
          10          20  0.95171798374812511     
          10          21  0.94762931940569195     
          14          22  0.95941397749949697     
          14          23  0.95974918311691937     
          14          24  0.96110518342331097     
           4          25  0.92116048049163801     
