           1           2  0.92003670497917944     
           2           3   1.4999641889349824     
           3           4   1.2565556768486839     
           4           5   1.1795097682065045     
           1           6  0.96640691148226754     
           2           6  0.93928633552576113     
           5           7  0.86417506711285630     
           6           7  0.89615731589636771     
           5           8  0.20843535876296271     
           7           8   1.1920628135763758     
           7           9  0.90428357495671430     
           9          10  0.97592071924530788     
           9          11   1.2474951888134642     
           9          12  0.19874964838527168     
          11          12   1.7555374081996122     
           5          13   1.4522528314964500     
          11          13  0.86227745480509665     
          13          14  0.98179247064907327     
           1          15  0.94293552889589327     
           1          16  0.95587639066752028     
           6          17  0.95009960545896566     
           3          18  0.93697335226293244     
          10          19  0.97222493935101717     
          10          20  0.97096792393675757     
          10          21  0.96485637990761575     
          14          22  0.95625903759399655     
          14          23  0.96417753311547694     
          14          24  0.96192806419514809     
           4          25  0.90707742250763623     
