   -0.26430375
    0.10099571
    0.00691195
    0.00514064
   -0.07843396
    0.12976512
   -0.22852666
    0.02688417
    0.12857914
   -0.22661071
    0.02626738
   -0.07450204
   -0.05216516
   -0.06431448
   -0.06660223
   -0.04058348
    0.10096088
   -0.10590467
   -0.09494418
    0.02267033
   -0.03743009
   -0.06242058
    0.14054711
   -0.20356786
    0.02169395
    0.13495859
   -0.23073880
    0.02757418
   -0.07902445
   -0.07726364
   -0.00755479
   -0.11782258
   -0.11909644
    0.05413456
    0.05480857
    0.08184368
    0.04929500
    0.05626229
    0.08192753
    0.04882964
    0.05313893
    0.04129578
    0.05691153
    0.05277900
    0.05685688
    0.06616482
    0.01639179
    0.05698707
    0.05994072
    0.05763399
    0.05187021
    0.04563801
    0.05807980
    0.06035242
    0.05948389
    0.06221686
    0.08633675
    0.08148029
    0.04593419
    0.05432883
    0.05205177
    0.08241372
    0.08329865
    0.08364119
    0.03789962
    0.06902771
    0.03471147
    0.05125267
    0.06348178
    0.03666015
    0.05432644
    0.15917317
