           1           2   1.9566359734796148     
           2           3  0.99274829481169924     
           3           4  0.97287038040025431     
           4           5   1.3689629423806249     
           5           6   1.3997579880818822     
           6           7   1.1012146012752304     
           7           8  0.97696739972091184     
           6           9   1.2187971584569652     
           9          10   1.1036564140086498     
          10          11  0.97713893777240124     
           9          12   1.3890686019860632     
           4          13   1.4097582130530608     
          12          13   1.4043540983042022     
           3          14  0.95253024308232448     
          14          15  0.98481997431653101     
          15          16   1.0505046249649221     
          16          17   1.3490416733419630     
          16          18  0.21415752249102371     
          17          18   1.3657467952993578     
          19          20   1.4974463291642917     
          20          21   1.2076386370243346     
          21          22   1.5220809842886838     
          22          23   1.3162606599002402     
          23          24   1.1419245479547782     
          24          25  0.97159120844654823     
          23          26   1.1729483646678009     
          26          27   1.0969310246511104     
          27          28  0.97847897797023109     
          20          29   1.1997268228181077     
          26          29   1.4827811831293312     
          17          30  0.98387375869892957     
           3          31  0.94322917477647705     
          31          32   1.0079914359257773     
          31          33   1.0086136197023545     
           5          34  0.95741378291133428     
           8          35  0.97351396283283953     
           8          36  0.97646748627186997     
           8          37  0.97277335911421681     
          11          38  0.97287076501345238     
          11          39  0.97674624874848415     
          11          40  0.97325963973088658     
          12          41  0.96347221926963167     
          13          42  0.96196615679544539     
          14          43  0.96859751082101009     
          14          44  0.97241765604404817     
          15          45  0.96278501317497744     
          15          46  0.93832866819311356     
           2          47  0.90894306622067222     
          16          48  0.95978447308304415     
          18          49  0.97467738569674067     
          18          50  0.97433979775055068     
          19          51  0.97873965809918717     
          19          52  0.97923002195048026     
          21          53  0.96698075433771025     
          22          54  0.96135796105394866     
          25          55  0.97137303941265585     
          25          56  0.97098193880980066     
          25          57  0.97630449500766736     
          28          58  0.97679760904645785     
          28          59  0.97370434504487280     
          28          60  0.97330283646831228     
          29          61  0.96207331712730060     
          30          62  0.97023439106683274     
          30          63  0.96234005991705374     
          30          64  0.97730837174375362     
          31          65  0.95755243444398963     
          32          66  0.97234093897225027     
          32          67  0.98128768312427261     
          32          68  0.98081592617814484     
          33          69  0.97392008414265074     
          33          70  0.98224057256643327     
          33          71  0.97940103125089306     
           1          72  0.94007466615528745     
