           1           2   1.9491146585113723     
           2           3  0.99357228785100038     
           3           4  0.98454879919625760     
           4           5   1.3686906861119914     
           5           6   1.4007851985592445     
           6           7   1.0971813585911767     
           7           8  0.97826772734382716     
           6           9   1.2210072442546205     
           9          10   1.1013049284439020     
          10          11  0.97758246726141951     
           9          12   1.3897030607760343     
           4          13   1.4106251823266356     
          12          13   1.4051747798500986     
           3          14  0.94634189606470887     
          14          15  0.98245314669816652     
          15          16   1.0523263420697007     
          16          17   1.3562195746372052     
          16          18  0.21894973135019424     
          17          18   1.3639768103860535     
          19          20   1.4994108685205698     
          20          21   1.2064208060043018     
          21          22   1.5226168433523393     
          22          23   1.3154091508814423     
          23          24   1.1442930202618347     
          24          25  0.97124695229167823     
          23          26   1.1708982227344491     
          26          27   1.1010836376298525     
          27          28  0.97652921997146225     
          20          29   1.1999530317830760     
          26          29   1.4811210708494378     
          17          30  0.98390363925724644     
           3          31  0.93862234501323738     
          31          32   1.0083331381470282     
          31          33   1.0080245465761570     
           5          34  0.95715607904115263     
           8          35  0.97353969004429364     
           8          36  0.97662850171995519     
           8          37  0.97308512135317771     
          11          38  0.97303409422587084     
          11          39  0.97695710523488077     
          11          40  0.97346289915778350     
          12          41  0.96362404523607226     
          13          42  0.96274813002860493     
          14          43  0.96534535042643133     
          14          44  0.97220088312606945     
          15          45  0.96249212737099421     
          15          46  0.93976750477984949     
           2          47  0.92278803401942611     
          16          48  0.96059433337471722     
          18          49  0.97491571523808918     
          18          50  0.97424133364680576     
          19          51  0.97903006882800414     
          19          52  0.97874529133064514     
          21          53  0.96734339922206403     
          22          54  0.96149089212871630     
          25          55  0.97148200382195871     
          25          56  0.97118403905934636     
          25          57  0.97642152747274902     
          28          58  0.97692281281382343     
          28          59  0.97315485790650680     
          28          60  0.97294274498863986     
          29          61  0.96135727415152528     
          30          62  0.97082265450610883     
          30          63  0.96448353426097078     
          30          64  0.97715944914343666     
          31          65  0.95953307834766610     
          32          66  0.97931120442527564     
          32          67  0.98138946425340745     
          32          68  0.98190376788753819     
          33          69  0.96907684280363149     
          33          70  0.98194488800191559     
          33          71  0.97858645926914245     
           1          72  0.94177081203313617     
