   -0.25826865
    0.10357262
    0.00816906
    0.01618938
   -0.05944767
    0.15900044
   -0.20112273
    0.02384649
    0.14937023
   -0.20339510
    0.02292633
   -0.06227721
   -0.03909974
   -0.06275817
   -0.06941721
   -0.02662829
    0.09188217
   -0.02045924
   -0.06912540
    0.00472957
   -0.04528868
   -0.06538622
    0.13635186
   -0.21310581
    0.02238764
    0.13597848
   -0.21638883
    0.02445362
   -0.07748166
   -0.08678156
   -0.00801277
   -0.11917648
   -0.11894778
    0.06154921
    0.05813472
    0.08708661
    0.06281777
    0.06012309
    0.08727243
    0.05912356
    0.05931915
    0.04416492
    0.05966114
    0.05157930
    0.08692233
    0.07476251
    0.01861201
    0.05588461
    0.07304901
    0.06823464
    0.05964398
    0.06250678
    0.05172509
    0.06289011
    0.05833436
    0.06029068
    0.08604098
    0.08542952
    0.05304868
    0.05703011
    0.05276917
   -0.32719594
    0.09978489
    0.06710219
    0.04222986
    0.07134747
    0.03670892
    0.05501963
    0.06319656
    0.03914380
    0.05700945
    0.16135798
