           1           2  0.98565144386388737     
           2           3   1.4027165414403919     
           3           4   1.2870470477003533     
           4           5   1.1922984751596171     
           2           6   1.1475259596256164     
           5           6   1.3244747484185959     
           6           7   1.1137638401942878     
           7           8   1.6716784273324792     
           7           9  0.99143563852256134     
           8           9  0.11267914574688864     
           9          10   1.3433785457542555     
           9          11   1.0147766678020540     
          11          12   1.7130513671781382     
           5          13   1.1951429568451046     
          11          13   1.0858995937532416     
          12          13  0.13589598702874062     
          13          14  0.96961374724206617     
           1          15  0.95385625250102302     
           1          16  0.96533557677874504     
           1          17  0.96059884290099440     
           3          18  0.95170819047465249     
          10          19  0.95780091512262855     
          10          21  0.91505137359280331     
          14          22  0.97213391063159049     
          14          23  0.97216300310536607     
          14          24  0.96480745559777970     
           4          25  0.91758687397575112     
