   -0.29919458
    0.08402515
    0.01231141
    0.00144869
   -0.07755486
    0.13255897
   -0.22483533
    0.02681816
    0.13271474
   -0.22301178
    0.02577713
   -0.07145143
   -0.04844242
   -0.06578342
   -0.06887530
   -0.00174154
   -0.11205245
    0.00076161
   -0.07231021
    0.01079139
   -0.04339530
   -0.06499752
    0.13511973
   -0.21565039
    0.02363060
    0.13532171
   -0.21876681
    0.02566978
   -0.07585790
   -0.04725929
    0.02839640
   -0.11392769
   -0.11864299
    0.05044530
    0.05162376
    0.08278402
    0.05140988
    0.05519348
    0.08269089
    0.05244627
    0.05448342
    0.04924573
    0.05506355
    0.05042679
    0.04870453
    0.05839334
    0.03583106
    0.04834282
    0.03983602
    0.04840077
    0.06034325
    0.05673885
    0.05354773
    0.06072152
    0.05746624
    0.05864774
    0.08389511
    0.08301674
    0.05275149
    0.05559872
    0.05250357
    0.05657055
    0.03627685
    0.05883813
    0.05472800
    0.07853510
    0.05808037
    0.07767304
    0.07062186
    0.06604581
    0.07955818
    0.16092528
