           1           2   1.7920429578367456     
           2           3  0.84858422272789702     
           3           4  0.97892961472917528     
           4           5   1.3684977619265388     
           5           6   1.3981246966992118     
           6           7   1.1048066154258687     
           7           8  0.97758158594056555     
           6           9   1.2168213325442820     
           9          10   1.1092118061433172     
          10          11  0.97628139138289960     
           9          12   1.3881279453762922     
           4          13   1.4110636032840129     
          12          13   1.4076799767406825     
           3          14  0.96338132420064404     
          14          15   1.0070577663056341     
          15          16  0.99833516880798989     
          16          17   1.0055657029144469     
          17          18   1.0058657543351202     
          18          19  0.96853646345720312     
          19          20   1.0156131583068311     
          20          21   1.3907664494446732     
          21          22   1.4245600808332961     
          22          23   1.3734932762603680     
          23          24   1.1158661654743212     
          24          25  0.97517549499844525     
          23          26   1.2086211076762468     
          26          27   1.1101367892318086     
          27          28  0.97723476177533208     
          20          29   1.3827736975433955     
          26          29   1.3888884387018738     
          17          30   1.0184516754448050     
           2          31  0.22234809418599150     
           3          31   1.0211128931914786     
          31          32   1.0675421285127704     
          31          33   1.0667767657469804     
           5          34  0.96171581170199028     
           8          35  0.97308753831017059     
           8          36  0.97652139734848542     
           8          37  0.97312134788971172     
          11          38  0.97260212929420953     
          11          39  0.97667016339621160     
          11          40  0.97294919504801214     
          12          41  0.96342401135515499     
          13          42  0.96142458784873563     
          14          43  0.96799270939823068     
          14          44  0.96705680768419588     
          15          45  0.96665113011804271     
          15          46  0.97220780399771500     
          16          47  0.94566731025470152     
          16          48  0.96865005557004369     
          18          49  0.95923033769512656     
          18          50  0.97096081230576536     
          19          51  0.97089652299625939     
          19          52  0.96527128210051594     
          21          53  0.96696204339426250     
          22          54  0.96234978485417932     
          25          55  0.97114236767920814     
          25          56  0.97115143836220841     
          25          57  0.97638124867571929     
          28          58  0.97647485708969384     
          28          59  0.97208091254283280     
          28          60  0.97186914098167954     
          29          61  0.96138661862864172     
          30          62  0.97433196758835505     
          30          63  0.96271796439140633     
          30          64  0.97679461609559759     
           2          65  0.94872327894768704     
          32          66  0.94655601970785508     
          32          67  0.97723753573087224     
          32          68  0.94608625149690961     
          33          69  0.97569376214544279     
          33          70  0.95909408817966557     
          33          71  0.93589752704659435     
           1          72  0.93398406232722486     
