   -0.26308273
    0.10245774
    0.00731501
    0.00892170
   -0.07688691
    0.13114596
   -0.22562412
    0.02650084
    0.13115807
   -0.22268692
    0.02559128
   -0.07011611
   -0.04676107
   -0.06330794
   -0.06414850
   -0.03315292
    0.08961213
   -0.01628194
   -0.06517654
    0.01648530
   -0.04158638
   -0.06197921
    0.14100203
   -0.20066784
    0.02085472
    0.13800094
   -0.22459895
    0.02452186
   -0.07899298
   -0.09164112
   -0.00744149
   -0.11869225
   -0.11853371
    0.05517272
    0.05562287
    0.08289707
    0.05057209
    0.05713332
    0.08298195
    0.05079657
    0.05481732
    0.04008758
    0.05790695
    0.05102474
    0.05649569
    0.06769588
    0.01228394
    0.05284270
    0.07827007
    0.07026639
    0.01199887
    0.05123387
    0.04540342
    0.06022373
    0.06156388
    0.06128353
    0.08797044
    0.08417851
    0.05474063
    0.05408177
    0.05621768
   -0.01285158
    0.05992764
    0.06276681
    0.03905842
    0.07068097
    0.03555221
    0.05273380
    0.06232311
    0.03731132
    0.05502113
    0.15950406
