           1           2   1.9573210431181425     
           2           3  0.99250396961064091     
           3           4  0.97152621038254772     
           4           5   1.3697451803925476     
           5           6   1.3969570326968366     
           6           7   1.1042106953043611     
           7           8  0.97659679611863637     
           6           9   1.2144899173775361     
           9          10   1.1078919594537224     
          10          11  0.97651688582731988     
           9          12   1.3857900726161967     
           4          13   1.4060305177774750     
          12          13   1.4092174870952567     
           3          14  0.95496740164383709     
          14          15  0.97664511340413795     
          15          16   1.0471756781141073     
          16          17   1.3514862864476280     
          17          18  0.94010083223685381     
          18          19   1.0319723845185709     
          19          20   1.4439055159719005     
          20          21   1.2211831613217632     
          21          22   1.5107730885957931     
          22          23   1.3202754707409086     
          23          24   1.1446940719574088     
          24          25  0.97083562106211996     
          23          26   1.1709563179627123     
          26          27   1.1058778694495892     
          27          28  0.97588069532587163     
          20          29   1.2053375837179909     
          26          29   1.4760744068276803     
          16          30  0.20601137634896818     
          17          30   1.3705573977612540     
           3          31  0.94122100076010939     
          31          32   1.0078326663893886     
          31          33   1.0086949092440372     
           5          34  0.95744073204647440     
           8          35  0.97292935631951805     
           8          36  0.97626758116345269     
           8          37  0.97230653178906157     
          11          38  0.97224988009173952     
          11          39  0.97658395667413955     
          11          40  0.97276478279720269     
          12          41  0.96314650822938774     
          13          42  0.96221884127526225     
          14          43  0.96818183210266051     
          14          44  0.97294397056528203     
          15          45  0.96162702317794613     
          15          46  0.94407411857923140     
           2          47  0.91064622617080060     
          16          48  0.96111799515441743     
          18          49  0.94364507249547358     
          18          50  0.96161899370284865     
          19          52  0.96357673063583626     
          21          53  0.96366722059561982     
          22          54  0.96194169905107374     
          25          55  0.97099205878906225     
          25          56  0.97104229699755917     
          25          57  0.97606110525948087     
          28          58  0.97632118378987520     
          28          59  0.97271414843485959     
          28          60  0.97243094572351985     
          29          61  0.96088523592468067     
          51          62  0.99202740739732398     
          30          63  0.96684030698848045     
          30          64  0.97432958570250094     
          31          65  0.95682857930361731     
          32          66  0.97083815788048355     
          32          67  0.98078021298960505     
          32          68  0.98007292627170162     
          33          69  0.97408972992337617     
          33          70  0.98199297338259339     
          33          71  0.97913026901953371     
           1          72  0.93987177955867707     
