           1           2  0.98387651672764531     
           2           3   1.4074378357204671     
           2           4  0.11461096514421473     
           3           4   1.3081417928665289     
           4           5  0.99518205439786889     
           2           6   1.1238186491161541     
           5           6  0.99964313319200404     
           6           7   1.2643414976064147     
           6           8  0.11130444523908149     
           7           8   1.6374017344566094     
           7           9  0.90567525267309812     
           9          10   1.5153373939142361     
           9          11  0.93221939410465460     
          11          12   1.7125256611585742     
           5          13  0.95179592419303094     
          11          13   1.2122313017038966     
          12          13  0.18703017408267619     
          13          14  0.97805441172548990     
           1          15  0.96485025762811838     
           1          16  0.95535125802852261     
           1          17  0.95856805615865492     
           3          18  0.94930507180101231     
          10          19  0.95231912600503610     
           5          20  0.92110713516121789     
          10          21  0.95254718526544668     
          14          22  0.97106899617175879     
          14          23  0.96989345064065291     
          14          24  0.96562193960086928     
           4          25  0.92620313700158685     
