           1           2   1.9230633822688363     
           2           3   1.0055503478585657     
           3           4  0.97750442542944094     
           4           5   1.3699406181354701     
           5           6   1.4005972682557168     
           6           7   1.0979566500078166     
           7           8  0.97895678797372065     
           6           9   1.2198414090350362     
           9          10   1.1015694764077377     
          10          11  0.97784633916243868     
           9          12   1.3894805976640925     
           4          13   1.4130121304941643     
          12          13   1.4047507586243568     
           3          14  0.97085298575594781     
          14          15  0.98123717491375151     
          15          16   1.0631880510779488     
          16          17   1.4228068277025585     
          17          18  0.98762423660564358     
          18          19  0.96486138355795226     
          19          20   1.0081819847758478     
          20          21   1.4093134345133866     
          21          22   1.4165282233430503     
          22          23   1.3837277801169383     
          23          24   1.1104432319477382     
          24          25  0.97583132982396625     
          23          26   1.2190344036662353     
          26          27   1.1041893856591580     
          27          28  0.97832936881420707     
          20          29   1.3794369932429604     
          26          29   1.3953672863763462     
          17          30  0.99757757714522599     
           3          31  0.91575199251888983     
          31          32   1.0119605702519840     
          31          33   1.0087436671942098     
           5          34  0.95594382450680671     
           8          35  0.97314501345070048     
           8          36  0.97662218583603477     
           8          37  0.97319854717565257     
          11          38  0.97312367258089694     
          11          39  0.97689406264741319     
          11          40  0.97338664055373258     
          12          41  0.96356294018321453     
          13          42  0.95074287471894969     
          14          43  0.97087680990790326     
          14          44  0.96911399789683428     
          15          45  0.96100410705725470     
          15          46  0.92588129098776228     
           2          47  0.93307098484317752     
          16          48  0.95687855210206130     
          18          49  0.96466365272955024     
          18          50  0.96756935255852694     
          19          51  0.97158001408918859     
          19          52  0.97193044337984869     
          21          53  0.96818272196938082     
          22          54  0.96315116760583031     
          25          55  0.97252688793191966     
          25          56  0.97271572114096594     
          25          57  0.97673523220718828     
          28          58  0.97669659321829894     
          28          59  0.97332553579128600     
          28          60  0.97323214215270215     
          29          61  0.96247291023343717     
          30          62  0.96536182928187531     
          30          63  0.95864712435181720     
          30          64  0.97741547928496586     
          31          65  0.95719395133210594     
          32          66  0.98047835872160782     
          32          67  0.97747976045599438     
          32          68  0.98292599390276869     
          33          69  0.98406647971911765     
          33          70  0.98221442207341036     
          33          71  0.98118402985144182     
           1          72  0.94488947523611455     
