   -0.27768583
    0.10276374
    0.00632922
    0.00105534
   -0.07922416
    0.12860170
   -0.23262741
    0.02883034
    0.12933328
   -0.22942766
    0.02783949
   -0.07143912
   -0.04916005
   -0.06482717
   -0.06199327
   -0.04877371
    0.08026271
   -0.05512586
   -0.06459634
   -0.00678023
   -0.04248569
   -0.07046305
    0.12967626
   -0.23739668
    0.02577493
    0.12505386
   -0.19766510
    0.02111651
   -0.07482917
   -0.07702931
   -0.00713129
   -0.11512914
   -0.12081522
    0.05102296
    0.05247005
    0.07949339
    0.04584542
    0.05401579
    0.07945290
    0.04836916
    0.05169776
    0.04189149
    0.05516019
    0.05739885
    0.05800089
    0.05912682
    0.00788790
    0.05303644
    0.07930539
    0.04767257
    0.06693779
    0.05497100
    0.05680099
    0.06398489
    0.05330304
    0.05456902
    0.08181316
    0.09120814
    0.05645930
    0.06016737
    0.08075783
    0.08308320
    0.08020619
    0.08619566
    0.03551554
    0.06012703
    0.03412064
    0.04900005
    0.06804891
    0.03592234
    0.05267287
    0.15025515
