           1           2   1.3334515498878687     
           2           3   1.2473259462118604     
           3           4   1.2373597431825838     
           4           5   1.1956243398362600     
           2           6   1.0879124013315717     
           5           6   1.3486303830344593     
           6           7   1.0861305804080141     
           7           8   1.6834177662303620     
           7           9   1.0937980691302165     
           8           9  0.13903246991386795     
           9          10  0.97200430431965557     
           9          11   1.1252906773141840     
           9          12  0.13362251968708361     
          11          12   1.7057353896290373     
           5          13   1.2166019096335217     
          11          13   1.0359028644248944     
          12          13  0.11826661580817802     
          13          14  0.97529906152498147     
           1          15  0.95414311007428187     
           1          16  0.96683697634309285     
           3          18  0.95510473931804019     
          10          19  0.96583289823539131     
          10          20  0.95836415129442010     
          10          21  0.95874280909208476     
          14          22  0.96875353483285909     
          14          23  0.96814212052434967     
          14          24  0.96311877507813748     
           4          25  0.91983843877532090     
