           1           2   1.3302880735933160     
           2           3   1.2351267489113682     
           3           4   1.2238275627111972     
           4           5   1.1999828806268844     
           2           6   1.0816414149167803     
           5           6   1.3240489367360406     
           6           7   1.0999736254966459     
           7           8   1.6588953778163869     
           7           9   1.0762239934295110     
           8           9  0.12266583455369662     
           9          10  0.97646334126499490     
           9          11   1.1249198455542486     
           9          12  0.12412651905450153     
          11          12   1.6821128503452643     
           5          13   1.2029605483005688     
          11          13   1.0436787532329226     
          12          13  0.11116394310577693     
          13          14  0.97780184704823203     
           1          15  0.90430172462442959     
           1          17  0.94992504238459863     
           3          18  0.95489163711800051     
          10          19  0.95546367733679294     
          10          20  0.94767413679358103     
          10          21  0.94764140403139785     
          14          22  0.96293225874948141     
          14          23  0.96329613048716589     
          14          24  0.95856881164552643     
           4          25  0.92013493040777605     
