   -0.26921280
    0.10174691
    0.00793676
    0.00844424
   -0.08441637
    0.13259635
   -0.23743498
    0.02849727
    0.10480709
   -0.10773915
    0.04334347
   -0.14086171
   -0.04394694
   -0.06369265
   -0.06804276
    0.00605203
    0.01095857
   -0.01640692
   -0.07010719
   -0.00049211
   -0.04913003
   -0.06762586
    0.13327109
   -0.22233130
    0.02515321
    0.13300146
   -0.22491212
    0.02719227
   -0.07936858
   -0.06951226
   -0.00619353
   -0.11773382
   -0.11852581
    0.05107985
    0.05445446
    0.08028417
    0.04808761
    0.08342852
    0.09355777
    0.01225651
   -0.00282657
    0.04313389
    0.05873363
    0.05360662
    0.06428247
    0.07819182
    0.00636318
    0.06852430
    0.06817069
    0.06734556
    0.05445874
    0.05511736
    0.04412442
    0.05803851
    0.05408943
    0.05542986
    0.08209881
    0.08163748
    0.04895761
    0.05216369
    0.04740219
    0.07390550
    0.08173505
    0.07990772
    0.03524499
    0.06966580
    0.03511544
    0.05019165
    0.06106216
    0.03413321
    0.05452350
    0.15700855
