           1           2   1.9542708739281056     
           2           3  0.99445549338588091     
           3           4  0.96573294089582273     
           4           5   1.3843064209886278     
           5           6   1.3891949526220857     
           6           7   1.1005688007361585     
           7           8  0.97235414616806404     
           6           9   1.2031763578961783     
           9          10   1.0380211830275659     
          10          11   1.2804133864146947     
           9          12   1.3560132551021060     
           4          13   1.3470978166016074     
          12          13   1.4566891827821207     
           3          14  0.95529907120160251     
          14          15  0.98175108715593129     
          15          16   1.0588388967426805     
          16          17   1.4004090991696592     
          17          18  0.98826243965353633     
          18          19  0.96608760806607274     
          19          20   1.0077961250163585     
          20          21   1.4089913371980398     
          21          22   1.4170903386890585     
          22          23   1.3835783941474091     
          23          24   1.1095725466331443     
          24          25  0.97603981947598106     
          23          26   1.2203207693868019     
          26          27   1.1034867527972299     
          27          28  0.97852065878608085     
          20          29   1.3805388964082141     
          26          29   1.3947430651739250     
          17          30  0.99799498143954091     
           3          31  0.94115133644690285     
          31          32   1.0083970821159427     
          31          33   1.0084084428737998     
           5          34  0.95443237031940265     
           8          35  0.97494168402688353     
           8          36  0.97680707054073945     
           8          37  0.97460070925747244     
          11          38  0.95844153288556511     
          11          39  0.96664055995087139     
          40          41  0.94708373916678978     
          13          42  0.95049918565554314     
          14          43  0.96887832514515515     
          14          44  0.97199336425148619     
          15          45  0.96137333199927844     
          15          46  0.92821935742848227     
           2          47  0.90076853097854637     
          16          48  0.95738301163171535     
          18          49  0.96429034485322296     
          18          50  0.96749171957804969     
          19          51  0.97141404528231701     
          19          52  0.97233953457062849     
          21          53  0.96821368880382641     
          22          54  0.96315467493848583     
          25          55  0.97261260709481978     
          25          56  0.97274758392402672     
          25          57  0.97678310135092838     
          28          58  0.97675353967601009     
          28          59  0.97340247128665180     
          28          60  0.97325202098362840     
          29          61  0.96244152233793845     
          30          62  0.96668711717621270     
          30          63  0.95923428530065680     
          30          64  0.97741161218725514     
          31          65  0.96056676573586230     
          32          66  0.97434487527377023     
          32          67  0.98167741652929474     
          32          68  0.98167650178170185     
          33          69  0.97649915156458822     
          33          70  0.98331580067287661     
          33          71  0.98008648842445278     
           1          72  0.94181775531538936     
