           2           3   1.5595792622626448     
           3           4   1.2120219858055405     
           4           5   1.2236645428567663     
           2           6   1.2699821616678213     
           5           6   1.2758303224671983     
           6           7   1.0699867633132527     
           7           8   1.6766407160955952     
           7           9   1.0965284290629438     
           8           9  0.12655991637015485     
           9          10  0.97591984032444357     
           9          11   1.1213261548969360     
           9          12  0.12277480388266634     
          11          12   1.6863036604243309     
           5          13   1.2120861664874503     
          11          13   1.0533858958914708     
          12          13  0.10811144937761635     
          13          14  0.97760012883888958     
           1          15  0.97820171731314209     
           1          16  0.97818560837864044     
           1          17  0.96347910326102493     
           3          18  0.95458464847750724     
          10          19  0.96339537359500804     
          10          20  0.95182133056359919     
          10          21  0.95176599436516773     
          14          22  0.96202581509731133     
          14          23  0.96229669395550854     
          14          24  0.96235828568449100     
           4          25  0.92388386759022878     
