           1           2   1.9565829575199909     
           2           3  0.98855304561516777     
           3           4  0.99777649417047043     
           4           5   1.3413920530194827     
           5           6   1.4501164201815293     
           6           7   1.1889917350905728     
           7           8  0.96305209682367110     
           6           9  0.97295137650149832     
           9          10  0.96321947800733754     
          10          11  0.98877573700156307     
           9          12   1.0060084118881170     
           4          13   1.2495763153550570     
          12          13   1.6605634972527943     
           3          14  0.94397179158547329     
          14          15  0.99288554079994062     
          15          16   1.0287888569879535     
          16          17   1.8788406510972602     
          17          18   1.0291347486605456     
          18          19  0.95981098879231130     
          19          20   1.0149409999330568     
          20          21   1.3793763207589513     
          21          22   1.4320259687214913     
          22          23   1.3668293956240762     
          23          24   1.1210644424154987     
          24          25  0.97417607157403607     
          23          26   1.2056553445948412     
          26          27   1.1169176669262417     
          27          28  0.97545189705310809     
          20          29   1.3909630493389902     
          26          29   1.3802013323789659     
           9          30  0.91470665729127254     
           3          31  0.92861477072448873     
          31          32   1.0082236381548924     
          31          33   1.0078695149046391     
           5          34  0.95294912432687096     
           8          35  0.97124721742178899     
           8          36  0.97557513838422927     
           8          37  0.97067353258249955     
          11          38  0.97041808712793931     
          11          39  0.97241507896590840     
          11          40  0.97108818294948240     
          12          41  0.96298163446781448     
          13          42  0.95582806291844591     
          14          43  0.96656085894865773     
          14          44  0.97047831720138400     
          15          45  0.96467837984446614     
          15          46  0.94169239376506575     
           2          47  0.92144181984019258     
          16          48  0.93002351715646914     
          18          49  0.95908075261790660     
          18          50  0.95708415309113903     
          19          51  0.96624905380723192     
          19          52  0.97252738912287673     
          21          53  0.96669776811640851     
          22          54  0.96194898412478314     
          25          55  0.97052750230417595     
          25          56  0.97036435506264240     
          25          57  0.97600528912421669     
          28          58  0.97604330747176327     
          28          59  0.97104738311797356     
          28          60  0.97119541222204986     
          29          61  0.96073726252634983     
          30          62  0.97707265889004569     
          30          63  0.98418997515619056     
          30          64  0.97682911091012259     
          31          65  0.95853518425372619     
          32          66  0.97402199587222138     
          32          67  0.98044966313881177     
          32          68  0.98014589802409091     
          33          69  0.96978984230814524     
          33          70  0.98125682579415363     
          33          71  0.97630594326319020     
           1          72  0.93859853986745045     
