           1           2   1.0991139985976854     
           3           4   1.5598648833802946     
           4           5   1.1069129308207026     
           2           6   1.4926974879490893     
           5           6   1.2140336688793756     
           6           7  0.96553144138767044     
           7           8   1.6609979289018195     
           7           9   1.1360345675132502     
           8           9  0.12085163648429317     
           9          10  0.96978222390797364     
           9          11   1.1041138666608270     
           9          12  0.11124686788666791     
          11          12   1.6643577299539398     
           5          13   1.1876446520487831     
          11          13   1.0710462136782550     
          12          13  0.10764499755842691     
          13          14  0.97878034674979619     
           1          15  0.91461759274752530     
           1          16  0.87590516956301312     
           1          17  0.90860989792903935     
           3          18  0.87754321904410815     
          10          19  0.95671973797920773     
          10          20  0.94717772939971112     
          10          21  0.94685727882871107     
          14          22  0.95740341852560085     
          14          23  0.95750459866340032     
          14          24  0.95061195541046273     
           4          25  0.87554441019885487     
