           1           2  0.98419298675889177     
           2           3   1.4061067666350728     
           3           4   1.2835579737928768     
           4           5   1.1712865095000753     
           2           6   1.1816502653869199     
           5           6   1.3375130390113175     
           6           7  0.98953207713165869     
           7           8   1.6409695330193323     
           7           9   1.2352613583795304     
           8           9  0.13254259256433748     
           9          11   1.2823422342970383     
           9          12  0.11479523980132975     
          11          12   1.6690625285637666     
           5          13   1.2662087959847506     
          11          13  0.91421929817875847     
          13          14  0.98661472193770305     
           1          15  0.95241940687296611     
           1          16  0.96549056309215908     
           1          17  0.95532770944784329     
           3          18  0.95174739884736159     
          10          19  0.97855303501391566     
          10          20  0.97891270250130469     
          10          21  0.97845552722778606     
          14          22  0.96442517389501370     
          14          23  0.96377835295060288     
          14          24  0.96025100523349949     
           4          25  0.91904379726492524     
