   -0.27911363
    0.10058322
    0.00605456
    0.00035130
   -0.08073658
    0.12663348
   -0.23768904
    0.03010295
    0.12535214
   -0.23680841
    0.02969423
   -0.07602534
   -0.05430395
   -0.06311657
   -0.06722145
   -0.00515083
   -0.00609107
   -0.01342190
   -0.07340768
    0.01021200
   -0.05041011
   -0.05459360
    0.07857329
   -0.11715974
   -0.13920566
    0.14384089
   -0.23980350
    0.02608461
   -0.07952557
   -0.06624497
   -0.00733140
   -0.11711309
   -0.11803000
    0.04891543
    0.05068065
    0.07728029
    0.04389968
    0.05147532
    0.07708012
    0.04386376
    0.04744325
    0.03592014
    0.05677337
    0.05040532
    0.06351892
    0.07111160
    0.00237960
    0.05856200
    0.06241928
    0.06373367
    0.05961018
    0.05832446
    0.05554722
    0.06018264
    0.34654507
    0.04574145
    0.03506040
    0.08194295
    0.04994332
    0.05471172
    0.05774164
    0.07037977
    0.07751381
    0.07275119
    0.03392864
    0.06571867
    0.03366524
    0.04729920
    0.06054508
    0.03233989
    0.05083998
    0.14922649
