   -0.27293485
    0.10226699
    0.00652905
    0.00229928
   -0.07944171
    0.12839384
   -0.23262008
    0.02852133
    0.12777282
   -0.23115176
    0.02804045
   -0.07357127
   -0.05183409
   -0.06398837
   -0.06545533
   -0.04463993
    0.07469303
   -0.05755313
   -0.06455256
    0.00557753
   -0.06479751
   -0.08120370
    0.13472328
   -0.23327128
    0.02396570
    0.13699625
   -0.19744767
    0.02118183
   -0.07498158
   -0.07564788
   -0.00736565
   -0.11654403
   -0.11934045
    0.05157181
    0.05272812
    0.07958720
    0.04667748
    0.05374982
    0.07945883
    0.04720949
    0.05056228
    0.03968003
    0.05524390
    0.05272499
    0.05739440
    0.06341427
    0.00916262
    0.05054586
    0.07944989
    0.05154017
    0.07483646
    0.06663195
    0.08257493
    0.06063702
    0.05196882
    0.05254008
    0.08288121
    0.08813259
    0.05844324
    0.05916137
    0.05408401
    0.08176170
    0.08086235
    0.08333223
    0.03573137
    0.06475566
    0.03367461
    0.04926506
    0.06445151
    0.03536937
    0.05255484
    0.15302989
