           1           2   1.9566495160734358     
           2           3  0.99536416403028249     
           3           4  0.96782891176182295     
           4           5   1.3679174544905428     
           5           6   1.4016341039646938     
           6           7   1.1002050086773631     
           7           8  0.97769665086225699     
           6           9   1.2212127386877329     
           9          10   1.1016136710407423     
          10          11  0.97759934133573223     
           9          12   1.3930302099580456     
           4          13   1.4144191032397646     
          12          13   1.4011942369269046     
           3          14  0.95825652502857184     
          14          15  0.98084649704446758     
          15          16   1.0587246327260902     
          16          17   1.3974807493381864     
          17          18  0.98811996842421002     
          18          19  0.96683230862291003     
          19          20   1.0076557377404962     
          20          21   1.4091263147742505     
          21          22   1.4169602310733089     
          22          23   1.3832264732055248     
          23          24   1.1105225323784673     
          24          25  0.97580393049311009     
          23          26   1.2194439646013793     
          26          27   1.1038704252738434     
          27          28  0.97848647116301579     
          20          29   1.3801844315319669     
          26          29   1.3948570878198887     
          17          30  0.99839557373594034     
           3          31  0.94181572233473798     
          31          32   1.0082440530666450     
          31          33   1.0092752079273453     
           5          34  0.95751652506661900     
           8          35  0.97353323135538916     
           8          36  0.97662835942514237     
           8          37  0.97341791462284410     
          11          38  0.97339011898841221     
          11          39  0.97688477544228514     
          11          40  0.97363096902131707     
          12          41  0.96373754732475625     
          13          42  0.96246350760986032     
          14          43  0.96880792258812876     
          14          44  0.97257705491348223     
          15          45  0.96186818257843942     
          15          46  0.92820446717790572     
           2          47  0.89198609342856294     
          16          48  0.95703859665702662     
          18          49  0.96387986941351134     
          18          50  0.96775899455377767     
          19          51  0.97175064069013473     
          19          52  0.97183790910111845     
          21          53  0.96811056961025699     
          22          54  0.96305990418123488     
          25          55  0.97254512703817819     
          25          56  0.97253964621898392     
          25          57  0.97671557041058732     
          28          58  0.97669170330655120     
          28          59  0.97336793119417830     
          28          60  0.97318112486645303     
          29          61  0.96247500974777567     
          30          62  0.96642188067083279     
          30          63  0.95957338495205113     
          30          64  0.97755358160241723     
          31          65  0.95987627648123863     
          32          66  0.97392099428004830     
          32          67  0.98145440435083087     
          32          68  0.98142194425049301     
          33          69  0.97652835865530996     
          33          70  0.98343744075332662     
          33          71  0.97993081932099191     
           1          72  0.94139931314175840     
