   -0.26890818
    0.10170510
    0.00636513
    0.00252708
   -0.08049319
    0.12892917
   -0.23105414
    0.02792425
    0.12812768
   -0.22965968
    0.02708534
   -0.07450390
   -0.05351026
   -0.06499285
   -0.06884277
    0.00500154
    0.00730058
   -0.01783509
   -0.06509736
   -0.00539242
   -0.11659339
   -0.06258669
    0.14448556
   -0.19158928
    0.02122548
    0.13057150
   -0.24233792
    0.02843105
   -0.08790319
   -0.06980769
   -0.00693829
   -0.11889574
   -0.11793565
    0.05177850
    0.05354665
    0.08063705
    0.04628424
    0.05486946
    0.08057696
    0.04755743
    0.05200604
    0.03977281
    0.05901958
    0.05337067
    0.06512169
    0.07915589
    0.00665802
    0.06979602
    0.06363482
    0.07360107
    0.06043504
    0.05231958
    0.09333792
    0.05979590
    0.06271172
    0.06592565
    0.08769550
    0.08115303
    0.04366844
    0.05149884
    0.05264120
    0.07287845
    0.08036010
    0.07660409
    0.03683373
    0.06912380
    0.03559085
    0.05107117
    0.05953694
    0.03430453
    0.05389184
    0.15643298
