           1           2   1.9647626989843838     
           2           3  0.95207034952136316     
           3           4  0.96818539779920765     
           4           5   1.3714701187891616     
           5           6   1.3915838001115237     
           6           7   1.1134184086985390     
           7           8  0.97578916668244242     
           6           9   1.2046027380953306     
           9          10   1.1193885063785722     
          10          11  0.97405792044299078     
           9          12   1.3773697351077381     
           4          13   1.3998605398625086     
          12          13   1.4163387629781081     
           3          14  0.97028256522452239     
          14          15   1.0068050582178560     
           2          16  0.90694055488234793     
          15          16  0.96290396950783830     
          16          17   1.0305715790889249     
          17          18   1.0065478967279593     
          18          19  0.95665306001374040     
          19          20   1.0166418500587164     
          20          21   1.3889327588339173     
          21          22   1.4254810461806198     
          22          23   1.3706291962143935     
          23          24   1.1226126647710015     
          24          25  0.97364777599132069     
          23          26   1.2035129894410150     
          26          27   1.1147813666063284     
          27          28  0.97624076928039016     
          20          29   1.3795930121407960     
          26          29   1.3891300079963691     
          17          30   1.0118356962016393     
           3          31  0.93413012623737324     
          31          32   1.0098799622889609     
          31          33   1.0081793301533353     
           5          34  0.95603256942183412     
           8          35  0.97121262908913464     
           8          36  0.97586301126629615     
           8          37  0.97164708666006572     
          11          38  0.97080612114102782     
          11          39  0.97611731012385838     
          11          40  0.97125566768529936     
          12          41  0.96213348338110083     
          13          42  0.95676433546333051     
          14          43  0.96857720159488014     
          14          44  0.96884802739294740     
          15          45  0.97413334413297181     
          15          46  0.97311479469867412     
          16          48  0.93805528951318451     
          18          49  0.96746410587012055     
          18          50  0.96803120831804956     
          19          51  0.97307755341164870     
          19          52  0.96633836381250360     
          21          53  0.96686559067668520     
          22          54  0.96198189006668766     
          25          55  0.97059942424113044     
          25          56  0.97016202275924968     
          25          57  0.97593030695908922     
          28          58  0.97607792154926398     
          28          59  0.97159798392786367     
          28          60  0.97149639921078246     
          29          61  0.96128116124179797     
          30          62  0.96222817279877759     
          30          63  0.97516646527027651     
          30          64  0.97601580083210249     
          31          65  0.95625518168728907     
          32          66  0.96677011935876478     
          32          67  0.98051433442658764     
          32          68  0.97937726666006597     
          33          69  0.98230680928090175     
          33          70  0.97846914604645452     
          33          71  0.98053322320282832     
           1          72  0.68814044273277686     
          47          72  0.25099471880913543     
