   -0.27342021
    0.10034278
    0.01255033
   -0.01953386
   -0.07727375
    0.13473304
   -0.23391650
    0.02603319
    0.14177905
   -0.19162831
    0.01879468
   -0.06313411
   -0.02953426
   -0.06391702
   -0.08081746
    0.00941801
   -0.04429144
   -0.00735183
   -0.07186717
    0.00581044
   -0.04489792
   -0.06588499
    0.13415273
   -0.21928445
    0.02447955
    0.13377674
   -0.22288585
    0.02728699
   -0.07835026
   -0.05656490
   -0.00856422
   -0.12003214
   -0.11923070
    0.05898212
    0.05090112
    0.08321413
    0.04963206
    0.06433689
    0.08985328
    0.06305106
    0.06418503
    0.05490957
    0.05642383
    0.05752885
    0.08562058
    0.03799733
    0.00824875
    0.04758330
    0.05469715
    0.05801190
    0.05440376
    0.05662656
    0.05159662
    0.05981195
    0.05586082
    0.05734725
    0.08267095
    0.08182745
    0.04921492
    0.05324821
    0.04710065
    0.06225400
    0.05828598
    0.06635847
    0.03476780
    0.06749132
    0.03320886
    0.05098504
    0.06474608
    0.03863561
    0.05373899
    0.15786559
