           1           2   1.9480178917367894     
           2           3  0.99961331335365800     
           3           4  0.89134803449558930     
           4           5   1.0458921758399429     
           5           6   1.5650943513159894     
           5           7  0.10412077157876388     
           6           7   1.0933391701677913     
           7           8  0.97716190865206332     
           6           9   1.1385135407708333     
           9          10   1.1631621433020711     
          10          11  0.96813804047017882     
           9          12   1.2748413014847508     
           4          13   1.0561056311970534     
          12          13   1.5962692646587548     
           3          14  0.92877734234178388     
          14          15   1.0364863943199001     
          15          16   1.6612021419149645     
          16          17   1.2233073197096280     
          17          18   1.0037094003797311     
          18          19  0.96666553034517988     
          19          20   1.0128195218363043     
          20          21   1.4039554606947637     
          21          22   1.4169663107853387     
          22          23   1.3807348077524493     
          23          24   1.1121178479708471     
          24          25  0.97568371112801955     
          23          26   1.2124595679813877     
          26          27   1.1046143786209575     
          27          28  0.97867047151573106     
          20          29   1.3760994925909724     
          26          29   1.3964827483532019     
          17          30   1.0064183524337533     
           3          31  0.96810863417889814     
          31          32   1.0072388712999039     
          31          33   1.0037494521389547     
           5          34  0.95913963165477922     
           8          35  0.97429361198188802     
           8          36  0.97650828035780834     
           8          37  0.97393770215874709     
          11          38  0.97092244385777460     
          11          39  0.97595093753765094     
          11          40  0.97098999794370711     
          12          41  0.95897800551818235     
          13          42  0.96482805974023678     
          14          43  0.95948844074205253     
          14          44  0.96437061544727964     
           4          45  0.88323154661304193     
          15          46  0.96106883173022151     
           2          47  0.93133430304891784     
          16          48  0.95497419940087380     
          18          49  0.96238698086283092     
          18          50  0.96966686058543006     
          19          51  0.97466883644893232     
          19          52  0.96447155905405091     
          21          53  0.96706036060737688     
          22          54  0.96270034793801063     
          25          55  0.97183232604676761     
          25          56  0.97181849849755686     
          25          57  0.97662307800397985     
          28          58  0.97667133703728615     
          28          59  0.97302790953862928     
          28          60  0.97251422013022193     
          29          61  0.96160703024131444     
          30          62  0.96981265829187602     
          30          63  0.97083409729813797     
          30          64  0.97962754059250601     
          31          65  0.95708962318271906     
          32          66  0.97403596125208758     
          32          67  0.97248067081019929     
          32          68  0.98023313522330802     
          33          69  0.97616851711682995     
          33          70  0.98202328832110886     
          33          71  0.98071586092283680     
           1          72  0.94144384557376326     
