   -0.26780714
    0.10198279
    0.00834361
    0.00773409
   -0.07619770
    0.13107368
   -0.22549267
    0.02729361
    0.13150782
   -0.22259620
    0.02558167
   -0.06894143
   -0.04453672
   -0.05843423
   -0.07370993
    0.07016685
   -0.20847819
   -0.05494346
   -0.05576677
    0.03539406
   -0.03389942
   -0.06326012
    0.14343135
   -0.19117341
    0.01751338
    0.13538912
   -0.22877013
    0.02368021
   -0.07737469
   -0.03019869
   -0.00716115
   -0.11649913
   -0.11973801
    0.05445552
    0.05513600
    0.08221683
    0.04973079
    0.05690151
    0.08246793
    0.05263868
    0.05645816
    0.04575134
    0.05512212
    0.04919035
    0.05308994
    0.06432212
    0.02006145
    0.04795498
    0.06815307
    0.06231018
    0.06531431
    0.07383826
    0.06444365
    0.06893670
    0.06582823
    0.06443440
    0.09122794
    0.08510137
    0.05262479
    0.05361059
    0.06408667
    0.05919636
    0.03819472
    0.05852734
    0.03790019
    0.06539004
    0.03490049
    0.05157308
    0.06657950
    0.03739441
    0.05435926
    0.15646368
