           1           2   1.9515804266313830     
           2           3  0.99131503963601419     
           3           4  0.97749854527151270     
           4           5   1.3727799571242416     
           5           6   1.3939014042477897     
           6           7   1.1032559409734062     
           7           8  0.97750971829251587     
           6           9   1.2155656753372954     
           9          10   1.1080160420730918     
          10          11  0.97633146548448901     
           9          12   1.3822788164944768     
           4          13   1.4010210135354082     
          12          13   1.4138391060919759     
           3          14  0.94908755060806838     
          14          15  0.99252992603422374     
          15          16   1.0044809634776894     
          16          17   1.8869596211822803     
          18          19   1.0296013200673819     
          18          20  0.82599940220402701     
          19          20  0.81880816644711540     
          20          21   1.1228316708730444     
          21          22   1.5732273183946919     
          22          23   1.2872862449894487     
          23          24   1.1655796707641282     
          24          25  0.96647078761612359     
          23          26   1.1520627293358481     
          26          27   1.1018977515660655     
          27          28  0.97475578739259616     
          20          29   1.1043753859348160     
          26          29   1.5295797622833267     
          17          30   1.0340559281533217     
           3          31  0.94283733752760357     
          31          32   1.0079573281454022     
          31          33   1.0077913009086263     
           5          34  0.95782379047864130     
           8          35  0.97248631333431512     
           8          36  0.97645843757566275     
           8          37  0.97256986558261038     
          11          38  0.97213853380893467     
          11          39  0.97667022710893425     
          11          40  0.97245194047360450     
          12          41  0.96279875697589501     
          13          42  0.96138356627952493     
          14          43  0.96577182377746940     
          14          44  0.97184877943730419     
          15          45  0.96221983503088704     
          15          46  0.94237210469834021     
           2          47  0.92009715213378473     
          16          48  0.94851368999538299     
          18          49  0.97433616314285709     
          18          50  0.97543240334267256     
          19          51  0.97527162899017894     
          19          52  0.97348630557201998     
          21          53  0.96614400412434720     
          22          54  0.95964923019418191     
          25          55  0.97052616396981428     
          25          56  0.97159639557313904     
          25          57  0.97565146586059293     
          28          58  0.97645312118426364     
          28          59  0.97407647200160463     
          28          60  0.97395059371461945     
          29          61  0.96108632716317410     
          30          62  0.95802209258200444     
          30          63  0.96036016739967267     
          30          64  0.97597647642228380     
          31          65  0.95808195916873018     
          32          66  0.97356544082423602     
          32          67  0.98094428333209860     
          32          68  0.98079303321791922     
          33          69  0.97169831567919551     
          33          70  0.98198388365580458     
          33          71  0.97880333707116929     
           1          72  0.94078922759205696     
