   -0.26357030
    0.10169416
    0.00659732
    0.00271572
   -0.07987796
    0.13038322
   -0.22703679
    0.02657686
    0.12949571
   -0.22547633
    0.02585162
   -0.07420615
   -0.05294579
   -0.06531189
   -0.06962793
    0.00877666
    0.01186956
   -0.01629865
   -0.07146928
    0.00302995
   -0.04943634
   -0.03628803
    0.21828410
   -0.31557304
   -0.10576725
    0.12372975
   -0.20553359
    0.02457284
   -0.07972804
   -0.07051891
   -0.00730715
   -0.11913704
   -0.11902392
    0.05313033
    0.05527213
    0.08291318
    0.04851165
    0.05675749
    0.08288528
    0.04928236
    0.05353738
    0.03979266
    0.06150892
    0.05491745
    0.06710308
    0.08214771
    0.00736232
    0.07132092
    0.06889385
    0.06773748
    0.05449748
    0.05906604
    0.05361824
    0.05638550
    0.04695984
    0.07894793
    0.09938053
    0.08794506
    0.05166038
    0.05461955
    0.04643434
    0.07722938
    0.08012118
    0.08020607
    0.03863848
    0.07006046
    0.03610785
    0.05288965
    0.06109399
    0.03562032
    0.05626154
    0.15973891
