           1           2   1.9599464611811843     
           2           3  0.99404383300970434     
           3           4  0.96961310941217294     
           4           5   1.3688832722655691     
           5           6   1.3992213828149276     
           6           7   1.1032201393340690     
           7           8  0.97698888752551216     
           6           9   1.2181748125990752     
           9          10   1.1057422611048937     
          10          11  0.97647092076805253     
           9          12   1.3896383615699490     
           4          13   1.4111788733182811     
          12          13   1.4046882317820120     
           3          14  0.95707604855640560     
          14          15  0.98214417030399814     
          15          16   1.0597266840920438     
          16          17   1.4057131880450890     
          17          18  0.98741399568931676     
          18          19  0.96898456973116542     
          19          20   1.0032181435572043     
          20          21   1.6875796515360233     
          21          22   1.0400951458065670     
          22          23  0.96056792803906388     
          23          24   1.8025991705902975     
          22          25  0.96791702370357147     
          23          26   1.0187298702286010     
          26          27   1.1306677819968896     
          27          28  0.97462139904699963     
          20          29   1.1790195005279016     
          26          29   1.5381276433329449     
          27          29  0.10362579315891413     
          17          30  0.99787806920154121     
           3          31  0.94088363728415825     
          31          32   1.0081687661723380     
          31          33   1.0088585549069096     
           5          34  0.95760187173629552     
           8          35  0.97314168686789293     
           8          36  0.97633823834772526     
           8          37  0.97302701116440726     
          11          38  0.97293263444925893     
          11          39  0.97658717608763035     
          11          40  0.97314034393773208     
          12          41  0.96349840214924920     
          13          42  0.96238167118472928     
          14          43  0.96838161170426895     
          14          44  0.97203143109304391     
          15          45  0.96083952240286763     
          15          46  0.92523191822649720     
           2          47  0.89632305478756247     
          16          48  0.95689944345666977     
          18          49  0.96310561815146367     
          18          50  0.96811591525266349     
          19          51  0.97389539249667112     
          19          52  0.96833127839941802     
          21          53  0.96288113265820308     
          25          54  0.98330448552709082     
          25          55  0.98676658752286794     
          25          56  0.97787198115821539     
          22          57  0.89795865143686826     
          28          58  0.97584255923216046     
          28          59  0.97200286525883384     
          28          60  0.97221768963341337     
          29          61  0.95995017655844983     
          30          62  0.96590499589168344     
          30          63  0.96180499755762661     
          30          64  0.97731162537950578     
          31          65  0.95898104665990669     
          32          66  0.97281564763721873     
          32          67  0.98130738945123375     
          32          68  0.98061512452472355     
          33          69  0.97592366105675921     
          33          70  0.98251597292388682     
          33          71  0.97941173653505320     
           1          72  0.94032651028602787     
