           1           2  0.98299621767583467     
           2           3   1.3645471757203942     
           3           4   1.3291710120704534     
           4           5   1.0667431661944937     
           2           6   1.2138843291059578     
           5           6   1.2066320512661597     
           6           7   1.0280416009624631     
           7           8   1.5214161285664123     
           7           9   1.3046221837646699     
           8           9  0.11372092130044514     
           9          10   1.1143095311151570     
          11          12   2.6143640238658499     
           5          13   1.5316258177730362     
          13          14   1.0689748095278107     
           1          15  0.95424447403046542     
           1          16  0.96437713834768335     
           1          17  0.94470099273965702     
           3          18  0.95087669869169167     
          10          19  0.90369997930565793     
          10          20  0.90207512396630907     
          10          21  0.90875883014497960     
          14          22  0.93624986536687693     
          14          23  0.91735094594814814     
          14          24  0.94293750596263259     
           4          25  0.92253274964656362     
