           1           2   1.9561277465770504     
           2           3  0.99512475700915759     
           3           4  0.96873116975995410     
           4           5   1.3674519631328719     
           5           6   1.4023018446579187     
           6           7   1.0986979868269700     
           7           8  0.97797061167761590     
           6           9   1.2224495272646099     
           9          10   1.1002510657278926     
          10          11  0.97793442472367009     
           9          12   1.3936016778417848     
           4          13   1.4155356290486296     
          12          13   1.4011204070019545     
           3          14  0.95765813572604730     
          14          15  0.98057513863515189     
          15          16   1.0601100049985572     
          16          17   1.3872061161782696     
          17          18  0.99091995754150730     
          18          19  0.96603034412406263     
          19          20   1.0109355103705473     
          20          21   1.3904058352941171     
          21          22   1.4477476140018983     
          22          23   1.3517551458830819     
          23          24   1.0567906983026711     
          24          25   1.2846676691363419     
          23          26   1.2265489210135094     
          26          27   1.1137635825887497     
          27          28  0.97340561426108740     
          20          29   1.3863752172797490     
          26          29   1.3879280575030482     
          17          30  0.99851056344611988     
           3          31  0.94244758229958658     
          31          32   1.0083637289342553     
          31          33   1.0091135085364900     
           5          34  0.95764409473335221     
           8          35  0.97369254945196704     
           8          36  0.97668770685718909     
           8          37  0.97346529938600623     
          11          38  0.97347303347185343     
          11          39  0.97694956096462604     
          11          40  0.97384414000881236     
          12          41  0.96387948173531979     
          13          42  0.96264944519448614     
          14          43  0.96886212577701569     
          14          44  0.97241543637943151     
          15          45  0.96145921642444476     
          15          46  0.92790205190976816     
           2          47  0.89950972800525164     
          16          48  0.95762692265689964     
          18          49  0.96401173983326394     
          18          50  0.96775911257752634     
          19          51  0.97060875152313042     
          19          52  0.97176331513228453     
          21          53  0.96744202388571632     
          22          54  0.96082843059696721     
          25          55  0.96408477331911158     
          25          57  0.96093014514649555     
          28          58  0.97658920824568607     
          28          59  0.97475996861472136     
          28          60  0.97451926756443241     
          29          61  0.96224031688641898     
          30          62  0.96669967132913914     
          30          63  0.96051878531120083     
          30          64  0.97781660612342658     
          31          65  0.95987294405724244     
          32          66  0.97396302968854431     
          32          67  0.98188654445950385     
          32          68  0.98142259228739981     
          33          69  0.97702301209029296     
          33          70  0.98307696138391187     
          33          71  0.98032071441574076     
           1          72  0.94214624278327286     
