           1           2   1.9514558862696276     
           2           3  0.99465263482043964     
           3           4  0.97125067584994795     
           4           5   1.3698968886632101     
           5           6   1.4006030042230624     
           6           7   1.0966676939845130     
           7           8  0.97881253079680497     
           6           9   1.2242852004099898     
           9          10   1.0999127400712223     
          10          11  0.97764600681630598     
           9          12   1.3916754069759210     
           4          13   1.4139462700240439     
          12          13   1.4070343144005697     
           3          14  0.95692779569281838     
          14          15  0.98105837125201567     
          15          16   1.0615569673012928     
          16          17   1.3747306436006612     
          17          18  0.99110536087944434     
          18          19  0.96266457530493998     
          19          20   1.0595068881932266     
          21          22   1.8116138948947202     
          22          23   1.1414932549119583     
          23          24   1.1020913388251410     
          24          25  0.97809063494383852     
          23          26   1.4036381045613298     
          26          27   1.0528408573618302     
          27          28  0.97221352000705508     
          20          29   2.6580936738499470     
          26          29   1.1507333265140893     
          17          30  0.99909076569157673     
           3          31  0.94201532041642055     
          31          32   1.0086262216935711     
          31          33   1.0083738673623504     
           5          34  0.95821042457017891     
           8          35  0.97356948945107957     
           8          36  0.97684808166349812     
           8          37  0.97388857771869264     
          11          38  0.97372517478513099     
          11          39  0.97701822488774748     
          11          40  0.97352111220080118     
          12          41  0.96373932892727465     
          13          42  0.96223966486698775     
          14          43  0.96731696827511748     
          14          44  0.97195648425340297     
          15          45  0.96023688105261318     
          15          46  0.92913864186097816     
           2          47  0.90310103650682150     
          16          48  0.95830672469490374     
          18          49  0.96320929461036942     
          18          50  0.96846703319686067     
          19          51  0.95326330171560425     
          19          52  0.95161284794345058     
          21          53  0.97539765359381558     
          22          54  0.95456641447893664     
          25          55  0.97423589012748146     
          25          56  0.96906538824439115     
          25          57  0.97413781593123971     
          28          58  0.97777113712005237     
          28          59  0.97568449677537616     
          28          60  0.97031399136585195     
          21          61  0.96847092809950486     
          30          62  0.97030164433812227     
          30          63  0.96317097585184430     
          30          64  0.97786284941862578     
          31          65  0.96163073194553084     
          32          66  0.97574472805809265     
          32          67  0.98203511140590949     
          32          68  0.98163634464396698     
          33          69  0.97529202582724006     
          33          70  0.98300508653948626     
          33          71  0.98017015219199244     
           1          72  0.94290269070163946     
