   -0.27474735
    0.10453456
    0.01576500
    0.00355392
   -0.07580900
    0.13053116
   -0.22831701
    0.02820915
    0.13272150
   -0.22276576
    0.02506165
   -0.06810448
   -0.04490813
   -0.02892502
   -0.05649729
    0.01473653
    0.00008176
   -0.01590459
   -0.07067543
    0.00332305
   -0.04615009
   -0.06624646
    0.13462760
   -0.21811132
    0.02389584
    0.13398369
   -0.22184851
    0.02660296
   -0.07907932
   -0.06465833
   -0.00471004
   -0.11532332
   -0.12014005
    0.04936859
    0.05399126
    0.08112525
    0.04462614
    0.05719606
    0.08205956
    0.05421011
    0.05866881
    0.05028167
    0.06191602
    0.00985941
    0.05075188
   -0.01249023
    0.01611929
    0.06366035
    0.06647196
    0.06649486
    0.05606460
    0.05569849
    0.05016083
    0.06049341
    0.05589286
    0.05801746
    0.08359623
    0.08289252
    0.04965917
    0.05371946
    0.04753121
    0.07288238
    0.07256628
    0.07630413
    0.03968619
    0.06071727
    0.03660321
    0.05154963
    0.07332381
    0.03579242
    0.05563703
    0.16219354
