           1           2   1.9133214003787391     
           2           3  0.94008033447094652     
           3           4  0.97933743894263470     
           4           5   1.3718633089249788     
           5           6   1.3998406448877627     
           6           7   1.0975821767684566     
           7           8  0.97937328350522357     
           6           9   1.2165134822358699     
           9          10   1.1088736588650654     
          10          11  0.97578735325396271     
           9          12   1.3836094990778858     
           4          13   1.4058595567856729     
          12          13   1.4133889460371349     
           3          14  0.99060855943675130     
          14          15   1.5421780407045902     
          15          16   1.3298280995965681     
          16          17   1.3442227480050768     
          17          18  0.99360551286321996     
          18          19  0.96727743743562300     
          19          20   1.0096856234168412     
          20          21   1.4061488070463215     
          21          22   1.4172050170626806     
          22          23   1.3805660551666556     
          23          24   1.1144889162103293     
          24          25  0.97506119273577740     
          23          26   1.2132765380720578     
          26          27   1.1065449898584174     
          27          28  0.97808899464703491     
          20          29   1.3784989402876471     
          26          29   1.3947981227483044     
          17          30   1.0004116253316298     
           3          31  0.93484940280213102     
          31          32   1.0083432728052053     
          31          33   1.0081060457053397     
           5          34  0.95986163953813919     
           8          35  0.97335852312112170     
           8          36  0.97660608086448564     
           8          37  0.97270223626383756     
          11          38  0.97226077146792766     
          11          39  0.97670864617183117     
          11          40  0.97228770548540577     
          12          41  0.96261215371420317     
          13          42  0.96317111132953426     
          14          43  0.95854202080042106     
          15          45  0.95577715290343734     
          44          46  0.99250047249632012     
           2          47  0.93293340040373385     
          16          48  0.95538042970601411     
          18          49  0.96243964242274782     
          18          50  0.96879608915000159     
          19          51  0.97340400353466083     
          19          52  0.96852799141149837     
          21          53  0.96743962914305781     
          22          54  0.96269262889675022     
          25          55  0.97210512410405026     
          25          56  0.97158009407147827     
          25          57  0.97650858420499087     
          28          58  0.97651564130738056     
          28          59  0.97288197776302632     
          28          60  0.97259388933764246     
          29          61  0.96211669014237577     
          30          62  0.97077341362145919     
          30          63  0.96623397538451927     
          30          64  0.97818234738609888     
          31          65  0.95932063680109647     
          32          66  0.97810084759947280     
          32          67  0.98051295167386265     
          32          68  0.98123692640025117     
          33          69  0.97023032497573514     
          33          70  0.98078948041401559     
          33          71  0.97790501352965098     
           1          72  0.93639705912464055     
