           1           2   2.0211003502999696     
           3           4   1.2195528050559257     
           4           5   1.3106428528832641     
           3           6   1.5379907017479242     
           6           7   1.0211196657791657     
           7           8   1.7173986037107425     
           7           9   1.0895455212881351     
           8           9  0.13121108952950608     
           9          10  0.97384410371664520     
           9          11   1.1538618486903496     
           9          12  0.14470088046671054     
          11          12   1.7411970346222478     
           5          13   1.2877743979665444     
           6          13   1.1212116734860402     
          11          13  0.94132231369907449     
           5          14   1.0605396881916851     
           1          15  0.94158975705198433     
           2          16  0.92365935298155288     
           1          17  0.91883383901735538     
           3          18  0.94670043346244515     
          10          19  0.97100173395060663     
          10          20  0.96637197773560923     
          10          21  0.96488454929692002     
          14          22  0.93972605696220946     
          14          23  0.93664651803437349     
          14          24  0.96454794924689424     
           4          25  0.91874241977384330     
