           1           2  0.95415695998131533     
           2           3   1.7483371957478211     
           4           5   1.5737032640169371     
           2           6  0.99079215647245078     
           5           6   1.1570259202309436     
           6           7   1.1054306916446768     
           7           8   1.6240013813211935     
           7           9   1.1083523837277565     
           8           9  0.11316953471178884     
           9          10  0.98203308274210666     
           9          11   1.0901344906301009     
           9          12  0.10710597819169013     
          11          12   1.6772653320430020     
           5          13   1.1221863613376954     
          11          13   1.1038217191187814     
          12          13  0.11085453416505379     
          13          14  0.98447500842890168     
           1          15  0.96694342932056343     
           1          16  0.96335028465842254     
           1          17  0.94651587171661289     
           3          18  0.91395692380537241     
          10          19  0.95995250825327461     
          10          20  0.94088127951563316     
          10          21  0.93667460552064918     
          14          22  0.93981117860276564     
          14          23  0.93827591422573831     
          14          24  0.95667295313391087     
           4          25  0.92725230640253931     
