           1           2  0.88723028981778662     
           1           3  0.95593383921903097     
           2           3  0.85788618960055840     
           3           4   1.0707945708142659     
           4           5   1.1474380925186600     
           2           6  0.97610660544176164     
           5           6   1.4001931798744769     
           6           7   1.1016606028667788     
           7           8   1.6787130683303104     
           7           9   1.0827262673985705     
           8           9  0.14214078299046395     
           9          10  0.96749956803634163     
           9          11   1.1413995209970642     
           9          12  0.14547640437140685     
          11          12   1.7110836470791910     
           5          13   1.2428236710590128     
          11          13   1.0144390407165971     
          12          13  0.11840759334695319     
          13          14  0.97551870546277386     
           1          15  0.96311239295082163     
           2          16  0.91207474004688049     
           1          17  0.96119654091610507     
           3          18  0.95383424487193602     
          10          19  0.96941020164045177     
          10          20  0.96637623107304926     
          10          21  0.96772878960813613     
          14          22  0.97243584260078753     
          14          23  0.96948474623142733     
          14          24  0.96317401145721471     
           4          25  0.92141163486817002     
