           1           2   1.9447794931816749     
           2           3  0.99566529757427091     
           3           4  0.97031783331049204     
           4           5   1.3638872424127375     
           5           6   1.4106924399350409     
           6           7   1.0833152914962823     
           7           8  0.98054067157261326     
           6           9   1.2352235655591777     
           9          10   1.0874316313631212     
          10          11  0.98036760488941710     
           9          12   1.4013373820081301     
           4          13   1.4296045195472091     
          12          13   1.3991431549503923     
           3          14  0.91667979280226386     
          14          15   1.0406179994257370     
          15          16   1.7905153110644134     
          16          17  0.91863780531649297     
          17          18  0.93011370081715594     
          18          19  0.99787632550071659     
          19          20  0.99384695089621022     
          20          21   1.4262994147896131     
          21          22   1.4074741673860449     
          22          23   1.3939580497317294     
          23          24   1.1022892714869728     
          24          25  0.97715491873869864     
          23          26   1.2325448294736814     
          26          27   1.0950844582318602     
          27          28  0.98021908835167892     
          20          29   1.3752968467771332     
          26          29   1.4016662398556883     
          17          30  0.95876073884020241     
           3          31  0.95259328138041621     
          31          32   1.0065407511576190     
          31          33   1.0090579420263144     
           5          34  0.95819728547045124     
           8          35  0.97525452011585489     
           8          36  0.97724789632302111     
           8          37  0.97473752943137515     
          11          38  0.97477284644745721     
          11          39  0.97758921479118543     
          11          40  0.97510369590627488     
          12          41  0.96448709087974283     
          13          42  0.96323005857163124     
          14          43  0.95523139127211276     
          14          44  0.97010850137993510     
          15          45  0.95736010663551896     
          17          46  0.91003040076627117     
           2          47  0.93491912156404300     
          16          48  0.95668755344178769     
          18          49  0.96938433114893052     
          18          50  0.96361568699065303     
          19          51  0.96713767375358928     
          19          52  0.96935318285351091     
          21          53  0.96863686940226845     
          22          54  0.96399027121009973     
          25          55  0.97457880592145696     
          25          56  0.97450305648418012     
          25          57  0.97733340920124501     
          28          58  0.97714995651135528     
          28          59  0.97479263123029802     
          28          60  0.97492644238722459     
          29          61  0.96268536665009519     
          30          62  0.97549636682607666     
          30          63  0.97714069697288330     
          30          64  0.97072413249439493     
          31          65  0.96164997560580856     
          32          66  0.97652033549222805     
          32          67  0.98302113276004299     
          32          68  0.98300682101394310     
          33          69  0.97784474779543551     
          33          70  0.98424632629416808     
          33          71  0.98184999739345380     
           1          72  0.94638842704288462     
