           1           2  0.99087723212940060     
           2           3   1.4373308623839154     
           2           4  0.13458581581090859     
           3           4   1.3635727077884121     
           4           5  0.99069705477716041     
           2           6   1.0338630715710948     
           5           6   1.0146053240003277     
           6           7   1.5171498173695113     
           6           8  0.17196949005285217     
           7           8   2.1374135090422648     
           9          10   1.0151597926688161     
           9          11   1.9960805565033768     
           9          12  0.36854432422963435     
          11          12   1.8779321114763095     
           4          13  0.10406975674428807     
           5          13   1.7888806695641806     
          13          14   1.0184813108068245     
           1          15  0.95899013890781326     
           1          16  0.97205778890875905     
           1          17  0.96610365439273505     
           3          18  0.94525768269106181     
          10          19  0.96925779122746913     
          10          20  0.96003645027447981     
          10          21  0.96017698695128717     
          14          22  0.95610902893480088     
          14          23  0.96064949472537731     
          14          24  0.97172284397383701     
           4          25  0.92053890035913699     
