           1           2  0.98893710155954173     
           2           3   1.3213599362281998     
           3           4   1.4643518186600109     
           4           5   1.3294521020632808     
           2           6   1.1874509359072809     
           5           6   1.3201373946908663     
           6           7   1.1185887757096897     
           7           8   1.7462094317910519     
           7           9  0.97950662868343608     
           8           9  0.12928252960489206     
           9          10  0.96567480658409155     
           9          11   1.3113152605405576     
          11          12   1.1889334801283498     
           5          13   1.0831978921114689     
          11          13   1.2951971978184584     
          13          14  0.96599928757706099     
           1          15  0.96205855795394379     
           1          16  0.96740714078717915     
           1          17  0.97093243629486559     
           3          18  0.95723398057068987     
          10          19  0.96293804302645281     
          10          20  0.96515811030021315     
          10          21  0.96531664605472545     
          14          22  0.96674789705368114     
          14          23  0.96675954097591832     
          12          24  0.83256495964689625     
          14          25  0.96129641939507282     
