           1           2   1.0296459040313091     
           3           4   1.6833215053827917     
           2           5  0.14159886591068124     
           4           5  0.97938654840199135     
           2           6   2.1328317487772162     
           5           6   1.5270837622965603     
           7           8   2.0385730844025356     
           7           9   1.5265317821855593     
           8           9  0.21712209602272939     
           9          10  0.92656093706927156     
           9          11  0.74576512053142696     
          11          12   1.7647065590431161     
           5          13  0.99312589588241962     
          11          13   1.2725415078018685     
          12          13  0.19625307167389999     
          13          14  0.95503272744668288     
           1          15  0.96232505974870364     
           1          16  0.94375126699877276     
           1          17  0.94003147746639748     
           3          18  0.93906582679366091     
          10          19  0.97566501114947690     
          10          20  0.96664009439153087     
          10          21  0.97204797235819884     
          14          22  0.96965489326979470     
          14          23  0.97560770544583697     
          14          24  0.96695680527943761     
           4          25  0.90680202898548845     
