   -0.26724870
    0.10472522
    0.01020836
   -0.01088594
   -0.09877393
    0.12900602
   -0.25043327
    0.03179277
   -0.05517987
   -0.00125325
    0.00052650
   -0.08162175
   -0.06507620
   -0.06277730
   -0.07000682
    0.01193014
    0.01790416
   -0.01674235
   -0.07029508
   -0.00063790
   -0.04935997
   -0.06783805
    0.13275161
   -0.22380144
    0.02562163
    0.13245384
   -0.22647362
    0.02772273
   -0.07963411
   -0.07521498
   -0.00655882
   -0.11655823
   -0.11771920
    0.02688262
    0.05559840
    0.06680417
    0.05367697
    0.10439246
    0.10047027
    0.08752564
    0.02895888
    0.02069083
    0.06269585
    0.04948922
    0.07288573
    0.07927783
    0.00473469
    0.06948848
    0.06858419
    0.06674996
    0.05493995
    0.05568225
    0.04419270
    0.05750576
    0.05326693
    0.05495855
    0.08128275
    0.08070253
    0.04795838
    0.05169576
    0.04681065
    0.07745596
    0.08983108
    0.07927097
    0.03936434
    0.06763509
    0.03887474
    0.04781151
    0.05921159
    0.03401672
    0.05269750
    0.15537592
