           1           2  0.98185109602010046     
           2           3   1.4291043797896186     
           3           4   1.2830960775323592     
           4           5   1.1877285896818301     
           2           6   1.1752429854800575     
           5           6   1.3552897631665735     
           6           7   1.0505151506189541     
           7           8   1.7016002771403014     
           7           9   1.1197600317578842     
           8           9  0.15994586328111243     
           9          10  0.96465811490166242     
           9          11   1.1235576445578899     
           9          12  0.13838589139048052     
          11          12   1.7226582996298569     
           5          13   1.2295129280857489     
          11          13   1.0219935078308280     
          12          13  0.12421734998097816     
          13          14  0.97302206225604460     
           1          15  0.95430563884927433     
           1          16  0.96299069589950181     
           1          17  0.95890632697703271     
           3          18  0.95073669871609445     
          10          19  0.97011360690249915     
          10          20  0.96794459927340670     
          10          21  0.96801964388065609     
          14          22  0.97210363829108526     
          14          23  0.97194814476786529     
          14          24  0.96265032135264583     
           4          25  0.91738026885967361     
