           1           2   1.7494349197160930     
           2           3   1.5442406266602917     
           2           4  0.12328895578972598     
           3           4   1.2835384948629587     
           4           5   1.0813205201098799     
           5           6   1.5300305854809175     
           6           7   1.0935902156164519     
           7           8   1.6818840304854312     
           7           9   1.0882750991461976     
           8           9  0.12607907830134932     
           9          10  0.97521627291370239     
           9          11   1.1426678921435334     
           9          12  0.13081571913354031     
          11          12   1.6791965893024541     
           5          13   1.1812547800890500     
          11          13   1.0494527862838114     
          12          13  0.11846417245916420     
          13          14  0.98285118827385420     
           1          15  0.92379976183812795     
           1          16  0.93489294639510556     
           6          17  0.95249505757221831     
           3          18  0.91020595455496678     
          10          19  0.96486361025652334     
          10          20  0.95570340398031106     
          10          21  0.95708851333652634     
          14          22  0.96483632186907853     
          14          23  0.96678686052232710     
          14          24  0.95481411343849387     
           4          25  0.90224623059287257     
