           1           3   1.0448362609976805     
           2           3   1.6265855029473570     
           4           5   1.6046122165486094     
           2           6   1.2853176691446331     
           5           6   1.0789931978890044     
           6           7   1.0514659768456283     
           7           8   1.6118658769610978     
           7           9   1.1104278213609313     
           8           9  0.10509872897694997     
           9          10  0.97966859227945047     
           9          11   1.0935036128795601     
           9          12  0.10196780821523393     
          11          12   1.6531872608214875     
           5          13   1.1316685790005299     
          11          13   1.1105796124077822     
          12          13  0.10532153004129240     
          13          14  0.98343940249996953     
           1          15  0.90509110948971405     
           1          16  0.90225096646636116     
           1          17  0.91414641203309333     
           3          18  0.90568343646829108     
          10          19  0.94922804982191178     
          10          20  0.93558811484871085     
          10          21  0.93650038951420522     
          14          22  0.93470428305989794     
          14          23  0.93408418261735016     
          14          24  0.94760288366265399     
           4          25  0.91708014851599273     
