           2           3   2.3983018714354722     
           4           5   1.7754093310472203     
           2           6   1.2437945626730473     
           3           6  0.19119144722055215     
           5           6  0.94694247475491067     
           6           7   1.2666709488556931     
           1           8  0.94393475832313989     
           7           8   1.1836412171123472     
           7           9   1.2867687229156166     
           9          10  0.96791984044341439     
           9          11  0.99718484333061985     
           9          12  0.10257174637792603     
          11          12   1.7177624587014884     
           4          13  0.10215751780519600     
           5          13   1.1241000317733305     
          11          13   1.1568664530441624     
          12          13  0.15205637769241279     
          13          14  0.96124540986525697     
           1          15  0.97157427068001900     
           1          16  0.97183879952367780     
           1          17  0.96821934766849926     
           3          18  0.93777870864116342     
          10          19  0.97257061099610898     
          10          20  0.96235876023035749     
          10          21  0.96236312530322610     
          14          22  0.96722893920693076     
          14          23  0.96711124536614279     
          14          24  0.96909023312329157     
           4          25  0.93870185617550950     
