           1           2  0.98359462202951020     
           2           3   1.4025400880542247     
           3           4   1.2723990784506984     
           4           5   1.1902267443456775     
           2           6   1.1696638611454693     
           5           6   1.3513324185614417     
           6           7   1.0585053536311255     
           7           8   1.6932975355517330     
           7           9   1.1077444430670369     
           8           9  0.15136764015774973     
           9          10  0.96804589814455355     
           9          11   1.1222079966148168     
           9          12  0.13575428507407325     
          11          12   1.7144758044666135     
           5          13   1.2223231520262108     
          11          13   1.0291711058343682     
          12          13  0.12160594742649659     
          13          14  0.97424500503384048     
           1          15  0.95600213613135598     
           1          16  0.96149656751241541     
           1          17  0.96057197610922596     
           3          18  0.95206972230218079     
          10          19  0.96788550766850412     
          10          20  0.96313109726369550     
          10          21  0.96350076509462956     
          14          22  0.97046142888903764     
          14          23  0.97043881244144414     
          14          24  0.96345270823148244     
           4          25  0.91740119791521846     
