           1           2  0.98333882686645946     
           2           3   1.4188211155073678     
           3           4   1.2980260861156934     
           4           5   1.1747871069407640     
           2           6   1.1687775099430380     
           5           6   1.3770474006168254     
           6           7   1.0577146249072857     
           7           8   1.7137761271479863     
           7           9   1.0829612625167480     
           8           9  0.13913279832827202     
           9          10  0.91767828446355171     
           9          11   1.3650170846567926     
          10          12   1.0549855376364585     
           5          13   1.1969763507341613     
          11          13   1.2683185435923761     
          13          14  0.98298777548514615     
           1          15  0.95400445313986193     
           1          16  0.96454046741181010     
           1          17  0.96002191519461166     
           3          18  0.95131079850092637     
          10          19  0.95564905390287258     
          12          20  0.88034066548267342     
          10          21  0.95753431966022096     
          14          22  0.97131749287303992     
          14          23  0.97248485510748583     
          14          24  0.97157348570545021     
           4          25  0.91873064864807263     
