           1           2  0.98604728042530232     
           2           3   1.3792482339545080     
           3           4   1.2669632925008327     
           4           5   1.1935478681633029     
           2           6   1.1463060917311736     
           5           6   1.3284550750517801     
           6           7   1.1159876292821653     
           7           8   1.6752441205581081     
           7           9  0.98566695114090908     
           8           9  0.10758520116032261     
           9          10   1.3439967145116147     
           9          11   1.0152371244713203     
          11          12   1.7097582129932642     
           5          13   1.1908833196992739     
          11          13   1.0863242230702790     
          12          13  0.13468913460068688     
          13          14  0.97033277036310972     
           1          15  0.95728309167879022     
           1          16  0.96233070902511475     
           1          17  0.96171202601361849     
           3          18  0.95315631160679715     
          10          19  0.95857479206907714     
          10          20  0.95767385698415797     
          14          22  0.97194871784221559     
          14          23  0.97111336111187896     
          14          24  0.96476433058583633     
           4          25  0.91899344039646735     
