   -0.26608507
    0.10158052
    0.00655277
    0.00258120
   -0.07981699
    0.13065779
   -0.22660164
    0.02681687
    0.13066466
   -0.22415085
    0.02527833
   -0.07223469
   -0.05136100
   -0.06538660
   -0.07011013
    0.01435480
    0.03278705
   -0.03172947
   -0.06907903
    0.00366739
   -0.03713870
   -0.06263913
    0.15236018
   -0.23968196
    0.02746266
   -0.05196353
   -0.32819372
    0.17330060
   -0.03537569
   -0.08032298
   -0.00726006
   -0.11904587
   -0.11898725
    0.05257870
    0.05483248
    0.08244689
    0.04820734
    0.05669136
    0.08256441
    0.05195231
    0.05602113
    0.04235835
    0.06098364
    0.05459707
    0.06880807
    0.08332972
    0.00742144
    0.07313656
    0.10435351
    0.06413404
    0.05241277
    0.05771652
    0.04128771
    0.05207350
    0.05212335
    0.05471976
    0.07908651
    0.04065804
    0.05225047
    0.06442708
    0.04577419
    0.07757137
    0.07927654
    0.10792532
    0.03814321
    0.06975182
    0.03624538
    0.05231661
    0.06158613
    0.03499889
    0.05557796
    0.15875942
