           1           2   1.9577711534388176     
           2           3  0.99399439979464521     
           3           4  0.96928823155828958     
           4           5   1.3693436575613733     
           5           6   1.3988130875315652     
           6           7   1.1026266807872631     
           7           8  0.97766160951227610     
           6           9   1.2173625694502659     
           9          10   1.1074674629387447     
          10          11  0.97607403267043402     
           9          12   1.3876303673985144     
           4          13   1.4096647450385662     
          12          13   1.4080378418081796     
           3          14  0.95768209192903531     
          14          15  0.98288305121185748     
          15          16   1.0590931434008704     
          16          17   1.4589703915859502     
          17          18  0.98367307807840187     
          18          19  0.96500505223931865     
          19          20   1.0084712478178468     
          20          21   1.4007168321955423     
          21          22   1.4520767809698938     
          22          23   1.3444360167896576     
          23          24   1.1024652365501471     
          24          25  0.97569191973346092     
          23          26   1.3201323430724752     
          27          28   1.9074772263779347     
          20          29   1.3808619129082711     
          26          29   1.4780609340846775     
          17          30  0.99564491183494641     
           3          31  0.94155913522318302     
          31          32   1.0081695604251621     
          31          33   1.0086869420079756     
           5          34  0.95741779425504125     
           8          35  0.97289036182079103     
           8          36  0.97643775248503384     
           8          37  0.97310902580051084     
          11          38  0.97272747308628238     
          11          39  0.97665971492802672     
          11          40  0.97273892235050063     
          12          41  0.96317728164118155     
          13          42  0.96224273963190643     
          14          43  0.96821714540888792     
          14          44  0.97160189470575120     
          15          45  0.95968208016165346     
          15          46  0.92508704896817928     
           2          47  0.90474529963846240     
          16          48  0.95595588314052138     
          18          49  0.94472478799573167     
          18          50  0.96776591292563130     
          19          51  0.96848643830595149     
          19          52  0.97270835870133421     
          21          53  0.96780906673514366     
          22          54  0.96413437821809267     
          25          55  0.97316231006041742     
          25          56  0.97320647501971691     
          25          57  0.97730054782899900     
          28          58  0.94649039606764029     
          28          59  0.94640414712331489     
          26          60  0.96556469800703026     
          29          61  0.96638775311009295     
          30          62  0.96421533102404389     
          30          63  0.96287171176071040     
          30          64  0.96970223988143089     
          31          65  0.95947073801891436     
          32          66  0.97282506043151185     
          32          67  0.98129989982740473     
          32          68  0.98077959451260843     
          33          69  0.97558664007925033     
          33          70  0.98249956186525411     
          33          71  0.97955036359938508     
           1          72  0.94086755297388114     
