           1           2   1.9433514223660491     
           2           3  0.98296693689995907     
           3           4  0.98734228557862547     
           4           5   1.3949336528929774     
           5           6   1.3727611300738811     
           6           7   1.1167520587741155     
           7           8  0.97557329555999805     
           6           9   1.1960265418526017     
           9          10   1.1288147812286800     
          10          11  0.97288634349069569     
           9          12   1.3626921326458081     
           4          13   1.3403996334402768     
          12          13   1.4300064749577335     
           3          14  0.94977023782706960     
          14          15  0.99562348250477939     
          15          16   1.0623773313414904     
          16          17   1.3381352846239118     
          17          18   1.3662497069905724     
          18          19   1.0587365879688870     
          19          20   1.0062280624701503     
          20          21   1.3858806695599359     
          21          22   1.4288100097818288     
          22          23   1.3692823924193460     
          23          24   1.1231223885542088     
          24          25  0.97353499830130441     
          23          26   1.2061469035980954     
          26          27   1.1214571349398941     
          27          28  0.97412282375687009     
          20          29   1.3939322916971761     
          26          29   1.3788290928650317     
          17          30  0.98303212285402541     
           3          31  0.92815023500950389     
          31          32   1.0083392922197614     
          31          33   1.0076978797370262     
           5          34  0.95604423466169863     
           8          35  0.97135487955806576     
           8          36  0.97563370392074500     
           8          37  0.97048654436625914     
          11          38  0.96921468319226523     
          11          39  0.97604397753843830     
          11          40  0.96975068122350550     
          12          41  0.96001552529194911     
          13          42  0.95751816902513709     
          14          43  0.96532242564852733     
          14          44  0.96877201335679286     
          15          45  0.93701657157808427     
          15          46  0.92892670612516981     
           2          47  0.87070839900986674     
          16          48  0.95604480850352136     
          18          50  0.95826799556681763     
          19          51  0.92352207611550619     
          19          52  0.91719969562733250     
          21          53  0.96610907624866171     
          22          54  0.96198248176203360     
          25          55  0.97051712982187299     
          25          56  0.97053929495120617     
          25          57  0.97581959819446984     
          28          58  0.97581479528499404     
          28          59  0.97062749910254698     
          28          60  0.97089605880197039     
          29          61  0.96023488566949988     
          30          62  0.96711456017128339     
          30          63  0.97609127279451335     
          30          64  0.93698467009350228     
          31          65  0.95621404069196236     
          32          66  0.97757456632178463     
          32          67  0.97788039657774273     
          32          68  0.97928540943898623     
          33          69  0.96349544703459455     
          33          70  0.98011957181363352     
          33          71  0.97502194761892991     
           1          72  0.93291329132205203     
