           1           2   1.3250918612290761     
           2           3   1.2357138392010816     
           3           4   1.2233954485512961     
           4           5   1.2001024455117173     
           2           6   1.0871902203663300     
           5           6   1.3234075279493698     
           6           7   1.0993347187965443     
           7           8   1.6578908331714008     
           7           9   1.0769838383851746     
           8           9  0.12294442267505391     
           9          10  0.97689693592383464     
           9          11   1.1238014006443979     
           9          12  0.12413058591217174     
          11          12   1.6817890518340008     
           5          13   1.2019939866032567     
          11          13   1.0450685875901931     
          12          13  0.11151504266359104     
          13          14  0.97731331433254642     
           1          16  0.94956718005690510     
           1          17  0.95286610826592477     
           3          18  0.95520463424344793     
          10          19  0.95526191121387127     
          10          20  0.94743324178074761     
          10          21  0.94868953928348754     
          14          22  0.96323702940285405     
          14          23  0.96379438628061054     
          14          24  0.95881633491180007     
           4          25  0.92037706519726792     
