           1           2   1.9874921265184626     
           2           3  0.99432711227949799     
           3           4  0.95901228100800640     
           4           5   1.3703148523003219     
           5           6   1.3956306656529613     
           6           7   1.1080651935486439     
           7           8  0.97600245129883356     
           6           9   1.2131019031999690     
           9          10   1.1097942287331954     
          10          11  0.97586481527461111     
           9          12   1.3851223250619258     
           4          13   1.4061148935944929     
          12          13   1.4104457630941156     
           3          14  0.95814490507478667     
          14          15  0.99699126586032905     
          15          16   1.0523144960163147     
          16          17   1.5411064266601944     
          17          18  0.97815136363482913     
          18          19  0.97254907672944069     
          19          20   1.0102580859854791     
          20          21   1.3944380922860082     
          21          22   1.4245361087932247     
          22          23   1.3733710419280643     
          23          24   1.1196418718621430     
          24          25  0.97397530097661167     
          23          26   1.2086929707879026     
          26          27   1.1126351588640881     
          27          28  0.97665954067240768     
          20          29   1.3853800855874177     
          26          29   1.3870825486588978     
          17          30  0.97005136401474046     
           3          31  0.92975287105386528     
          31          32   1.0086350342829333     
          31          33   1.0097333638606567     
           5          34  0.95720384649529966     
           8          35  0.97213332349987824     
           8          36  0.97615437575266151     
           8          37  0.97246083788764626     
          11          38  0.97228712910307702     
          11          39  0.97637779769697319     
          11          40  0.97249250976261936     
          12          41  0.96307453172396928     
          13          42  0.96322831393192421     
          14          43  0.96578046187265409     
          14          44  0.83780493195104366     
          15          45  0.93001051643722588     
          15          46  0.92743666148579607     
           2          47  0.72078440122545906     
          16          47  0.21126525555287801     
          44          48  0.12882361018303234     
          18          49  0.96692720479198879     
          18          50  0.96974461329713657     
          19          51  0.97053171469531696     
          19          52  0.96925759289828706     
          21          53  0.96664004315751884     
          22          54  0.96206940683513698     
          25          55  0.97047929009955691     
          25          56  0.97127107477518415     
          25          57  0.97605925303750984     
          28          58  0.97618783035994272     
          28          59  0.97211580827691035     
          28          60  0.97184285006138316     
          29          61  0.96188004213349843     
          30          62  0.97087979161034255     
          30          63  0.97043669403435762     
          30          64  0.97789543715163230     
          31          65  0.95533896441241795     
          32          66  0.97278141571231891     
          32          67  0.98083124285503487     
          32          68  0.97924306313819443     
          33          69  0.97697999315576989     
          33          70  0.97792054894284641     
          33          71  0.97809607791707376     
           1          72  0.92971496506264550     
