           1           2  0.99199158901174944     
           2           3   1.4507582725451960     
           2           4  0.12593267208654083     
           3           4   1.3298381257212375     
           4           5   1.0187031532418631     
           2           6   1.0629417559176788     
           5           6   1.1156344707350676     
           6           7   1.3408710954467771     
           6           8  0.14284656683366834     
           7           8   1.7727746857534483     
           7           9  0.61304932615220464     
           9          10  0.93767527912155257     
           9          11   1.6645551582572562     
           9          12  0.26718218029801194     
          11          12   2.1161986901795742     
           4          13  0.10686962091688562     
           5          13   1.6951500137250641     
          13          14   1.0258071455660769     
           1          15  0.96150499196076100     
           1          16  0.97419118105691749     
           1          17  0.95771922113899177     
           3          18  0.94984820025656358     
          10          19  0.96385916331480981     
          10          20  0.96200443433241345     
          10          21  0.97314520350287170     
          14          22  0.95793633596648031     
          14          23  0.97096046456273422     
          14          24  0.97635771462882648     
           4          25  0.92550478540858760     
