   -0.26470906
    0.10186975
    0.00667078
    0.00202741
   -0.07922795
    0.13183423
   -0.22354159
    0.02609295
    0.13262419
   -0.22013931
    0.02432694
   -0.06978622
   -0.04840637
   -0.06662256
   -0.07039165
    0.01845447
    0.05098646
   -0.04018943
   -0.06787643
    0.01384779
   -0.04068310
   -0.06120362
    0.16901562
   -0.21951905
    0.02487806
   -0.03731891
   -0.51400014
    0.08724863
   -0.02296093
   -0.09202920
   -0.00752929
   -0.11803690
   -0.12056690
    0.05276009
    0.05541098
    0.08373705
    0.04991282
    0.05778494
    0.08398137
    0.05493074
    0.05848535
    0.04509023
    0.06177756
    0.05688583
    0.07350468
    0.08627280
    0.00939295
    0.07685992
    0.13365264
    0.06245246
    0.05464014
    0.06847002
    0.05770242
    0.06732880
    0.05570662
    0.05760348
    0.08397530
    0.03996160
    0.03770107
    0.04304548
    0.11961765
    0.07846533
    0.07625619
    0.13757053
    0.03895627
    0.06731179
    0.03616413
    0.05321081
    0.06540161
    0.03608698
    0.05673629
    0.16005644
