           1           2   1.0160810847466588     
           2           3  0.99925858837848702     
           3           4  0.91968908391000448     
           3           5  0.85176523248905633     
           4           5   1.0037709703838562     
           2           6   1.2584210468107409     
           5           6   1.0284368849920646     
           6           7   1.2246359196707222     
           7           8   1.7057858006244666     
           7           9  0.80610372937165131     
           9          10  0.95152120370204962     
           9          11   1.5464716430201890     
           9          12  0.10741534241670939     
          11          12   1.1135029925253059     
          11          13   1.1214966181848989     
          12          13  0.84499683557426120     
          13          14   1.0014747938678892     
           1          15  0.94157474994864576     
           1          16  0.94471650042480393     
           1          17  0.96437371533870031     
           3          18  0.96014008791297445     
          10          19  0.95573734603717719     
          10          20  0.97214052355950598     
          10          21  0.96129477269005748     
          14          22  0.96870735569392163     
          14          23  0.93627601955280504     
          14          24  0.96354553523999664     
           4          25  0.92857950456478144     
