           1           2  0.96505272291443300     
           2           3   1.7926091856426210     
           4           5   1.5919071759431427     
           2           6  0.96081251719799365     
           5           6   1.1806759368171902     
           6           7   1.1212587065316821     
           7           8   1.6225659510599286     
           7           9   1.0958387709861330     
           8           9  0.11389983111838656     
           9          10  0.98373533461237594     
           9          11   1.0980240728439408     
           9          12  0.10610985698501241     
          11          12   1.6713862317801049     
           5          13   1.0901717592161151     
          11          13   1.1009056373453630     
          12          13  0.11353977486480851     
          13          14  0.98264082027355715     
           1          15  0.95572540982101561     
           1          16  0.96244997751222938     
           1          17  0.92992160550967229     
           3          18  0.91975957063036784     
          10          19  0.95777388360758486     
          10          20  0.93395945222257359     
          10          21  0.94017609478448516     
          14          22  0.95123699708438725     
          14          23  0.95401810169879653     
          14          24  0.95650450300628975     
           4          25  0.91623747427565083     
