           1           2  0.98247929396886924     
           2           3   1.3657735983517365     
           3           4   1.3274522848845847     
           4           5   1.0682024769162806     
           2           6   1.2128157962647441     
           5           6   1.2076567949667840     
           6           7   1.0319064509616180     
           7           8   1.5215586016083633     
           7           9   1.2987735417140098     
           8           9  0.11598987599789824     
           9          10   1.1307791836671988     
          11          12   2.5965371071986776     
           5          13   1.5303104660217084     
          13          14   1.0626822269107317     
           1          15  0.95551454418895321     
           1          16  0.96353785593525454     
           1          17  0.94424635900113463     
           3          18  0.95118450816079958     
          10          19  0.90114168028039998     
          10          20  0.85047819201915542     
          10          21  0.89511948437231836     
          14          22  0.93287740455233215     
          14          23  0.92898370769593352     
          14          24  0.95358304050299536     
           4          25  0.92298377651354724     
