           1           2   1.7380116295840105     
           3           4   1.4081332473192869     
           4           5   1.1473222907334484     
           2           6   1.2047288931773741     
           5           6   1.2978202246117134     
           6           7   1.0382974770372764     
           7           8   1.6442542402553761     
           7           9   1.1055387044685969     
           8           9  0.11279072874522161     
           9          10  0.97322237995250815     
           9          11   1.1183715872713593     
           9          12  0.11678752711278903     
          11          12   1.6643068850523117     
           5          13   1.1716536891006211     
          11          13   1.0685934135639450     
          12          13  0.11155891333482346     
          13          14  0.98104352061366829     
           3          15  0.94702827708987725     
           1          16  0.93553876426288596     
           1          17  0.88325772850244222     
           3          18  0.96253895387674415     
          10          19  0.95626563918796648     
          10          20  0.94829215487138208     
          10          21  0.94745714937450853     
          14          22  0.95758659763712095     
          14          23  0.96386862919583083     
          14          24  0.95197485511174951     
           4          25  0.89903161208033222     
