   -0.26234439
    0.10179094
    0.00653474
    0.00240278
   -0.08030647
    0.13001543
   -0.22709846
    0.02651461
    0.12927918
   -0.22556283
    0.02572250
   -0.07407444
   -0.05266670
   -0.06538202
   -0.07039645
    0.01079086
    0.01636687
   -0.01813315
   -0.07028388
    0.00601681
   -0.03756675
   -0.01778583
   -0.03174546
   -0.42105782
    0.08167900
    0.16847819
   -0.22316648
    0.02716835
   -0.07529812
   -0.07188316
   -0.00718043
   -0.11915875
   -0.11940668
    0.05331922
    0.05557586
    0.08298871
    0.04832067
    0.05693717
    0.08294059
    0.04959209
    0.05401258
    0.04081471
    0.06235434
    0.05639814
    0.06763021
    0.08400985
    0.00746555
    0.07496392
    0.06963677
    0.07216555
    0.05951524
    0.05716291
    0.06478789
    0.14698345
    0.07075763
    0.06368682
    0.06268819
    0.08334622
    0.04925464
    0.05334885
    0.05203223
    0.07827970
    0.08078115
    0.08137545
    0.03883262
    0.07030547
    0.03597901
    0.05322770
    0.06164211
    0.03651306
    0.05682033
    0.16129140
