           1           2   1.9610876372750998     
           2           3  0.99307187368046590     
           3           4  0.97076763429441093     
           4           5   1.3691556883140850     
           5           6   1.3985567228910030     
           6           7   1.1031708717019435     
           7           8  0.97695468588831524     
           6           9   1.2182737228436751     
           9          10   1.1057833258855851     
          10          11  0.97624237554332827     
           9          12   1.3891145322353702     
           4          13   1.4102184793525196     
          12          13   1.4052795719450837     
           3          14  0.95704169360062208     
          14          15  0.98070739722988820     
          15          16   1.0607522094310515     
          16          17   1.4174482638051455     
          17          18  0.98675489313797715     
          18          19  0.96793972979441290     
          19          20   1.0000567134029887     
          20          21   1.4207489941918665     
          21          22   1.3203021940592330     
          22          23   1.5632976985181553     
          24          25   1.1790290983923044     
          23          26   1.3427662912151845     
          26          27   1.1087170088218570     
          27          28  0.97518891650922701     
          20          29   1.4135266082384439     
          26          29   1.2991261864872257     
          17          30  0.99725557573661094     
           3          31  0.94029045380207843     
          31          32   1.0082241547646815     
          31          33   1.0086127752170813     
           5          34  0.95784091086529599     
           8          35  0.97308905522696210     
           8          36  0.97634095497195528     
           8          37  0.97299516812214204     
          11          38  0.97301357813063305     
          11          39  0.97656074627961409     
          11          40  0.97303770222017649     
          12          41  0.96346337811545002     
          13          42  0.96229818993965555     
          14          43  0.96801568234176405     
          14          44  0.97204648287509099     
          15          45  0.96082259082176380     
          15          46  0.92505412126845077     
           2          47  0.89858496232280249     
          16          48  0.95622779528106927     
          18          49  0.96332223187405075     
          18          50  0.96736031919914822     
          19          51  0.97149194688715390     
          19          52  0.97169194253284619     
          21          53  0.95917871301402735     
          22          54  0.87984783588149140     
          25          55  0.89414381127623865     
          25          56  0.89822469287579676     
          25          57  0.89851218972477365     
          28          58  0.97609091141028403     
          28          59  0.97396614282186245     
          28          60  0.97349479454446197     
          29          61  0.95228397982626123     
          30          62  0.96596795389185741     
          30          63  0.96130574521735157     
          30          64  0.97718234898432865     
          31          65  0.95888063954823832     
          32          66  0.97240232002183546     
          32          67  0.98123500536652375     
          32          68  0.98040319130838582     
          33          69  0.97544907156261895     
          33          70  0.98251183624348692     
          33          71  0.97908756519787288     
           1          72  0.93968742819348461     
