           1           2  0.98794545910479004     
           2           3   1.3480742741427663     
           3           4   1.2759390336191698     
           4           5   1.1852050739325717     
           2           6   1.1591805877768295     
           5           6   1.2977589127363802     
           6           7   1.1094361397113099     
           7           8   1.6476931086831379     
           7           9   1.0573806302566753     
           8           9  0.12606864065909959     
           9          10  0.97779773923227697     
           9          11   1.1915243545933745     
          11          12   1.1893615728782840     
           5          13   1.2592085828240693     
          11          13   1.3728557489364908     
          12          14  0.93801178279000952     
           1          15  0.95730381386756658     
           1          16  0.95879500510209215     
           1          17  0.95943801315675703     
           3          18  0.95406797788170039     
          10          19  0.95927007288079635     
          10          20  0.95817047033686464     
          10          21  0.95801236494771280     
          14          22  0.96538345352884569     
          14          23  0.96478449725777948     
          14          24  0.96922479732781286     
           4          25  0.91818507462710375     
