           1           2  0.98394792888107374     
           2           3   1.3958176577591836     
           3           4   1.3058481748523210     
           4           5   1.1762770321104767     
           2           6   1.1620089227369164     
           5           6   1.3132550229920199     
           6           7   1.1102855620938825     
           7           8   1.6839893052382715     
           7           9   1.0511388912092432     
           8           9  0.14427194805632121     
           9          10  0.97136686729210275     
           9          11   1.1949493897286789     
          11          12   1.2223543807893242     
           5          13   1.2915758076475865     
          11          13   1.3657762553561217     
          12          14  0.93042275954247133     
           1          15  0.96261085817204639     
           1          16  0.95896103180155445     
           1          17  0.96330568776532322     
           3          18  0.95193987004360225     
          10          19  0.95854757831317594     
          10          20  0.97011292989580045     
          10          21  0.96807186008558355     
          14          22  0.96848510370749064     
          14          23  0.96792483636353333     
          14          24  0.96928116284011945     
           4          25  0.91560528503908500     
