   -0.29456833
    0.07654198
   -0.00799285
   -0.00049049
   -0.08729321
    0.12667964
   -0.23773757
    0.02804130
    0.12750687
   -0.22433653
    0.02595969
   -0.07227076
   -0.05055310
   -0.11794636
   -0.05543162
    0.00541073
    0.02015654
   -0.01950599
   -0.07067347
    0.00033858
   -0.04809446
   -0.06682334
    0.13422252
   -0.21990923
    0.02417180
    0.13350942
   -0.22317932
    0.02671302
   -0.07900400
   -0.07321992
   -0.00538809
   -0.11389826
   -0.11310290
    0.05663506
    0.05466739
    0.08071708
    0.04449270
    0.05794219
    0.08207777
    0.04892213
    0.05292627
    0.04806804
    0.05166302
    0.05522438
    0.09510166
    0.09538275
    0.00508823
    0.08213893
    0.06970351
    0.07353743
    0.05700495
    0.05503753
    0.04684365
    0.05996631
    0.05558577
    0.05684130
    0.08326846
    0.08258149
    0.04928388
    0.05290337
    0.04758819
    0.07840083
    0.07954133
    0.08214056
    0.04170890
    0.07674596
    0.04141866
    0.05076455
    0.06295015
    0.03936964
    0.05267236
    0.14526132
