           1           2  0.98505717082025746     
           2           3   1.3643881685039001     
           3           4   1.2895283644711755     
           4           5   1.1790050739859572     
           2           6   1.1565938808866782     
           5           6   1.3490691996795914     
           6           7   1.0996545065908339     
           7           8   1.6204486735675556     
           7           9   1.0629127218631189     
           8           9  0.14998023036515176     
           9          10  0.96790284950079342     
           9          11   1.2457914447793077     
          11          12   1.1394781263733103     
           5          13   1.1122817310572737     
          11          13   1.1495068064727221     
          11          14  0.17683649599100856     
          13          14   1.2098394126500376     
           1          15  0.95896497921638502     
           1          16  0.96250110835395475     
           1          17  0.95934134653287650     
           3          18  0.95322288263502575     
          10          19  0.96481561197362886     
          10          20  0.96595347846403290     
          10          21  0.96519352587827401     
          14          22  0.97444989713583641     
          14          23  0.96129746652648373     
          12          24  0.82567065041275112     
           4          25  0.91639091426280794     
