           1           2   1.9497342621925946     
           2           3  0.99592650176601849     
           3           4  0.96962333512242938     
           4           5   1.3656726272985467     
           5           6   1.4062096215337223     
           6           7   1.0905900561261495     
           7           8  0.97992196974167134     
           6           9   1.2298365904416848     
           9          10   1.0916496517571455     
          10          11  0.97998331089284818     
           9          12   1.3984207083591560     
           4          13   1.4210917610335514     
          12          13   1.3985227850572284     
           3          14  0.95658583201500402     
          14          15  0.98191053641885317     
          15          16   1.0589008449168598     
          16          17   1.3450406605218079     
          17          18  0.99568533114725544     
          18          19  0.96457301694223418     
          19          20   1.0136050013017643     
          20          21   1.4069145514118078     
          21          22   1.4163350303759779     
          22          23   1.4152328719973724     
          23          24  0.88866093901556731     
          24          25  0.81003595636487191     
          23          26   1.3038508053095528     
          26          27   1.0629287601411530     
          27          28  0.96782490050568126     
          20          29   1.3859029640152194     
          26          29   1.3795724646283389     
          17          30   1.0005113512848234     
           3          31  0.94481640525871313     
          31          32   1.0085710649038386     
          31          33   1.0091467859223846     
           5          34  0.95802186158374902     
           8          35  0.97442090009876103     
           8          36  0.97720250529378982     
           8          37  0.97420195306329260     
          11          38  0.97431107114868043     
          11          39  0.97746635766475332     
          11          40  0.97456193183334616     
          12          41  0.96430886258019410     
          13          42  0.96299061004223296     
          14          43  0.96910345152085497     
          14          44  0.97282114363165340     
          15          45  0.96164523394428802     
          15          46  0.93019274147888353     
           2          47  0.90401351336413183     
          16          48  0.95975148801353216     
          18          49  0.96619859134080066     
          18          50  0.96799877938313705     
          19          51  0.97097710299106543     
          19          52  0.97144686100503508     
          21          53  0.96687109743883470     
          22          54  0.96019365433810822     
          25          55  0.97943196067490967     
          25          56  0.97596876908615315     
          24          57  0.82839589826167004     
          28          58  0.97742948031967503     
          28          59  0.97710530116340966     
          28          60  0.97687091343109744     
          29          61  0.96261942778154774     
          30          62  0.96724242514053815     
          30          63  0.96277822129904811     
          30          64  0.97835519083224842     
          31          65  0.96151967106843361     
          32          66  0.97601802294079865     
          32          67  0.98261359773884704     
          32          68  0.98260620786333208     
          33          69  0.97772062095473222     
          33          70  0.98370915090834288     
          33          71  0.98135591738620520     
           1          72  0.94443852475332246     
