   -0.18479075
    0.07825961
    0.00303198
   -0.00020716
   -0.07868765
    0.13206003
   -0.22782550
    0.02705753
    0.13164553
   -0.22644089
    0.02652500
   -0.07233872
   -0.05745026
   -0.07179304
   -0.07164694
    0.02892533
   -0.15288911
   -0.00296203
   -0.06985286
    0.00428147
   -0.04684513
   -0.06689409
    0.13269689
   -0.22260091
    0.02569231
    0.13274152
   -0.22556101
    0.02791803
   -0.07823452
   -0.04446644
   -0.01631065
   -0.11512255
   -0.11506753
    0.05268339
    0.05086868
    0.08159119
    0.05007077
    0.05244231
    0.08131559
    0.05151561
    0.05256754
    0.03180917
    0.05771265
    0.05221986
    0.05169403
    0.05225902
    0.21552565
    0.07360523
    0.05267570
    0.04301304
    0.04258265
    0.04679938
    0.04599054
    0.05694106
    0.05393684
    0.05554363
    0.08114324
    0.08033094
    0.04916885
    0.05208605
    0.04825815
    0.03669541
    0.04911726
    0.05287053
    0.05219790
    0.03551897
    0.04463265
    0.05677238
    0.03597689
    0.04037986
    0.05709377
    0.21954615
