   -0.31239187
    0.09904629
    0.02763356
   -0.00031530
   -0.07665088
    0.13174321
   -0.22503662
    0.02528674
    0.13121208
   -0.22185373
    0.02428774
   -0.07052474
   -0.04553343
   -0.06847459
   -0.12033468
    0.01999926
   -0.04795877
   -0.00667554
   -0.07076960
    0.00870947
   -0.04360407
   -0.06458527
    0.13622921
   -0.21272322
    0.02254810
    0.13603723
   -0.21628151
    0.02472130
   -0.07596701
   -0.05409423
   -0.00315456
   -0.11282992
   -0.12323354
    0.05701016
    0.05666110
    0.08381128
    0.05259538
    0.05848195
    0.08402060
    0.05237632
    0.05764642
    0.05342570
    0.08597201
    0.05314807
    0.04693715
    0.05458428
    0.01448990
    0.05235385
    0.05266981
    0.06137084
    0.05843870
    0.05325643
    0.05311378
    0.06266400
    0.05898331
    0.06025350
    0.08573708
    0.08481411
    0.05348068
    0.05697399
    0.05335622
    0.06208910
    0.06114583
    0.05878393
    0.05472091
    0.05623459
    0.04145753
    0.05612428
    0.08313769
    0.04545796
    0.05735652
    0.15040392
