           1           2   1.3549745376148543     
           2           3  0.68779068682679245     
           3           4   1.0031376279358175     
           4           5   1.3661763136113469     
           5           6   1.3944239298714083     
           6           7   1.1052650644240494     
           7           8  0.97572741834134580     
           6           9   1.2154016593027164     
           9          10   1.1104208143049119     
          10          11  0.97523020906493385     
           9          12   1.3803847624007102     
           4          13   1.3957561409182313     
          12          13   1.4174944884139009     
           2          14  0.84474399722862992     
           3          14  0.99915292721456539     
          15          16   1.7325856254367469     
          16          17   1.1991714673432452     
          17          18   1.0048652897617387     
          18          19  0.95948605494241801     
          19          20   1.0157298567253714     
          20          21   1.3853656874464877     
          21          22   1.4296980549288443     
          22          23   1.3692067313387797     
          23          24   1.1205617316583407     
          24          25  0.97399194887868190     
          23          26   1.2080008919906982     
          26          27   1.1139553285304562     
          27          28  0.97623567792628352     
          20          29   1.3867847944168266     
          26          29   1.3842973426009817     
          17          30   1.0080923795231636     
           3          31  0.97791299324074166     
          31          32  0.99493977621912510     
          31          33   1.0079041615909581     
           5          34  0.96157731418969283     
           8          35  0.97263543081163051     
           8          36  0.97619744646689699     
           8          37  0.97196001983539104     
          11          38  0.97250401711172196     
          11          39  0.97634880800382251     
          11          40  0.97223056223603543     
          12          41  0.96270361995893494     
          13          42  0.96549166227330785     
          14          43  0.96548924659711355     
          14          44  0.96848782779795251     
          15          45  0.97361404940531693     
          15          46  0.97682718668361868     
           2          47  0.94012695803349766     
          16          48  0.95719557073617867     
          18          49  0.96853935714944561     
          18          50  0.96670162594646536     
          19          51  0.96672190239379341     
          19          52  0.97270803367303815     
          21          53  0.96703957727503842     
          22          54  0.96211413925549105     
          25          55  0.97064334313604284     
          25          56  0.97070740796291943     
          25          57  0.97603446048773113     
          28          58  0.97614361015796147     
          28          59  0.97173459796574524     
          28          60  0.97167192559329874     
          29          61  0.96116503490769356     
          30          62  0.96565092996118518     
          30          63  0.97046874611792211     
          30          64  0.98009550453305749     
          31          65  0.93755855710815050     
          32          66  0.97639840626577568     
          32          67  0.98069813460598398     
          32          68  0.98160197424881623     
          33          69  0.96115166332693780     
          33          70  0.97941153177803697     
          33          71  0.97792742524028009     
           1          72  0.94731650039458704     
