   -0.25712808
    0.10224959
    0.00671585
    0.00357577
   -0.08031540
    0.13033477
   -0.22613800
    0.02610784
    0.12940668
   -0.22448533
    0.02535087
   -0.07396707
   -0.05230891
   -0.06518552
   -0.06970433
    0.02318644
    0.03354387
   -0.02829964
   -0.06298068
    0.01810285
   -0.05071256
   -0.05400575
    0.13918189
   -0.20780745
    0.02240110
    0.12986942
   -0.22023990
    0.02466877
   -0.07493037
   -0.07546679
   -0.00668831
   -0.11980524
   -0.11919091
    0.05439268
    0.05599698
    0.08343114
    0.04921200
    0.05737830
    0.08335674
    0.05005168
    0.05487569
    0.04231966
    0.06292902
    0.06113173
    0.06588889
    0.09000517
    0.01567422
    0.10932477
    0.06611689
    0.11074983
    0.06620913
    0.05268702
   -0.29572713
    0.08191351
    0.06149533
    0.06189454
    0.08729774
    0.08547572
    0.05306582
    0.05560703
    0.06219916
    0.08029387
    0.08138782
    0.08273481
    0.03950401
    0.07195596
    0.03629623
    0.05404626
    0.06249796
    0.03816396
    0.05679079
    0.16603959
