           1           2  0.99137656335847291     
           1           3   1.0001798848547987     
           2           4   1.2311770075842230     
           4           5   1.3447599280624978     
           5           6   1.1587874056788672     
           2           7   1.0131224721228456     
           6           7   1.0661273242192024     
           7           8   1.6998578785183174     
           6           9   1.2818925117635369     
           9          10   1.0015288436384886     
           9          11   1.0211673749223613     
          11          12   1.7316847300658362     
           5          13   1.2025168308027898     
          11          13   1.0719155793250659     
          12          13  0.11146983195171735     
          13          14  0.98912032645481962     
           3          15  0.95279641419496608     
           1          16  0.90476868446189118     
           1          17  0.93951226837333968     
           3          18  0.95921206732101194     
          10          19  0.96869364023944449     
          10          20  0.93489790026828068     
          10          21  0.93795611054004180     
          14          22  0.94706479239242602     
          14          23  0.94747814740021230     
          14          24  0.96466970565191124     
           3          25  0.95319130807314112     
