           1           2  0.96959505142114066     
           2           3   1.6385008020801712     
           4           5   2.1973744905632810     
           2           6   1.0374007224333703     
           5           6   1.4739082857634673     
           6           7  0.89838980252743161     
           7           8   1.6871174775005333     
           7           9   1.1957685300588228     
           8           9  0.13919693660773508     
           9          10  0.98631743503322267     
           9          11  0.98961209464715350     
          11          12   1.5106508002573618     
          11          13   1.3418191017671728     
          12          13  0.10481706191365017     
          13          14   1.0972615810901931     
           1          15  0.95225249593561456     
           1          16  0.96189758770539724     
           1          17  0.94533885917331895     
           3          18  0.92312362362255573     
          10          19  0.95525765854870381     
          10          20  0.94394367597806328     
          10          21  0.94276251708026759     
          14          22  0.90501519262781249     
          14          23  0.89941567901951780     
          14          24  0.90911758854045732     
           4          25  0.88330736999998027     
