           1           2   1.1254026706269258     
           3           4  0.17052330063192006     
           4           5   1.6190895623752644     
           5           6   1.0983489253144769     
           2           7   1.2983433635945762     
           6           7   1.0274048862210232     
           7           8   1.5059297857746887     
           6           9   1.2766187139174896     
           9          10   1.0004506724540647     
           9          11   1.0288499997560254     
          11          12   1.6918458235958029     
           5          13   1.0958466678747585     
          11          13   1.1030591203298252     
          12          13  0.11160121041656382     
          13          14  0.99510540305744466     
           1          15  0.88612465748849334     
           1          16  0.88851988724759745     
           1          17  0.88443937087947744     
           3          18  0.90256593217362624     
          10          19  0.92796831027300963     
          10          20  0.92913564897571854     
          10          21  0.92945135062657913     
          14          22  0.93481888614480613     
          14          23  0.93480845108700472     
          14          24  0.94900621279347319     
           3          25  0.29534925578782573     
           4          25  0.61620054780138211     
