           1           2  0.98775277004699114     
           2           3   1.3311503992184421     
           3           4   1.2576548767960807     
           4           5   1.1782609399203789     
           2           6   1.1538979125684241     
           5           6   1.3351760216712600     
           6           7   1.1059653998661523     
           7           8   1.6382884902884876     
           7           9   1.0380493639345356     
           8           9  0.13478574425769657     
           9          10  0.96979894833677549     
           9          11   1.2432102276001820     
          11          12   1.1448738572420556     
           5          13   1.1120509523673285     
          11          13   1.1553821874472932     
          11          14  0.11168211033520785     
          13          14   1.1846512370795506     
           1          15  0.95990353078664126     
           1          16  0.96333269508971830     
           1          17  0.96142705334920342     
           3          18  0.95548019483777624     
          10          19  0.96477013712830118     
          10          20  0.96574597645475069     
          10          21  0.96472985924254018     
          14          22  0.97436183831048373     
          14          23  0.96148843738988021     
          12          24  0.82687466084132477     
           4          25  0.91965451146004429     
