   -0.28694315
    0.09734044
    0.00364699
    0.01109211
   -0.07864823
    0.12914394
   -0.22959816
    0.02788721
    0.12931534
   -0.22717184
    0.02655403
   -0.07291778
   -0.05226295
   -0.06849464
   -0.06688734
   -0.02658564
    0.03924677
   -0.02021994
   -0.06901012
    0.00014067
   -0.04874332
   -0.06745544
    0.13396226
   -0.22013779
    0.02449678
    0.13395461
   -0.22267894
    0.02631451
   -0.07913714
   -0.05898289
   -0.00732520
   -0.11629187
   -0.11198606
    0.05080741
    0.05372526
    0.08087906
    0.04768247
    0.05675696
    0.08100756
    0.04889014
    0.05347529
    0.06789668
    0.05501266
    0.04620384
    0.05115826
    0.05065932
    0.01280101
    0.06865803
    0.07377891
    0.07140038
    0.05642848
    0.05612504
    0.04443970
    0.05894337
    0.05502981
    0.05631074
    0.08309912
    0.08277496
    0.05032396
    0.05343986
    0.04939087
    0.08252253
    0.07874846
    0.08289732
    0.04243493
    0.05914071
    0.04296315
    0.05256188
    0.04233382
    0.03830044
    0.05282670
    0.15655362
