           1           2  0.98367584033737476     
           2           3   1.3978453511752658     
           3           4   1.3018457680451654     
           4           5   1.1836891181772369     
           2           6   1.1663509006870272     
           5           6   1.3277588034296235     
           6           7   1.0926373145001083     
           7           8   1.6886881881753928     
           7           9   1.0700435249792950     
           8           9  0.14471466069482056     
           9          10  0.97299352267597783     
           9          11   1.2019492208362745     
          11          12   1.2063605062248035     
           5          13   1.2656852562841325     
          11          13   1.3822412623382483     
          12          14  0.93309337696185879     
           1          15  0.95871487006890921     
           1          16  0.96218917620530020     
           1          17  0.96250736901925049     
           3          18  0.95218065116793782     
          10          19  0.96582470125240272     
          10          20  0.96504430573615396     
          10          21  0.96505952229699055     
          14          22  0.97165641680769854     
          14          23  0.97103002203790534     
          14          24  0.97404965134733656     
           4          25  0.91645196619966618     
