           1           2   1.0064733149138569     
           1           3   1.0424142387625834     
           4           5   1.7228291389904513     
           3           6   1.5907934715532148     
           5           6   1.0173522799652299     
           6           7   1.1410444952818426     
           2           8  0.94832367331974676     
           7           8   1.1741123584543536     
           7           9   1.3230292634854193     
           9          10  0.97147991958098034     
           9          11  0.98760431095609558     
          11          12   1.7150250706793355     
           5          13   1.1276281365677954     
          11          13   1.1538730452747872     
          12          13  0.13996308064306559     
          13          14  0.96896341832626887     
           1          15  0.92233492468441669     
           1          16  0.93587823047380547     
           2          17  0.93183779200424455     
           3          18  0.95712072534614412     
          10          19  0.97215682508454782     
          10          20  0.95502454641938794     
          10          21  0.95615479943554760     
          14          22  0.95749015752862121     
          14          23  0.95464113087730462     
          14          24  0.96665444333613482     
           4          25  0.92918791363581088     
