           1           2  0.98814294858251805     
           2           3   1.3456320976871505     
           3           4   1.2671628025317165     
           4           5   1.1719536630451091     
           2           6   1.1569344612982639     
           5           6   1.3242695494942278     
           6           7   1.0895522109315585     
           7           8   1.6417581142879414     
           7           9   1.0697945631269994     
           8           9  0.12147294244002685     
           9          10  0.96988921450073906     
           9          11   1.1568342567585994     
           9          12  0.13775331408275612     
          11          12   1.7009907721807163     
           5          13   1.1517003711492362     
          11          13  0.95080377341647437     
          13          14   1.2916321097254111     
           1          15  0.95245821170304357     
           1          16  0.95963033896329875     
           1          17  0.95620985779653522     
           3          18  0.95276407306395505     
          10          19  0.95848087212578315     
          10          20  0.95380491513101207     
          10          21  0.95302943857756506     
          14          23  0.96244416696563950     
          14          24  0.95617635878346019     
           4          25  0.91841453299662656     
