   -0.27190315
    0.10214588
    0.00621113
   -0.00001224
   -0.08067589
    0.12826280
   -0.23226775
    0.02846390
    0.12812956
   -0.23031399
    0.02752444
   -0.07365617
   -0.05183223
   -0.06433927
   -0.06965322
    0.00828544
    0.01240016
   -0.01285740
   -0.08261050
    0.01665064
   -0.06880227
   -0.07518924
    0.13404191
   -0.22978189
    0.02444139
    0.14622198
   -0.21171469
    0.02440186
   -0.09092217
   -0.06818047
   -0.00726889
   -0.11707865
   -0.12019015
    0.05038901
    0.05311294
    0.08028950
    0.04552703
    0.05450306
    0.08026914
    0.04775869
    0.05165999
    0.03938402
    0.06037692
    0.05519449
    0.06818449
    0.07811280
    0.00263037
    0.07361508
    0.07019995
    0.06545429
    0.03861227
    0.07826862
    0.07118200
    0.05914196
    0.05280637
    0.05249747
    0.08186149
    0.08467948
    0.05266929
    0.05167263
    0.04263485
    0.07873517
    0.07556511
    0.08111297
    0.03633948
    0.06477546
    0.03471648
    0.05036118
    0.06432401
    0.03482238
    0.05409573
    0.15453298
