           1           2   1.9534623100809962     
           2           3  0.99378187322890965     
           3           4  0.97436303412031289     
           4           5   1.3689728542726869     
           5           6   1.4010318948463294     
           6           7   1.0957637386512336     
           7           8  0.97886081148499093     
           6           9   1.2245519747428992     
           9          10   1.0994452660036114     
          10          11  0.97775944918885538     
           9          12   1.3916802528156189     
           4          13   1.4148048904447392     
          12          13   1.4070509081662517     
           3          14  0.95320449662079709     
          14          15  0.98704143270712441     
          15          16   1.0601703641167162     
          16          17   1.4135473807064121     
          17          18  0.97779063616757633     
          18          19   1.0027185885465217     
          19          20   1.6837341701739272     
          20          21   1.0077763893915079     
          21          22   1.0390074102483204     
          22          23   1.6425807897215072     
          22          24  0.11165455792184185     
          23          24   1.0966743917130963     
          24          25  0.97722898260704527     
          23          26   1.0601317488751494     
          26          27   1.1314191558480349     
          27          28  0.97538713719372749     
          20          29   1.1850621525354850     
          26          29   1.5337733630023966     
          17          30   1.0006385817417482     
           3          31  0.94346441016084925     
          31          32   1.0085786617677952     
          31          33   1.0082211245124184     
           5          34  0.95830522173909638     
           8          35  0.97373201128213394     
           8          36  0.97677374393913574     
           8          37  0.97368018388961841     
          11          38  0.97359177745774461     
          11          39  0.97703927407966773     
          11          40  0.97367166461098198     
          12          41  0.96373053342802617     
          13          42  0.96213011579971330     
          14          43  0.96743682509934881     
          14          44  0.97210800120770013     
          15          45  0.95728793174459925     
          15          46  0.92596750167473041     
           2          47  0.90577802655617290     
          16          48  0.95687776585082485     
          18          49  0.95702258973734400     
          18          50  0.94573068703249730     
          19          51  0.96500819676597749     
          21          52  0.92517450677603630     
          21          53  0.94621377452906708     
          22          54  0.96155759677269637     
          25          55  0.97323556066711159     
          25          56  0.97341854296056440     
          25          57  0.97690840587043137     
          28          58  0.97658898675792771     
          28          59  0.97294590077085197     
          28          60  0.97368015024162746     
          29          61  0.95583103388249024     
          30          62  0.96876908671495521     
          30          63  0.96334903084924062     
          30          64  0.97617950017780653     
          31          65  0.96105933640732955     
          32          66  0.97604280826094536     
          32          67  0.98186951213069673     
          32          68  0.98185119967865619     
          33          69  0.97531534521399399     
          33          70  0.98317801284686923     
          33          71  0.98002999005195246     
           1          72  0.94272600663989548     
