           2           3   1.3467031275730712     
           3           4   1.2630091992823436     
           4           5   1.1843288955834579     
           2           6   1.1622148124829124     
           5           6   1.3334909807337769     
           6           7   1.0803520778977718     
           7           8   1.6634095308786108     
           7           9   1.0773417200794984     
           8           9  0.13030774112675364     
           9          10  0.97510987336071919     
           9          11   1.1273639178116033     
           9          12  0.12675223381764689     
          11          12   1.6815251288866317     
           5          13   1.2048292842341262     
          11          13   1.0379196059847347     
          12          13  0.11331971674120950     
          13          14  0.97735671377462496     
           1          15  0.94423370161288744     
           1          16  0.94420247690124759     
           2          17  0.91323492441270893     
           3          18  0.95240554652756937     
          10          19  0.95896897243923285     
          10          20  0.95259073572229824     
          10          21  0.95287292977091198     
          14          22  0.96623607178357540     
          14          23  0.96589671536929811     
          14          24  0.95983636180242504     
           4          25  0.91996140848729990     
