           1           2   2.0928301636804436     
           2           3  0.89034429746586419     
           3           4  0.96880558955646900     
           4           5   1.3747411649061652     
           5           6   1.3882634414179251     
           6           7   1.1131543288110459     
           7           8  0.97559023944064016     
           6           9   1.2069202880605110     
           9          10   1.1184017624545191     
          10          11  0.97434482396542110     
           9          12   1.3762432846259323     
           4          13   1.3918028539432232     
          12          13   1.4184430371150176     
           3          14  0.97381679878529614     
          14          15   1.0078988160011264     
           2          16  0.84388809748395222     
          15          16  0.96707078028433346     
          16          17   1.0526860727597187     
          17          18   1.0128688327120980     
          18          19  0.95134748269909242     
          19          20   1.0175818722636096     
          20          21   1.3881082241553111     
          21          22   1.4255631925430716     
          22          23   1.3701959446895924     
          23          24   1.1238326502024374     
          24          25  0.97337028851874807     
          23          26   1.2019876328801786     
          26          27   1.1156479730997171     
          27          28  0.97603972792799387     
          20          29   1.3787076863629217     
          26          29   1.3893692251144649     
          17          30   1.0153959127277061     
           3          31  0.94435168328514574     
          31          32   1.0102326543789006     
          31          33   1.0065072077444666     
           5          34  0.95514195726721751     
           8          35  0.97140059342683061     
           8          36  0.97584205859343975     
           8          37  0.97165248011698580     
          11          38  0.97083910463328960     
          11          39  0.97610866371252480     
          11          40  0.97139989309317376     
          12          41  0.96213721005123154     
          13          42  0.95602839944934270     
          14          43  0.96427791535981400     
          14          44  0.96764021196755157     
          15          45  0.97256725270726896     
          15          46  0.97162385766996895     
          16          48  0.94284925489922256     
          18          49  0.96503431005115481     
          18          50  0.96696414054561763     
          19          51  0.97358814038628050     
          19          52  0.96654877712621268     
          21          53  0.96671009555857956     
          22          54  0.96193353942421611     
          25          55  0.97035365131131579     
          25          56  0.97019530423637801     
          25          57  0.97588158988828155     
          28          58  0.97600536791645376     
          28          59  0.97163002883227856     
          28          60  0.97125393449426389     
          29          61  0.96119125243213510     
          30          62  0.96080529013628735     
          30          63  0.97111513728241328     
          30          64  0.97298806473017208     
          31          65  0.94986582672665665     
          32          66  0.94831679076168829     
          32          67  0.97971410038215734     
          32          68  0.97832472491323996     
          33          69  0.98131101923924813     
          33          70  0.97835486013824580     
          33          71  0.97940496198714988     
           1          72  0.21222410199389086     
          47          72  0.74880086646342470     
