   -0.31431431
    0.08612598
    0.00444426
    0.00581988
   -0.07868316
    0.12040214
   -0.25509773
    0.03691950
    0.11851105
   -0.25527825
    0.03623146
   -0.07786171
   -0.05267731
   -0.05793396
   -0.05754897
   -0.06066625
   -0.06109780
   -0.00192613
   -0.06875339
   -0.00918381
   -0.05707424
   -0.07577050
    0.11619569
   -0.25630516
    0.03668719
    0.12044700
   -0.25545089
    0.03768022
   -0.08465737
   -0.04840150
   -0.00715003
   -0.11246462
   -0.10827755
    0.04009875
    0.04141141
    0.06296318
    0.03947640
    0.04146673
    0.06325404
    0.03887863
    0.03521835
    0.03593606
    0.03149057
    0.03495287
    0.03718668
    0.02671620
    0.02209763
    0.01123841
    0.03707064
    0.04827501
    0.04257088
    0.03837424
    0.02987084
    0.03484628
    0.03961008
    0.03978543
    0.06205795
    0.06212492
    0.03807071
    0.03920976
    0.03174979
    0.04049729
    0.05465288
    0.04732647
    0.02138709
    0.06257598
    0.02854856
    0.03100987
    0.05138378
    0.02675757
    0.03442902
    0.13253931
