           1           2  0.98376754518389009     
           2           3   1.3846135191792532     
           3           4   1.2870475795162815     
           4           5   1.1662783428544998     
           2           6   1.1657476380406258     
           5           6   1.3389392484678111     
           6           7   1.0736649143596759     
           7           8   1.6724542813682155     
           7           9   1.0843716370182324     
           8           9  0.13857071927360373     
           9          10  0.96329507375010914     
           9          11   1.1654803582016329     
           9          12  0.15064596121795487     
          11          12   1.7244810462240561     
           5          13   1.1627190697304324     
          11          13  0.93897757097251944     
          13          14   1.2967329409445070     
           1          15  0.95872642712725686     
           1          16  0.95868749111818785     
           1          17  0.95917217855865633     
           3          18  0.95167524540436810     
          10          19  0.96757775353666664     
          10          20  0.96577608679401972     
          10          21  0.96587621285502956     
          14          22  0.96935954309506700     
          14          23  0.93485528181027178     
           4          25  0.91809323957951239     
