   -0.27357589
    0.10264141
    0.00634085
    0.00225702
   -0.07944535
    0.12812966
   -0.23307787
    0.02870771
    0.12781752
   -0.23141339
    0.02827360
   -0.07291948
   -0.05080821
   -0.06402578
   -0.06507379
   -0.04589686
    0.07775116
   -0.05349498
   -0.06378643
   -0.00803253
   -0.04397713
   -0.07118069
    0.12939099
   -0.23723987
    0.02622598
    0.12531504
   -0.19630992
    0.02050803
   -0.07522492
   -0.07597757
   -0.00726623
   -0.11610086
   -0.11981909
    0.05138564
    0.05276983
    0.07933173
    0.04595066
    0.05366190
    0.07912994
    0.04679561
    0.05047672
    0.04043415
    0.05514484
    0.05371273
    0.05838611
    0.06194643
    0.00924903
    0.05258947
    0.07853751
    0.05392603
    0.06859882
    0.05576545
    0.05475358
    0.06236583
    0.05285704
    0.05390736
    0.08172794
    0.09175912
    0.05856421
    0.06003786
    0.08239836
    0.08265150
    0.07950762
    0.08447848
    0.03560042
    0.06327070
    0.03369218
    0.04927431
    0.06585625
    0.03555389
    0.05236352
    0.15287511
