           1           2  0.99619640671973075     
           2           3   1.1447778924042646     
           3           4   1.7882150245771877     
           2           6   1.1649956993100705     
           5           6   1.3499508686634716     
           6           7   1.0104230485173433     
           7           8   1.6252729073219592     
           7           9   1.1427764844537800     
           8           9  0.12027793991673254     
           9          10  0.97846516238073944     
           9          11   1.0639150577233676     
           9          12  0.10286805333403798     
          11          12   1.6676025380205584     
           5          13   1.6606631801356142     
          11          13   1.0746263570438701     
           1          15  0.94004332891874198     
           1          16  0.94904000490349660     
           1          17  0.93513403997739708     
           3          18  0.91361105685326038     
          10          19  0.94961415585964526     
          10          20  0.94039221839409171     
          10          21  0.94078490392655267     
          14          22  0.96946212345695981     
          14          23  0.96924598860207212     
          14          24  0.95685849873829198     
           4          25  0.75133044984292252     
           5          25  0.16626535511634682     
