           1           2  0.97982858489400770     
           2           3   1.1456925609172139     
           2           4  0.10791103161535545     
           3           4   1.7488053003142228     
           2           6   1.1804896280976434     
           4           7  0.97698210701610189     
           5           7   1.0921734273034931     
           6           7  0.84621947591598579     
           2           8  0.15516161319309224     
           6           8   1.7585357212770540     
           9          10   1.0205137906884116     
           9          11   2.0782839526805232     
           9          12  0.34421869146899897     
          11          12   1.7711084456262789     
           5          13   2.4121265653782640     
          13          14   1.0521431986387977     
           1          15  0.96876585010274541     
           1          16  0.96849238904510071     
           1          17  0.97340871406313434     
           3          18  0.94773476781835619     
          10          19  0.95194949126908224     
          10          20  0.95907165772097702     
          10          21  0.95230801547503385     
          14          22  0.93254218575302117     
          14          23  0.93008592794360245     
          14          24  0.92723646180985198     
           7          25  0.88357060069351268     
