           1           2  0.98223606236170535     
           2           3   1.4192135634185183     
           3           4   1.3069083000964890     
           4           5   1.1586149275289697     
           2           6   1.1689947311192337     
           5           6   1.3322427596458255     
           6           7   1.0705341445668324     
           7           8   1.6812327120047370     
           7           9   1.0870168771897191     
           8           9  0.14385751144805078     
           9          10  0.96041744873527479     
           9          11   1.1696833666783535     
           9          12  0.15339741801754314     
          11          12   1.7351755791029411     
           5          13   1.1740653123521405     
          11          13  0.92898417779184872     
          13          14   1.2928611852221319     
           1          15  0.95417291702661311     
           1          16  0.96205936523263358     
           1          17  0.95849463405229318     
           3          18  0.94973038692807843     
          10          19  0.96893966842543855     
          10          20  0.96824963487156634     
          10          21  0.96877615885365520     
          14          22  0.96964857669912985     
          14          24  0.95742630891694203     
           4          25  0.91677931019674386     
