           1           2  0.98627626192519624     
           2           3   1.4021765456158004     
           3           4   1.2825814682167225     
           4           5   1.1657444245384794     
           2           6   1.1469366236588543     
           5           6   1.3500862560042355     
           6           7   1.0864366908750023     
           7           8   1.5023995144639830     
           7           9   1.2242035593531810     
           8           9  0.12015345334656119     
           9          11   1.5817439382878724     
          10          12   1.5652678017629618     
           5          13   1.2309815683206420     
          11          13   1.1647382450407493     
          13          14  0.98578045752019894     
           1          15  0.96328807657238480     
           1          16  0.96266820442301637     
           1          17  0.96426572591952731     
           3          18  0.95441538317226604     
           8          19  0.17460235777423863     
          12          19  0.63563649610304929     
          10          20  0.95572138494773828     
          10          21  0.96022317998231832     
          14          22  0.97221482013357230     
          14          23  0.97196096276833077     
          14          24  0.97300892486039869     
           4          25  0.92219054160773817     
