   -0.27669205
    0.10062447
    0.00587566
    0.02129856
   -0.02241037
    0.18395695
   -0.40813269
   -0.07861270
    0.11286556
   -0.24897430
    0.02884414
   -0.04917052
   -0.03135963
   -0.06541918
   -0.08386510
    0.01948238
    0.03597637
   -0.01952299
   -0.07110925
    0.00068587
   -0.04761206
   -0.06692524
    0.13420534
   -0.21971440
    0.02419099
    0.13372333
   -0.22290495
    0.02659394
   -0.07991766
   -0.08972503
   -0.00682424
   -0.11637098
   -0.12135875
    0.05720950
    0.04801350
    0.04216305
    0.05817511
    0.05287699
    0.08152037
    0.05451333
    0.06147104
    0.05080703
    0.06424194
    0.05682527
    0.12407706
    0.08653662
    0.00729836
    0.07336405
    0.07214295
    0.06730341
    0.05604401
    0.06076106
    0.04832717
    0.06010654
    0.05551120
    0.05703580
    0.08328502
    0.08275747
    0.04913736
    0.05348915
    0.04737507
    0.08276094
    0.12312103
    0.07959034
    0.03856289
    0.06064534
    0.03480029
    0.05238765
    0.06797855
    0.03720552
    0.05561135
    0.15326521
