   -0.26609941
    0.10158476
    0.00648991
    0.00281295
   -0.08006441
    0.13003351
   -0.22853527
    0.02710858
    0.12911579
   -0.22721397
    0.02645381
   -0.07421535
   -0.05339710
   -0.06523224
   -0.06920929
    0.00855915
    0.01102600
   -0.01523376
   -0.06700402
    0.02696045
   -0.10667071
   -0.14044280
    0.14871627
   -0.23781225
    0.02645470
    0.14012389
   -0.23216140
    0.02578981
   -0.08737346
   -0.06992750
   -0.00711500
   -0.11934838
   -0.11814985
    0.05253615
    0.05432682
    0.08198687
    0.04794184
    0.05554002
    0.08189135
    0.04883791
    0.05254497
    0.03896731
    0.06039321
    0.05399523
    0.06617416
    0.08161325
    0.00688754
    0.07106984
    0.06565632
    0.06857975
    0.06023343
    0.05873840
    0.09702932
    0.07033374
    0.06311625
    0.05456541
    0.07674367
    0.08546626
    0.04666594
    0.05827418
    0.05514909
    0.07642831
    0.08011700
    0.07844925
    0.03785438
    0.07009930
    0.03582553
    0.05214045
    0.05972992
    0.03490905
    0.05504464
    0.15812052
