   -0.26288570
    0.10478372
    0.02414518
    0.01371723
   -0.07369080
    0.13482245
   -0.21994404
    0.02434744
    0.13202964
   -0.22101073
    0.02505505
   -0.07150143
   -0.04598923
   -0.08373325
   -0.12155166
    0.02069086
   -0.04501323
   -0.00766566
   -0.07054958
    0.00802546
   -0.04453339
   -0.06524778
    0.13562955
   -0.21453724
    0.02317008
    0.13574820
   -0.21740984
    0.02503774
   -0.07611786
   -0.05769040
   -0.00604334
   -0.11710168
   -0.11766930
    0.05968483
    0.05671235
    0.08451772
    0.05499137
    0.05672491
    0.08407577
    0.04980454
    0.05384189
    0.04776079
    0.06672362
    0.05475904
    0.04229338
    0.04646316
    0.02464238
    0.04934638
    0.05573122
    0.05923447
    0.05641938
    0.05298737
    0.05097451
    0.06112755
    0.05786290
    0.05920427
    0.08487019
    0.08415424
    0.05348666
    0.05629925
    0.05326136
    0.05880839
    0.06687656
    0.06199623
    0.04425748
    0.06446330
    0.03600281
    0.05585476
    0.06939726
    0.04158079
    0.05462818
    0.16086229
