           1           2   1.9577265363371339     
           2           3  0.96364063205967609     
           3           4  0.90670490265700943     
           4           5   1.3789024150643852     
           5           6   1.3897841486580391     
           6           7   1.1114409029749561     
           7           8  0.97511707593066199     
           6           9   1.2149559720305911     
           9          10   1.1088365648338876     
          10          11  0.97669973122755371     
           9          12   1.3831663540156767     
           4          13   1.3999723747090029     
          12          13   1.4088824703634599     
           3          14   1.0633291464078685     
          15          16   1.7240755034417115     
          16          17   1.2070209081075154     
          17          18   1.0057246098850132     
          18          19  0.95921901258732722     
          19          20   1.0155183879874938     
          20          21   1.3879155826373766     
          21          22   1.4278077474158404     
          22          23   1.3714839679627586     
          23          24   1.1181761880940864     
          24          25  0.97450064428826255     
          23          26   1.2095854764241993     
          26          27   1.1126796082764667     
          27          28  0.97652610518373029     
          20          29   1.3861367691668283     
          26          29   1.3855350581537158     
          17          30   1.0074175473464839     
           3          31  0.93089967013574604     
          31          32   1.0106266551740974     
          31          33   1.0057788529840492     
           5          34  0.95805906116709405     
           8          35  0.97228230853084219     
           8          36  0.97615732543723421     
           8          37  0.97189405813691321     
          11          38  0.97248103084867932     
          11          39  0.97640123805019174     
          11          40  0.97290565482405145     
          12          41  0.96175327403533417     
          13          42  0.96204923286301725     
          14          43  0.97536415933518716     
          14          44  0.97889631305382840     
          15          45  0.97402672237255550     
          15          46  0.97631242063204193     
           2          47  0.92238737307011798     
          16          48  0.95768649570002373     
          18          49  0.96806613521415197     
          18          50  0.96693785551957578     
          19          51  0.96827818832777723     
          19          52  0.97279800417761975     
          21          53  0.96727041429279448     
          22          54  0.96232858710113034     
          25          55  0.97117364702788056     
          25          56  0.97100224231249066     
          25          57  0.97625196319436713     
          28          58  0.97626401813239094     
          28          59  0.97185243263626098     
          28          60  0.97180015012642529     
          29          61  0.96140338742035425     
          30          62  0.96670093553991154     
          30          63  0.96746356585289806     
          30          64  0.97996209123689559     
          31          65  0.95825172445365081     
          32          66  0.97435580838813540     
          32          67  0.98105566405961442     
          32          68  0.97887946325285102     
          33          69  0.97109724877578030     
          33          70  0.97608740491929025     
          33          71  0.97951308043057650     
           1          72  0.93662809989614593     
