           1           2   1.9541350717092751     
           2           3  0.99020044131062590     
           3           4  0.97799627160578695     
           4           5   1.3758335299181621     
           5           6   1.3888101104105386     
           6           7   1.1136652690716560     
           7           8  0.97539439652305338     
           6           9   1.2065033816352024     
           9          10   1.1180443668610229     
          10          11  0.97647495117650362     
           9          12   1.3709126802960472     
           4          13   1.3927519099465835     
          12          13   1.4173796299303327     
           3          14  0.94807413355879810     
          14          15  0.99280877870651629     
          15          16   1.0295826745735672     
          16          17   1.8746016569191288     
          17          18   1.0299943848719104     
          18          19  0.95843657908310986     
          19          20   1.0156003764419146     
          20          21   1.3805219507824960     
          21          22   1.4300888481821670     
          22          23   1.3668309302556938     
          23          24   1.1231778041402003     
          24          25  0.97370383280188555     
          23          26   1.2022264150281403     
          26          27   1.1176611917971333     
          27          28  0.97560595653281779     
          20          29   1.3872860222688843     
          26          29   1.3826138064344333     
           3          31  0.93970311807050644     
          31          32   1.0072431228604142     
          31          33   1.0075592736022230     
           5          34  0.95682817115851837     
           8          35  0.97147840942015462     
           8          36  0.97585462189982208     
           8          37  0.97128746755945006     
          11          38  0.96943455156681846     
          11          39  0.97573760981764257     
          11          40  0.95678272672585074     
          12          41  0.96142318366451618     
          13          42  0.96099218144745224     
          14          43  0.96601583598186025     
          14          44  0.97028227215283824     
          15          45  0.96457643244251345     
          15          46  0.93952317549425657     
           2          47  0.91781284039497391     
          16          48  0.92888408808770317     
          18          49  0.95787701083499432     
          18          50  0.95691836859766954     
          19          51  0.96930589309823534     
          19          52  0.96934770602468334     
          21          53  0.96645554619375962     
          22          54  0.96173212340007164     
          25          55  0.96993913010853383     
          25          56  0.97013525017868729     
          25          57  0.97581529256963440     
          28          58  0.97599314185612396     
          28          59  0.97114254353322060     
          28          60  0.97080701305501838     
          29          61  0.96065769464522255     
          30          62  0.99227420340311201     
          30          63  0.99178611368193748     
          30          64  0.99193813544148357     
          31          65  0.95566385581218427     
          32          66  0.97166005899496188     
          32          67  0.97964286936361966     
          32          68  0.97945953244601447     
          33          69  0.96778604001578072     
          33          70  0.98030042852739330     
          33          71  0.97671402204607261     
           1          72  0.93738806188568891     
