           1           2  0.99694656772775914     
           2           3   1.3657309876673194     
           3           4   1.2882182996405842     
           4           5   1.1951042862823837     
           2           6   1.1671008626424220     
           5           6   1.3202128293834190     
           6           7   1.0730122497614765     
           7           8   1.6831284528973121     
           7           9   1.0937668349128087     
           8           9  0.12979945537597543     
           9          10  0.97499635470847668     
           9          11   1.1196269371697507     
           9          12  0.12371634799719079     
          11          12   1.6932249178330494     
           5          13   1.2111228535003924     
          11          13   1.0488299656941065     
          12          13  0.10914525500492769     
          13          14  0.97805844173245526     
           1          15  0.94741057593860556     
           1          16  0.95767418080275934     
           1          17  0.95925914315356953     
          10          19  0.96103522445694323     
          10          20  0.94881207681633561     
          10          21  0.94897959340937721     
          14          22  0.96157818226183123     
          14          23  0.96123213118201156     
          14          24  0.96236063605770839     
           4          25  0.92381840297663242     
