   -0.26933373
    0.10112278
    0.00635338
    0.00183005
   -0.08016170
    0.12912461
   -0.23081842
    0.02780535
    0.12800512
   -0.22964693
    0.02728044
   -0.07503337
   -0.05360047
   -0.06452722
   -0.06895857
    0.00487383
    0.00757500
   -0.01574114
   -0.07213756
    0.00634807
   -0.04862244
   -0.05530855
    0.10484745
   -0.09505548
    0.04007994
    0.13978891
   -0.22741515
    0.02491427
   -0.07957722
   -0.06994519
   -0.00736706
   -0.11845157
   -0.11872030
    0.05168201
    0.05357797
    0.08091673
    0.04691197
    0.05461633
    0.08080516
    0.04727115
    0.05101863
    0.03767450
    0.06029224
    0.05340678
    0.06609456
    0.07875179
    0.00515371
    0.06776331
    0.06664427
    0.06672710
    0.05872202
    0.05871841
    0.05253121
    0.06391790
    0.10868058
    0.07854369
   -0.13329755
    0.08451328
    0.05078139
    0.05493194
    0.05265054
    0.07629909
    0.07916990
    0.07866854
    0.03692716
    0.06832654
    0.03508471
    0.05086930
    0.06074918
    0.03438255
    0.05433892
    0.15565535
