           1           2  0.99675967026980750     
           2           3   1.3509618107850550     
           3           4   1.2699905006828573     
           4           5   1.1787586928119940     
           2           6   1.0391682539558595     
           5           6   1.1544661180417166     
           6           7   1.4021100670689779     
           6           8  0.11766334405796181     
           7           8   2.0188481736883253     
           9          10   1.0135562639216191     
           9          11  0.98398853094825323     
           9          12  0.89519807965234865     
          11          12  0.96817988607098315     
           5          13   1.2534528506248672     
          11          13   1.0830595841805502     
          13          14  0.95990686648053025     
           1          15  0.95848604619092637     
           1          16  0.97265918249219196     
           1          17  0.96488861891620781     
           3          18  0.95209949637121216     
          10          19  0.96455627353320950     
          10          20  0.96496799669229982     
          10          21  0.96570034281563144     
          14          22  0.97375780019183122     
          14          23  0.96388072588738427     
          14          24  0.96469693836624038     
           4          25  0.91558779747842745     
