   -0.26428611
    0.09816707
    0.00845431
    0.00863577
   -0.07461681
    0.13419889
   -0.21930655
    0.02500041
    0.13442592
   -0.21665798
    0.02410557
   -0.06776541
   -0.04405003
   -0.06544254
   -0.06981279
   -0.00234141
   -0.12733981
    0.00010456
   -0.05006949
    0.01610216
   -0.03547536
   -0.06081207
    0.14411283
   -0.19772546
    0.01948018
    0.13693796
   -0.22563049
    0.02625707
   -0.07699329
   -0.04182210
   -0.00703375
   -0.11647870
   -0.12010771
    0.05737081
    0.05673771
    0.08430454
    0.05344892
    0.05839973
    0.08442493
    0.05565166
    0.05816197
    0.04884497
    0.05412541
    0.05533466
    0.05242546
    0.05003011
    0.04669682
    0.05029706
    0.05372057
    0.05928449
    0.04938492
    0.03865808
    0.05976131
    0.06491242
    0.06386103
    0.06399169
    0.08910377
    0.08411050
    0.05243655
    0.05103898
    0.05294750
    0.03911814
    0.05661852
    0.04963480
    0.03993089
    0.06369917
    0.03603258
    0.05238000
    0.06885079
    0.04019407
    0.05605153
    0.15580805
