           1           2   1.9473840634581037     
           2           3  0.99040057169383078     
           3           4  0.97929051579848425     
           4           5   1.3806123172434330     
           5           6   1.3884011531573923     
           6           7   1.1105457202956934     
           7           8  0.97631069981071683     
           6           9   1.2094688438301493     
           9          10   1.1150912916443987     
          10          11  0.97523818322797973     
           9          12   1.3757184687726625     
           4          13   1.3888142164812545     
          12          13   1.4207551186826708     
           3          14  0.94727492661049206     
          14          15   1.0055099158709777     
          15          16  0.99288498135759795     
          16          17  0.99950042075590428     
          17          18  0.97904627395400678     
          18          19   1.0270591543539385     
          19          20   1.4467712969936208     
          20          21   1.2109874238668443     
          21          22   1.5212524662982378     
          22          23   1.3151445454852053     
          23          24   1.1520908020045202     
          24          25  0.96885328072474708     
          23          26   1.1702456794074252     
          26          27   1.1038199275145046     
          27          28  0.97711580599727998     
          20          29   1.2119043258476250     
          26          29   1.4747402436893222     
          17          30   1.0157000863114343     
           3          31  0.93948372337082597     
          31          32   1.0076599706782059     
          31          33   1.0070215661659914     
           5          34  0.95649567469299757     
           8          35  0.97172784739896012     
           8          36  0.97608924700770427     
           8          37  0.97168560040248453     
          11          38  0.97149384703188479     
          11          39  0.97626942758701485     
          11          40  0.97138801479653636     
          12          41  0.96246118278286530     
          13          42  0.96100955366425389     
          14          43  0.96554285030707643     
          14          44  0.96774979834029207     
          15          45  0.96642182079377126     
          15          46  0.97570118627586977     
           2          47  0.91049288924571936     
          16          48  0.96880383968286776     
          18          49  0.96193616352713907     
          18          50  0.94528244835033959     
          19          51  0.96558997194029073     
          16          52  0.96094183392473131     
          21          53  0.96619188919889465     
          22          54  0.96054202299520863     
          25          55  0.97083266830445991     
          25          56  0.97029947438174813     
          25          57  0.97591771904412106     
          28          58  0.97632941710031806     
          28          59  0.97283770082874454     
          28          60  0.97316821257629882     
          29          61  0.95643027529764180     
          30          62  0.96507216709467392     
          30          63  0.97625152184064568     
          30          64  0.97909127072446100     
          31          65  0.95697039918303295     
          32          66  0.97399192406689072     
          32          67  0.97915795496872038     
          32          68  0.98022591373098322     
          33          69  0.96972109369389703     
          33          70  0.98050119988629647     
          33          71  0.97717794424376037     
           1          72  0.93881921548357028     
