           1           2  0.99947769579015966     
           2           3   1.3550548366657844     
           3           4   1.2822115971874226     
           4           5   1.1967500174666417     
           2           6   1.1581976021489138     
           5           6   1.3129982772922761     
           6           7   1.0835509061857969     
           7           8   1.6585833206577387     
           7           9   1.0829551869844518     
           8           9  0.11988229014664353     
           9          10  0.97884659723143230     
           9          11   1.1170443921725566     
           9          12  0.11777382024861134     
          11          12   1.6728897281083748     
           5          13   1.1959116569641526     
          11          13   1.0594974234780432     
          12          13  0.10777928358873562     
          13          14  0.97850827865492163     
           1          15  0.94084015196147774     
           1          16  0.94907823086799170     
           1          17  0.95275768214785805     
          10          19  0.95175495262663579     
          10          20  0.94162797506897788     
          10          21  0.94192105806590753     
          14          22  0.95826570852911974     
          14          23  0.95792539547090638     
          14          24  0.95704794339129573     
           4          25  0.92308688422701757     
