   -0.27293294
    0.10065334
    0.00620546
    0.00186959
   -0.08013226
    0.12836329
   -0.23350605
    0.02868786
    0.12693689
   -0.23260590
    0.02835206
   -0.07569317
   -0.05428423
   -0.06426759
   -0.06801309
    0.00157766
    0.00307309
   -0.01535555
   -0.07248493
   -0.01340602
   -0.04375332
   -0.08206342
    0.13705656
   -0.23720911
    0.02527897
    0.08373073
   -0.06909808
   -0.00031949
   -0.07199947
   -0.06866166
   -0.00732903
   -0.11834831
   -0.11781521
    0.05077746
    0.05235280
    0.07938591
    0.04595109
    0.05318578
    0.07922530
    0.04551403
    0.04916408
    0.03622231
    0.05854561
    0.05179983
    0.06445257
    0.07588568
    0.00444286
    0.06501012
    0.06145822
    0.06626965
    0.05772397
    0.05387768
    0.04944729
    0.05787597
    0.05393420
    0.05595111
    0.08115752
    0.08541689
    0.05105708
    0.06696242
    0.05950312
    0.07392950
    0.07899247
    0.07552496
    0.03562964
    0.06826880
    0.03465529
    0.04934758
    0.05938787
    0.03319430
    0.05270074
    0.15331162
