           1           2   1.9527161242587148     
           2           3  0.99570331045020755     
           3           4  0.96865973723137433     
           4           5   1.3667879646043568     
           5           6   1.4041802709957365     
           6           7   1.0948950951403917     
           7           8  0.97883624869496777     
           6           9   1.2261997122601880     
           9          10   1.0959313580926566     
          10          11  0.97894289861594330     
           9          12   1.3961733554862215     
           4          13   1.4183969812465680     
          12          13   1.3995447896041993     
           3          14  0.95778899130874429     
          14          15  0.98003973123009591     
          15          16   1.0596832711512985     
          16          17   1.3727449206017863     
          17          18  0.99418640315744156     
          18          19  0.96044318408725649     
          19          20   1.0184610239083425     
          20          21   1.6445706410173138     
          21          22   1.2529968412312666     
          22          23   1.4036677201264154     
          23          24   1.1009597009566683     
          24          25  0.97351537573282942     
          23          26   1.2340783582650416     
          26          27   1.1772219033239071     
          26          28  0.22769852669677795     
          27          28   1.2751645805151661     
          20          29   1.0215072569280073     
          26          29   1.0167881277280355     
          17          30  0.99902606635207103     
           3          31  0.94340562917373971     
          31          32   1.0084611189790731     
          31          33   1.0092031709705691     
           5          34  0.95786115256314863     
           8          35  0.97409727580350070     
           8          36  0.97693727586318346     
           8          37  0.97384603561750249     
          11          38  0.97395558369480784     
          11          39  0.97720924330443670     
          11          40  0.97420853836608856     
          12          41  0.96412019588841713     
          13          42  0.96281103360920217     
          14          43  0.96889903053424176     
          14          44  0.97261071780041541     
          15          45  0.96192494679808616     
          15          46  0.93000164708137301     
           2          47  0.90033045365380349     
          16          48  0.95814856441417628     
          18          49  0.96316330914186954     
          18          50  0.96850527997133684     
          19          51  0.97050445337307645     
          19          52  0.96996113184258725     
          21          53  0.96496269012713398     
          22          54  0.96512688311012540     
          25          55  0.97472708929788254     
          25          56  0.97419243888279672     
          25          57  0.97703802291392106     
          28          58  0.96868025606225361     
          28          59  0.96916851337783816     
          29          60  0.93620008055662274     
          29          61  0.92761961021189576     
          30          62  0.96743896904004323     
          30          63  0.96062532398266054     
          30          64  0.97825395965628736     
          31          65  0.96080003948435677     
          32          66  0.97492058424028250     
          32          67  0.98229466794963949     
          32          68  0.98203414068670625     
          33          69  0.97742370273237977     
          33          70  0.98335913262906127     
          33          71  0.98088547944068305     
           1          72  0.94329812810974945     
