   -0.27749951
    0.09661503
    0.00579156
    0.01436127
   -0.07296542
    0.13606859
   -0.19839102
    0.02097708
    0.13324729
   -0.23505462
    0.02451726
   -0.08196132
   -0.06438056
   -0.06582184
   -0.06371355
   -0.04426250
    0.08526396
   -0.01794453
   -0.06815664
    0.00084145
   -0.04801897
   -0.06727832
    0.13343294
   -0.22183237
    0.02492407
    0.13307915
   -0.22462076
    0.02720768
   -0.07935634
   -0.11086746
   -0.00715627
   -0.12107964
   -0.11759373
    0.06066678
    0.06156413
    0.08858235
    0.05835271
    0.05326065
    0.08305559
    0.04959864
    0.05909229
    0.09364230
    0.05377469
    0.05406601
    0.05198099
    0.06428840
    0.00919765
    0.04964567
    0.07005845
    0.06555256
    0.05675733
    0.05839577
    0.04712741
    0.05880062
    0.05435858
    0.05616644
    0.08219931
    0.08155340
    0.04840359
    0.05312480
    0.04816762
    0.05347891
    0.07347207
    0.05431111
    0.03613491
    0.07080435
    0.03219963
    0.05280248
    0.05919687
    0.03710882
    0.05509009
    0.15559412
