           1           2  0.99633662137337275     
           2           3   1.3642945254638723     
           3           4   1.2891102209231802     
           4           5   1.1947159445632083     
           2           6   1.1683661915975971     
           5           6   1.3203918134492265     
           6           7   1.0720141645685364     
           7           8   1.6835305472818618     
           7           9   1.0943481589823523     
           8           9  0.12992445431620442     
           9          10  0.97535177798930706     
           9          11   1.1185684477530766     
           9          12  0.12370686934046521     
          11          12   1.6935058026721788     
           5          13   1.2111341394316677     
          11          13   1.0493872558354516     
          12          13  0.10918587108614507     
          13          14  0.97787305271776359     
           1          15  0.94821951898618406     
           1          16  0.95666667866925614     
           1          17  0.95977867030683106     
          10          19  0.96141395630984827     
          10          20  0.94857242864391700     
          10          21  0.94892027794346379     
          14          22  0.96164610177438092     
          14          23  0.96129185650995952     
          14          24  0.96244552899336200     
           4          25  0.92380515733559354     
