           1           2  0.90327208414581817     
           2           3   1.3787373389250990     
           3           4   1.0376551080372363     
           4           5   1.3861084467652742     
           1           6  0.98445251678615797     
           2           6   1.3131878052830932     
           3           6  0.27571494083796411     
           7           8   1.7826635651095797     
           7           9   2.0822860843230711     
           8           9  0.37483577484241926     
           9          10   1.0150701992324269     
          11          12   2.5919423431184287     
           4          13  0.15345202202817443     
           5          13   2.1764562311897406     
          13          14   1.0333119750665178     
           1          15  0.96472807635295055     
           1          16  0.96609744004066866     
           6          17  0.94364089353420366     
           3          18  0.95266564961640565     
          10          19  0.96107284821167749     
          10          20  0.96226611913549354     
          10          21  0.96491460420112063     
          14          22  0.94781171431163802     
          14          23  0.95109972644456586     
          14          24  0.90788428304660940     
           4          25  0.89210704311395073     
