           1           2   1.0180528901585759     
           2           3  0.99521050619340301     
           3           4  0.93025783086886837     
           3           5  0.78998937586230455     
           4           5   1.0230614905717885     
           2           6   1.2554368765382715     
           5           6   1.0118556673375867     
           6           7   1.1538086487462134     
           7           8   1.6608852904960492     
           7           9  0.93586496986660894     
           9          10   1.0021903463392023     
           9          11   1.0709126729088156     
          11          12   1.5477116139022891     
          11          13   1.2313584215861941     
          13          14   1.1169148089517082     
           1          15  0.93660800704990776     
           1          16  0.92523724807527041     
           1          17  0.94723730210462842     
           3          18  0.95323038994490061     
          10          19  0.92320005859185394     
          10          20  0.94258267987673494     
          10          21  0.93517503777185151     
          14          22  0.88019495900619582     
          14          23  0.92109638833374119     
          14          24  0.88071864165201408     
           4          25  0.91726121869541299     
