           1           2  0.94569180398074093     
           2           3   1.5605383471214900     
           3           4  0.12038604890357515     
           4           5   1.5869063994960264     
           2           6   1.1351801234622259     
           5           6   1.1207416222925179     
           6           7   1.1287095135845804     
           7           8   1.5966657975983574     
           7           9   1.0952223358172506     
           8           9  0.10544932071461956     
           9          10  0.98229421261950201     
           9          11   1.1024600469715982     
           9          12  0.10603935527651928     
          11          12   1.6554430264560240     
           5          13   1.1345489600935044     
          11          13   1.1001139421460369     
          12          13  0.10631441521958082     
          13          14  0.98170076333852774     
           1          15  0.94707900461512851     
           1          16  0.95733233090722936     
           1          17  0.92197101672629800     
           3          18  0.93021989865301702     
          10          19  0.94811726940115071     
          10          20  0.93606281309962225     
          10          21  0.93675738707034273     
          14          22  0.93907232812874430     
          14          23  0.93892246571164484     
          14          24  0.95097323368110964     
           3          25  0.32092193241557571     
           4          25  0.60147639184873314     
