           1           2  0.99208146182348000     
           2           3   1.4459212818302893     
           2           4  0.13183345925707296     
           3           4   1.3526638780700710     
           4           5   1.0486457070310637     
           2           6   1.0394354011425881     
           5           6   1.0763307342935975     
           6           7   1.3693606051362486     
           6           8  0.14832695788717828     
           7           8   1.7575590523704350     
           7           9  0.58716980923190465     
           9          10  0.93563787702356083     
           9          11   1.6559275051803384     
           9          12  0.26588985655328218     
          11          12   2.1040311036685972     
           5          13   1.6978011274005658     
          13          14   1.0374076443492031     
           1          15  0.96052402747807575     
           1          16  0.97316188530573666     
           1          17  0.95931334625713838     
           3          18  0.94785565599071742     
          10          19  0.96028734513064795     
          10          20  0.96782392286190466     
          10          21  0.97470268872056731     
          14          22  0.95704852730713574     
          14          23  0.97371960913935862     
          14          24  0.96265116295324082     
           4          25  0.91804567721399133     
