   -0.19520706
   -0.02275649
   -0.00896410
    0.00253074
   -0.08760145
    0.12881064
   -0.23852384
    0.02944414
    0.13089633
   -0.22117230
    0.02565087
   -0.07059972
   -0.05078286
   -0.06405870
   -0.06850860
    0.00483580
    0.02650838
   -0.02078280
   -0.07076745
   -0.00109535
   -0.04980187
   -0.06829865
    0.13170104
   -0.22631317
    0.02615598
    0.13112589
   -0.22926691
    0.02854186
   -0.08036859
   -0.07626329
   -0.01317727
   -0.11345392
   -0.10948360
    0.04867159
    0.05087997
    0.07899806
    0.04331047
    0.05637868
    0.08096471
    0.05093744
    0.05420397
    0.06719945
    0.06865590
    0.05389515
    0.06573292
    0.07352939
    0.06407501
    0.06682844
    0.07161409
    0.06911249
    0.05588463
    0.05415982
    0.04399271
    0.05671906
    0.05183179
    0.05457342
    0.08040088
    0.07978902
    0.04577655
    0.05108720
    0.04523343
    0.07443483
    0.08730703
    0.07910220
    0.04870240
    0.04750797
    0.04434005
    0.04748432
    0.05066161
    0.02956084
    0.05017098
    0.17733785
