           1           2  0.98398337617708653     
           2           3   1.3957035712031611     
           3           4   1.3061252528641254     
           4           5   1.1761799930282024     
           2           6   1.1618874231224758     
           5           6   1.3131301667425728     
           6           7   1.1104381570481530     
           7           8   1.6847635848501572     
           7           9   1.0501257375304343     
           8           9  0.14430518494750053     
           9          10  0.97126203909707853     
           9          11   1.1959251504662878     
          11          12   1.2218910671656107     
           5          13   1.2917649091835421     
          11          13   1.3655985488140452     
          12          14  0.93042812676961695     
           1          15  0.96261982474410979     
           1          16  0.95898139008459049     
           1          17  0.96358377493335168     
           3          18  0.95192236136093888     
          10          19  0.95855949769635640     
          10          20  0.96984256876880925     
          10          21  0.96834419254645387     
          14          22  0.96863019750886914     
          14          23  0.96823023404119235     
          14          24  0.96915245865584543     
           4          25  0.91556572210809273     
