   -0.24783304
    0.08906700
    0.00805498
    0.00543055
   -0.07831432
    0.12962166
   -0.23017549
    0.02758420
    0.12790135
   -0.22982293
    0.02726506
   -0.07591370
   -0.05462976
   -0.06548456
   -0.06322431
   -0.10174118
    0.03721026
   -0.02563885
   -0.10540405
    0.00836912
   -0.05887220
   -0.06531424
    0.13396857
   -0.21274250
    0.02479328
    0.13576881
   -0.22949232
    0.02675501
   -0.08476649
   -0.07820553
   -0.00723428
   -0.11834258
   -0.11720199
    0.05287978
    0.05373612
    0.08085012
    0.04780343
    0.05457658
    0.08081290
    0.04717312
    0.05002341
    0.03514974
    0.05469714
    0.05125110
    0.04879669
    0.04697436
    0.05448846
    0.03078556
    0.07473451
    0.07566218
    0.20883493
    0.03695440
    0.02826202
    0.05183378
    0.05707193
    0.05538300
    0.08381708
    0.08119708
    0.05314252
    0.05031972
    0.04954654
    0.08378524
    0.09248148
    0.09074063
    0.03973815
    0.06682852
    0.03614391
    0.05136543
    0.05591678
    0.03638882
    0.05433694
    0.16408036
