           1           2   1.9759488358183124     
           3           4   1.2196702976708025     
           4           5   1.2873587386815033     
           3           6   1.4794035723093117     
           6           7   1.0545263020796833     
           7           8   1.6448387389708676     
           7           9   1.0843017871190030     
           8           9  0.11420223851677128     
           9          10  0.98458248550613259     
           9          11   1.1303838396987769     
           9          12  0.12852720908859494     
          11          12   1.6960295269217462     
           5          13   1.2514606432487876     
           6          13   1.1053804951956991     
          11          13  0.97895603181303470     
           5          14   1.0603392812944221     
           1          15  0.93207857856038001     
           2          16  0.91715955113736036     
           1          17  0.90525135389970957     
           3          18  0.94837034995701075     
          10          19  0.96334777952998918     
          10          20  0.95401367242633262     
          10          21  0.95218236165998815     
          14          22  0.94052498763554859     
          14          23  0.93330205234121888     
          14          24  0.96107022065246039     
           4          25  0.92040606703961425     
