           1           2   1.9599025454999941     
           2           3  0.96079057433976267     
           3           4  0.96779132927938538     
           4           5   1.3659645109300973     
           5           6   1.4059745470473974     
           6           7   1.0965884555455145     
           7           8  0.97853077053517712     
           6           9   1.2251213095217233     
           9          10   1.0974802715334333     
          10          11  0.97818678871827636     
           9          12   1.3990351200407503     
           4          13   1.4258013583743203     
          12          13   1.3948751230847671     
           3          14  0.92096409466564233     
          14          15  0.98349503514890591     
          15          16   1.0588516883040033     
          16          17   1.3846175760949231     
          17          18  0.98937211903217026     
          18          19  0.96539710374189092     
          19          20   1.0079988480144060     
          20          21   1.4123112903874919     
          21          22   1.4149198425791447     
          22          23   1.3864908289479938     
          23          24   1.1061439662298680     
          24          25  0.97685408135420659     
          23          26   1.2229471452686920     
          26          27   1.1001642977965456     
          27          28  0.97929521638492867     
          20          29   1.3783946389248023     
          26          29   1.3975848723312778     
          17          30  0.99942127414134285     
           3          31   1.0323773025527050     
          31          33   1.1078689588782451     
           5          34  0.95986833079485945     
           8          35  0.97432247629258628     
           8          36  0.97692289080217876     
           8          37  0.97417905518717096     
          11          38  0.97393239064770931     
          11          39  0.97716262000275211     
          11          40  0.97453313637118977     
          12          41  0.96402814482557164     
          13          42  0.96314397497224724     
          14          43  0.97169033086777257     
          14          44  0.97362715772089725     
          15          45  0.96194144562968853     
          15          46  0.92743074111535617     
           2          47  0.91234488818302684     
          16          48  0.95851865874435627     
          18          49  0.96513334337394496     
          18          50  0.96761593462937590     
          19          51  0.97176071173641732     
          19          52  0.97249264752945930     
          21          53  0.96837688774417530     
          22          54  0.96340411289978978     
          25          55  0.97322104085193906     
          25          56  0.97300338674984443     
          25          57  0.97700559769778317     
          28          58  0.97695424324109703     
          28          59  0.97377212564501892     
          28          60  0.97360488091954889     
          29          61  0.96267518502262039     
          30          62  0.96626578734161472     
          30          63  0.96016276662661015     
          30          64  0.97765838923408910     
          31          65  0.96895902941358147     
          32          66  0.99427541430388122     
          32          67  0.99425765627037288     
          32          68  0.99359624680759329     
          33          69  0.97233021398512154     
          33          70  0.91919638825009820     
          33          71  0.95089731160873714     
           1          72  0.94268916773260480     
