           1           2   1.9561618501553808     
           2           3  0.99045194117023694     
           3           4  0.98914676503019061     
           4           5   1.0284646050207962     
           5           6   1.0362840295786211     
           6           7   1.1546214295426240     
           7           8  0.97314105658425942     
           6           9   1.3164829766661665     
           9          10   1.0867634885969260     
          10          11  0.97628104772430147     
           9          12   1.3397967585250186     
           4          13   1.5964090094303767     
          12          13   1.2971518307939292     
           3          14  0.91314925846811090     
          14          15   1.0386691512130299     
          15          16   1.6700567539903348     
          16          17   1.2178178051092250     
          17          18   1.0047194526682031     
          18          19  0.96532049416995447     
          19          20   1.0128659978351804     
          20          21   1.4027010224142686     
          21          22   1.4181941346214781     
          22          23   1.3803873369499109     
          23          24   1.1112754162249696     
          24          25  0.97593532715835296     
          23          26   1.2138222744803606     
          26          27   1.1045993830667886     
          27          28  0.97856468968755439     
          20          29   1.3777528311320095     
          26          29   1.3952728004774047     
          17          30   1.0069307820710982     
           3          31  0.94529914089243017     
          31          32   1.0067875636132158     
          31          33   1.0096114174666879     
           5          34  0.89445425362414577     
           8          35  0.96905987933400251     
           8          36  0.97524391580937153     
           8          37  0.96697934515654960     
          11          38  0.97379845890466765     
          11          39  0.97649559181864598     
          11          40  0.97410232610961800     
          12          41  0.96457782940127657     
          13          42  0.95828199005414483     
          14          43  0.95819153496546239     
          14          44  0.96866259614231631     
           5          45  0.92340209674647844     
          15          46  0.96274377699057667     
           2          47  0.92907097393671589     
          16          48  0.95424648524542133     
          18          49  0.96284041054239888     
          18          50  0.96907827012828596     
          19          51  0.97382972678767565     
          19          52  0.96746925408231199     
          21          53  0.96723934520844546     
          22          54  0.96274570367389645     
          25          55  0.97204396574117324     
          25          56  0.97182754455706077     
          25          57  0.97667198280716050     
          28          58  0.97671350517106525     
          28          59  0.97303932267068483     
          28          60  0.97255278258813305     
          29          61  0.96197672070984053     
          30          62  0.96983989430966389     
          30          63  0.97099015041734971     
          30          64  0.97979712394554574     
          31          65  0.95962971985331524     
          32          66  0.97304597816838223     
          32          67  0.98198230492301886     
          32          68  0.98226805649893612     
          33          69  0.97577302452396686     
          33          70  0.98260384366300002     
          33          71  0.97988587749323774     
           1          72  0.94072893813237624     
