           1           2   1.9384472107019470     
           2           3  0.95419063117306524     
           3           4  0.96329539905481321     
           4           5   1.3667556242070467     
           5           6   1.3983724998718750     
           6           7   1.1044077954459826     
           7           8  0.97692498442095954     
           6           9   1.2102468910176094     
           9          10   1.1112121971777953     
          10          11  0.97575051896321308     
           9          12   1.3825316072426093     
           4          13   1.4072355356341351     
          12          13   1.4104245766295993     
           3          14   1.0387906909642652     
          14          15   1.0950076211804571     
          15          16  0.94520150550078652     
          16          17   1.0186001063499204     
          17          18   1.0042267361771746     
          18          19  0.97017588413735045     
          19          20   1.0146033289693392     
          20          21   1.3890008706266521     
          21          22   1.4259373819616967     
          22          23   1.3720537426077453     
          23          24   1.1179603234339144     
          24          25  0.97468240198437661     
          23          26   1.2075637957456029     
          26          27   1.1127564652714930     
          27          28  0.97653694631929566     
          20          29   1.3849304627506727     
          26          29   1.3865907184453088     
          17          30   1.0162799985613378     
           3          31  0.90025224665934933     
          31          32   1.0113415484368165     
          31          33   1.0094338244429917     
           5          34  0.95840174996232008     
           8          35  0.97277151369721659     
           8          36  0.97613991395328925     
           8          37  0.97199444139307833     
          11          38  0.97180897117417819     
          11          39  0.97646564719888618     
          11          40  0.97208252781913074     
          12          41  0.96243111856453389     
          13          42  0.94946957932354170     
          14          43  0.96606968663541171     
           2          44  0.93736076928719869     
          15          45  0.91824673292409831     
          15          46  0.97176352801581944     
          16          47  0.94789638575146040     
          16          48  0.96971253472491226     
          18          49  0.95782778565100468     
          18          50  0.96984315687382594     
          19          51  0.97003212723309984     
          19          52  0.96678218927255832     
          21          53  0.96678286688589121     
          22          54  0.96218729227211663     
          25          55  0.97097500947154780     
          25          56  0.97083360685470321     
          25          57  0.97619917549046875     
          28          58  0.97626118381916449     
          28          59  0.97179459579736216     
          28          60  0.97166395242699866     
          29          61  0.96145692208566291     
          30          62  0.96978762830236176     
          30          63  0.96626659972342210     
          30          64  0.97793554642511460     
          31          65  0.95931050399488038     
          32          66  0.97444083283796301     
          32          67  0.98187194969367775     
          32          68  0.97850720628812748     
          33          69  0.98186296715084387     
          33          70  0.97975241631190557     
          33          71  0.98060330671077300     
           1          72  0.93537876382682539     
