   -0.15095898
    0.01328372
   -0.02709983
   -0.04151220
   -0.06962324
    0.12684103
   -0.24205056
    0.03079273
    0.12237924
   -0.24826193
    0.03009016
   -0.07630980
   -0.04572057
   -0.06311278
   -0.06887547
   -0.00071241
    0.01333270
   -0.01870222
   -0.07019837
   -0.00190462
   -0.05020446
   -0.06839920
    0.13184347
   -0.22640349
    0.02636808
    0.13151210
   -0.22887046
    0.02847619
   -0.08013655
   -0.06988174
   -0.01878299
   -0.00475440
   -0.11227011
    0.04715162
    0.05260362
    0.07655585
    0.04092529
    0.05338172
    0.07603779
    0.03618275
    0.04179173
    0.04002772
    0.05677113
    0.06078264
    0.07220551
    0.07914556
    0.03283650
    0.07314336
    0.06797897
    0.06950414
    0.05518706
    0.05361880
    0.04275593
    0.05604267
    0.05186136
    0.05376821
    0.08017293
    0.07980939
    0.04667953
    0.05052405
    0.04495114
    0.07911803
    0.07626939
    0.07954048
    0.04464071
    0.04097931
    0.04355803
    0.06459379
    0.04720678
    0.04718901
    0.05144306
    0.16289141
