           1           2   1.7914052173796733     
           2           3   1.5073622873594301     
           2           4  0.12168597739521098     
           3           4   1.3006421018600414     
           4           5   1.1287242637467481     
           5           6   1.5608014621597088     
           6           7  0.96934382435727851     
           7           8   1.7198690210683309     
           7           9   1.1484799545572566     
           8           9  0.14426899572426558     
           9          10  0.97977859173428516     
           9          11   1.0890549117683308     
           9          12  0.11178365663559911     
          11          12   1.7141503970024874     
           6          13   1.1678698404191632     
          11          13   1.0538762497909233     
          12          13  0.11328657443301887     
          13          14  0.99154221897457773     
           1          15  0.92353351026976482     
           1          16  0.93363495260631435     
           5          17  0.94808008382565090     
           3          18  0.91607530826023453     
          10          19  0.97055793130150947     
          10          20  0.95863542846098904     
          10          21  0.96515882634599559     
          14          22  0.96645331348981223     
          14          23  0.96625292562573617     
          14          24  0.96416924160326167     
           4          25  0.91213929538857985     
