   -0.15989939
   -0.02838287
   -0.01351969
    0.00142357
   -0.08891119
    0.12835985
   -0.23969973
    0.02988912
    0.12986565
   -0.22146447
    0.02667547
   -0.07150739
   -0.05107647
   -0.06416453
   -0.06790977
    0.00298002
    0.01914830
   -0.01848200
   -0.07061443
   -0.00148236
   -0.04980299
   -0.06823129
    0.13185547
   -0.22620688
    0.02613693
    0.13118719
   -0.22915806
    0.02864229
   -0.08030820
   -0.07256298
   -0.01443464
   -0.11107620
   -0.10497722
    0.04881592
    0.05062136
    0.07876816
    0.04257798
    0.05630267
    0.08095371
    0.04940857
    0.04868711
    0.04917022
    0.06684505
    0.05250401
    0.06451078
    0.07268140
    0.08475917
    0.06525255
    0.06803501
    0.06760906
    0.05569067
    0.05376535
    0.04368774
    0.05664426
    0.05208381
    0.05431802
    0.08045127
    0.07986188
    0.04571782
    0.05089752
    0.04472288
    0.07358630
    0.08342826
    0.07605558
    0.04622774
    0.04310954
    0.04554494
    0.04681217
    0.03792667
    0.03037469
    0.04860463
    0.20069443
