           1           2   1.8553082759360455     
           2           3   1.0927288347338586     
           4           5   1.4096272696528971     
           5           6   1.3764014901228725     
           6           7   1.1029372297518982     
           7           8  0.97628281698990882     
           6           9   1.2264848882177835     
           9          10   1.1022657026013876     
          10          11  0.97676060080166127     
           9          12   1.3942476788402054     
           4          13   1.4452685024167462     
          12          13   1.3905874497429294     
           1          14  0.10796190247515322     
           3          14   1.8148091628352561     
          15          16   1.7375002368679693     
          16          17   1.1934936425689899     
          17          18   1.0038747553197964     
          18          19  0.96172577289556005     
          19          20   1.0151793999258361     
          20          21   1.3899732822778503     
          21          22   1.4275906285057092     
          22          23   1.3735474598361503     
          23          24   1.1129767566580371     
          24          25  0.97566826913011206     
          23          26   1.2151423311601777     
          26          27   1.1080486137385333     
          27          28  0.97742862145563592     
          20          29   1.3868567740360249     
          26          29   1.3865848858976761     
          17          30   1.0077948027671111     
           3          31  0.98241687101974839     
          31          32   1.0490988991788726     
          31          33  0.93960586173919425     
           5          34  0.95959333394719415     
           8          35  0.97317592660153596     
           8          36  0.97639002994235446     
           8          37  0.97322818433213620     
          11          38  0.97337041817520986     
          11          39  0.97670204871834410     
          11          40  0.97319331265847409     
          12          41  0.96054951421284529     
          13          42  0.96569915086332370     
          14          43  0.97481892263354730     
          14          44  0.96107043210845100     
          15          45  0.97355291170365654     
          15          46  0.97626139914099674     
           2          47  0.93454818672468876     
          16          48  0.95756404653750815     
          18          49  0.96925430781729660     
          18          50  0.96664688343113858     
          19          51  0.96613702007782987     
          19          52  0.97408847976571666     
          21          53  0.96738888263589562     
          22          54  0.96264305236128644     
          25          55  0.97163144682480351     
          25          56  0.97174409566965259     
          25          57  0.97654106082296521     
          28          58  0.97658119956312928     
          28          59  0.97234218188456900     
          28          60  0.97240046791511181     
          29          61  0.96140650800918037     
          30          62  0.96680456512777890     
          30          63  0.97420467718721571     
          30          64  0.97988450598740440     
          31          65  0.96063416224592890     
          32          66  0.96327273881870612     
           4          67  0.67720283160806782     
          32          67  0.28598348471939156     
          32          68  0.97480751971071589     
          33          69  0.98113857238247459     
          33          70  0.97699489680113993     
          33          71  0.98312222917837522     
           1          72  0.94797479053235389     
