           1           2   1.3468724624132937     
           1           3  0.16176050876756229     
           2           3   1.2325005806128422     
           3           4   1.1761223037574517     
           4           5   1.2615078742025236     
           2           6   1.0645541094241846     
           5           6   1.2321808752753303     
           6           7   1.3095727275762856     
           7           8   1.1602490136258259     
           7           9   1.1611185572313716     
           9          10  0.97624801401305794     
           9          11   1.0658402369151059     
           9          12  0.12772042737689371     
          11          12   1.6975928770912148     
           5          13   1.1622702872422386     
          11          13   1.0898509560690290     
          12          13  0.13372599657568568     
          13          14  0.97421961159834181     
           1          15  0.96827495268080177     
           1          16  0.97024429795286704     
           8          17  0.83587148460281435     
           3          18  0.95979830243426312     
          10          19  0.96753532378951501     
          10          20  0.95874534506677311     
          10          21  0.96732515969097554     
          14          22  0.97099178897189664     
          14          23  0.97042599343011404     
          14          24  0.96586525081735708     
           4          25  0.92388927255860054     
