   -0.19052720
    0.03549709
    0.02483352
   -0.00159152
   -0.08064893
    0.13070303
   -0.23073512
    0.02822353
    0.12957641
   -0.23045441
    0.02806200
   -0.07587979
   -0.05945487
   -0.06423586
   -0.07098736
   -0.03276996
    0.04999784
   -0.02230848
   -0.07354749
   -0.00299958
   -0.05065451
   -0.06878562
    0.13237351
   -0.22511663
    0.02579438
    0.13244307
   -0.22694002
    0.02707951
   -0.08106071
   -0.18175437
   -0.00742268
   -0.11339642
   -0.11762298
    0.05003463
    0.05127924
    0.08100988
    0.04751774
    0.05218605
    0.08069501
    0.04782994
    0.04873586
    0.02574478
    0.06286571
    0.05277417
    0.06488870
    0.06242176
    0.06778771
    0.07927123
    0.07795234
    0.06296082
    0.05704033
    0.07772460
    0.04137376
    0.05674396
    0.05298060
    0.05398196
    0.08105927
    0.08088272
    0.04771770
    0.05262348
    0.04871273
    0.03556242
    0.02067733
    0.20717039
    0.04831169
    0.05111790
    0.03908088
    0.05400812
    0.05400797
    0.03956389
    0.05721653
    0.19079685
