           1           2   2.0876585662746630     
           2           3   1.0332551551684663     
           3           4  0.96445776999133015     
           4           5   1.3653218858126988     
           5           6   1.4044614267104722     
           6           7   1.1005998413999678     
           7           8  0.97789792243140550     
           6           9   1.2238974815258539     
           9          10   1.1014100436139842     
          10          11  0.97747035838010199     
           9          12   1.3978759093997408     
           4          13   1.4241438977767742     
          12          13   1.3966950755965704     
           3          14  0.94311042832520675     
          14          15   1.0065163968019308     
          15          16   1.0057508129265362     
          16          17  0.92006231521003334     
          17          18  0.92847712771714042     
          18          19  0.99571362607630065     
          19          20   1.0023798715954859     
          20          21   1.4185828317027434     
          21          22   1.4103533091830327     
          22          23   1.3895775711883558     
          23          24   1.1060983047795065     
          24          25  0.97655544915123715     
          23          26   1.2216907620654973     
          26          27   1.1014059334786035     
          27          28  0.97876283614580162     
          20          29   1.3769373846564921     
          26          29   1.3992342310074164     
          17          30  0.94603539700566774     
           3          31  0.89706496094266797     
          31          32   1.0129840147766713     
          31          33   1.0141214884895111     
           5          34  0.95775016085225395     
           8          35  0.97405102089016182     
           8          36  0.97680705421252001     
           8          37  0.97418175501588045     
          11          38  0.97429552067384306     
          11          39  0.97702149766923529     
          11          40  0.97421738321083751     
          12          41  0.96428695343762605     
          13          42  0.95763269795660400     
          14          43  0.96692134898360149     
          14          44  0.97272043861882995     
          15          45  0.95966524278348797     
          15          46  0.97342014618992412     
          16          47  0.93819529603416152     
          16          48  0.96779256880030740     
          18          49  0.97238267939211553     
          18          50  0.97148150684239509     
          19          51  0.96606452234602092     
          19          52  0.96316168418676928     
          21          53  0.96821354239195767     
          22          54  0.96342042911011427     
          25          55  0.97285074357596735     
          25          56  0.97356638543304808     
          25          57  0.97689673982075043     
          28          58  0.97691039116229672     
          28          59  0.97382661692456973     
          28          60  0.97339448185551336     
          29          61  0.96263341037630079     
          30          62  0.97986237605505844     
          30          63  0.97894007406215244     
          17          64  0.92280715251430512     
          31          65  0.95209240587169575     
          32          66  0.98129980385152327     
          32          67  0.98299978153724754     
          32          68  0.98044248036210524     
          33          69  0.97755605218324271     
          33          70  0.98370016936225990     
          33          71  0.97839947543059735     
           1          72  0.91539422308173923     
