   -0.07746177
   -0.11612267
    0.02429668
    0.00483271
   -0.07493675
    0.13469059
   -0.22883318
    0.02634747
    0.14032887
   -0.20784596
    0.02291472
   -0.06662684
   -0.04526485
   -0.07791119
   -0.06617126
   -0.00707397
   -0.11175592
    0.00183384
   -0.07152161
    0.01011153
   -0.04416961
   -0.06551050
    0.13419738
   -0.21792227
    0.02425837
    0.13444866
   -0.22094980
    0.02635743
   -0.07628855
   -0.04868863
   -0.01398843
   -0.10783740
   -0.10851729
    0.05774999
    0.05301958
    0.08220749
    0.05256488
    0.05916865
    0.08505394
    0.05665274
    0.05633319
    0.08220136
    0.05779248
    0.09124404
    0.05541946
    0.05398979
    0.04543463
    0.04679794
    0.03486770
    0.04850744
    0.06137768
    0.05422658
    0.05360499
    0.05985460
    0.05624700
    0.05791241
    0.08293261
    0.08200875
    0.05151627
    0.05492913
    0.05175395
    0.05596673
    0.03843924
    0.05748771
    0.04921826
    0.04554441
    0.04274829
    0.05672444
    0.04746419
    0.04265860
    0.05316157
    0.19599747
