           1           2   2.7023219638371034     
           3           4   1.3401747316703700     
           4           5   1.2411516980418360     
           5           6   1.4572088914363790     
           6           7   1.1001109194987762     
           7           8  0.97736687976567693     
           6           9   1.1862863460764794     
           9          10   1.1352851213553652     
          10          11  0.97294967882231709     
           9          12   1.3318223423153672     
           4          13   1.2463615998672768     
          12          13   1.4973166951868704     
           3          14   1.0520646931577466     
          14          15  0.97380684621516755     
          15          16  0.99632663024105783     
          16          17   1.0037714479286750     
          17          18   1.0055998573581582     
          18          19  0.97303379530884437     
          19          20   1.0143662575617787     
          20          21   1.3931386644942589     
          21          22   1.4234863660974066     
          22          23   1.3752248798725313     
          23          24   1.1128616333643460     
          24          25  0.97575670311966145     
          23          26   1.2114182889364231     
          26          27   1.1072572672358090     
          27          28  0.97784373957578097     
          20          29   1.3826779678599943     
          26          29   1.3900236155813104     
          17          30   1.0174806582946803     
           3          31   1.0307719873046446     
          31          32  0.97019669232688577     
          31          33  0.98367516371193420     
           5          34  0.95240363802027306     
           8          35  0.97289103847956715     
           8          36  0.97641288769939916     
           8          37  0.97249074794573986     
          11          38  0.97172648406136009     
          11          39  0.97659778044222567     
          11          40  0.97244639066090421     
          12          41  0.96177600008019626     
          13          42  0.95473330614357454     
          14          43  0.96713984103765682     
          14          44  0.89181099903891281     
          15          45  0.96344631023949390     
          15          46  0.97490401632944479     
          16          47  0.94060278934835739     
          16          48  0.97034536047171416     
          18          49  0.95651764803659167     
          18          50  0.97030566020751374     
          19          51  0.97082752061748978     
          19          52  0.96378859986910526     
          21          53  0.96693059611093723     
          22          54  0.96245783906562044     
          25          55  0.97147683638439397     
          25          56  0.97146471282330560     
          25          57  0.97656385830001835     
          28          58  0.97663966659582291     
          28          59  0.97235848491853050     
          28          60  0.97218869649438677     
          29          61  0.96151243402278519     
          30          62  0.97202133865043849     
          30          63  0.96321103748326742     
          30          64  0.97559816971497337     
          31          65  0.95491119120856838     
          32          66  0.98298300182824505     
          32          67  0.98635904340607294     
          32          68  0.98005288491439013     
          33          69  0.98081852969261418     
          33          70  0.98590631101807946     
          33          71  0.98127555197210548     
           1          72  0.91189586777776521     
