   -0.26754252
    0.10115159
    0.00642779
    0.00291112
   -0.07954008
    0.12983806
   -0.22950061
    0.02744009
    0.12861394
   -0.22833033
    0.02689872
   -0.07487789
   -0.05367040
   -0.06508090
   -0.06910365
    0.00745598
    0.01115596
   -0.01625883
   -0.07068328
   -0.00043735
   -0.04909597
   -0.06748306
    0.13349390
   -0.22163312
    0.02486280
    0.13305623
   -0.22457829
    0.02715485
   -0.07925490
   -0.07084935
   -0.00743259
   -0.11916808
   -0.11798008
    0.05218478
    0.05398147
    0.08132849
    0.04764427
    0.05505670
    0.08125149
    0.04778787
    0.05149954
    0.03772504
    0.05999869
    0.05352459
    0.06606662
    0.07984524
    0.00668234
    0.06957754
    0.06721455
    0.06762026
    0.05502422
    0.05604302
    0.04489778
    0.05868768
    0.05430830
    0.05595632
    0.08245375
    0.08197932
    0.04849083
    0.05275515
    0.04713171
    0.07622642
    0.07988633
    0.08003422
    0.03744165
    0.07023448
    0.03559941
    0.05109838
    0.05876653
    0.03433256
    0.05466964
    0.15703305
