           1           2  0.98364871089131745     
           2           3   1.1719480292623214     
           2           4  0.14567889189060773     
           3           4   1.8011469362086610     
           2           6  0.96870159677406686     
           5           6   1.2506620376953446     
           6           7   1.3970615431657027     
           6           8  0.13960891493465261     
           7           8   2.1486395719938582     
           5           9   1.1727446578382013     
           9          10  0.99179685114793115     
           9          11  0.97735809262668372     
           9          12  0.10713284431045002     
          11          12   1.8593171699400697     
           5          13   1.1724319182749599     
           9          13  0.11964364683156446     
          11          13  0.97217275677112480     
          12          13  0.10597868072872359     
          13          14  0.99016950129532078     
           1          15  0.96842841092128862     
           1          16  0.96283738582800238     
           1          17  0.97262384932724077     
           3          18  0.92372837502068417     
          10          19  0.96568777882427326     
          10          20  0.96655410592893498     
          10          21  0.95873086213552861     
          14          22  0.96354646981565661     
          14          23  0.96020869616137450     
          14          24  0.96779822281412953     
           4          25  0.92897085318575590     
