           1           2   1.9561897891335507     
           2           3  0.99060351506878286     
           3           4  0.97567074472119009     
           4           5   1.3735541907297324     
           5           6   1.3969971860600348     
           6           7   1.1008250267643198     
           7           8  0.97755017384106413     
           6           9   1.2167186396660155     
           9          10   1.1088318829869275     
          10          11  0.97592162810032457     
           9          12   1.3828242186880442     
           4          13   1.4037682417755297     
          12          13   1.4148855447432140     
           3          14  0.92130238276506571     
          14          15   1.0450433987422463     
          15          16   1.7108112122767425     
          16          17   1.1219357042019173     
          17          18  0.97892047530130277     
          18          19  0.97021433078556885     
          19          20   1.0089747950248886     
          20          21   1.4073934540547226     
          21          22   1.4170161990826176     
          22          23   1.3808386407028701     
          23          24   1.1144420889660216     
          24          25  0.97509784209280725     
          23          26   1.2140119220728252     
          26          27   1.1069255026545102     
          27          28  0.97777587828255286     
          20          29   1.3781378808619200     
          26          29   1.3949913864109835     
          17          30   1.4128202889219243     
           3          31  0.94761924832343714     
          31          32   1.0061977619624705     
          31          33   1.0079571501620059     
           5          34  0.95729535104175911     
           8          35  0.97326876081314273     
           8          36  0.97643269601170379     
           8          37  0.97264229301743066     
          11          38  0.97209642595754664     
          11          39  0.97671781215096032     
          11          40  0.97268411291997847     
          12          41  0.96274766877574702     
          13          42  0.96175711998025659     
          14          43  0.94735749271680925     
          14          44  0.96979710253319784     
          15          45  0.95632136851942062     
           2          47  0.92972764497046223     
          16          48  0.95637745092865101     
          18          49  0.96558081512575411     
          18          50  0.96826871450859209     
          19          51  0.97343532028041257     
          19          52  0.96676101685483784     
          21          53  0.96729615418678194     
          22          54  0.96257852500833396     
          25          55  0.97174392164449996     
          25          56  0.97189400943570570     
          25          57  0.97643750833720255     
          28          58  0.97648264485685754     
          28          59  0.97302519854214986     
          28          60  0.97255929074022107     
          29          61  0.96207177811038891     
          46          62  0.99852644235716215     
          30          63  0.96792091931053481     
          30          64  0.97231187279686004     
          31          65  0.95848163402130981     
          32          66  0.97322169074548992     
          32          67  0.98088215112915078     
          32          68  0.98096143481328379     
          33          69  0.97383978835111806     
          33          70  0.98241896420320018     
          33          71  0.97915008819902982     
           1          72  0.94001100281919814     
