           1           2  0.99311715038422954     
           2           3   1.3365832225550625     
           3           4   1.2370274401349155     
           4           5   1.1991105034415497     
           2           6   1.1280067861321439     
           5           6   1.2456250847221750     
           6           7   1.2804752162296091     
           7           9   1.2943384883701456     
           8          10   1.0551421638778145     
           9          10  0.91786713278482435     
           9          11   1.0820902247502451     
           9          12  0.11278795965766858     
          11          12   1.6658216391321841     
           5          13   1.2025174649402754     
          11          13   1.0621845077464287     
          12          13  0.11965714751394516     
          13          14  0.97600958826793105     
           1          15  0.95349380575833043     
           1          16  0.96599291895531825     
           1          17  0.96694101822145451     
           3          18  0.95592037538491847     
           8          19  0.87030786308518060     
          10          20  0.95127712040851209     
          10          21  0.94398088622007026     
          14          22  0.96822254233404437     
          14          23  0.96636622692818341     
          14          24  0.96367742682781699     
           4          25  0.92144462182723263     
