           1           2   1.0161323486491831     
           2           3  0.96814181370393182     
           3           4  0.99569567126380620     
           4           5   1.3763262524575357     
           5           6   1.3919715372899930     
           6           7   1.1118817934948060     
           7           8  0.97587569548880682     
           6           9   1.2083059630668003     
           9          10   1.1161873470158850     
          10          11  0.97482634540180024     
           9          12   1.3791134931310356     
           4          13   1.3932019189847786     
          12          13   1.4139192745428579     
           3          14  0.97372404726695438     
          14          15   1.0071938237201101     
           2          16  0.92570983820054209     
          15          16  0.97279167921024312     
          16          17   1.0177476878513423     
          17          18   1.0213154126824291     
          18          19  0.94724097181086631     
          19          20   1.0195213140368975     
          20          21   1.3878525289130335     
          21          22   1.4256221124146866     
          22          23   1.3711301569732026     
          23          24   1.1212447829153889     
          24          25  0.97397155780561051     
          23          26   1.2037861623092505     
          26          27   1.1133945027340533     
          27          28  0.97654258839793573     
          20          29   1.3772369344625019     
          26          29   1.3909554923821588     
          17          30   1.0192130140763127     
           3          31  0.94750021105356130     
          31          32   1.0089783796708782     
           1          33   1.0226455405432620     
          31          33  0.98693262513213764     
           5          34  0.95535460750538737     
           8          35  0.97128608195875521     
           8          36  0.97596284137739941     
           8          37  0.97193551317425042     
          11          38  0.97155866845418337     
          11          39  0.97628536848951830     
          11          40  0.97176998434932715     
          12          41  0.96298502249720141     
          13          42  0.95745873995440722     
          14          43  0.96858093026462522     
          14          44  0.97273053463187553     
          15          45  0.97129525537913508     
          15          46  0.97519242858720911     
           2          47  0.94061242180944749     
          16          48  0.95952551665492924     
          18          49  0.96409194710527846     
          18          50  0.96792451584812000     
          19          51  0.97318669155501403     
          19          52  0.96627950609590141     
          21          53  0.96673232013844401     
          22          54  0.96199425025378382     
          25          55  0.97090735233749914     
          25          56  0.97022054498806054     
          25          57  0.97604042485776765     
          28          58  0.97617699562334082     
          28          59  0.97192393599164983     
          28          60  0.97146658055119994     
          29          61  0.96123009535323667     
          30          62  0.95775329694679101     
          30          63  0.96556003101764454     
          30          64  0.97365501231011953     
          31          65  0.96668521698435494     
          32          66  0.98458639693015959     
          32          67  0.98046812278689666     
          32          68  0.98159299441770709     
          33          69  0.91067407992498950     
          33          71  0.95163907246382795     
           1          72  0.94976539347802924     
