           1           2   1.0067605518875267     
           2           3   1.3443667679019087     
           3           4   1.2585492982388804     
           4           5   1.1930831245052769     
           2           6   1.1056641212477865     
           5           6   1.2935114316642213     
           6           7   1.2480376873361112     
           1           8  0.66685591459875360     
           7           9   1.3377517898603011     
           9          10  0.98125681289487698     
           9          11   1.0846184622249382     
           9          12  0.11839476608274355     
          11          12   1.6961871368042820     
           5          13   1.2146405767689932     
          11          13   1.0533279416503047     
          12          13  0.13228502339812645     
          13          14  0.97756109152936477     
           1          15  0.95425566884622759     
           8          16  0.85980668665439541     
           8          17  0.85234701089377662     
           3          18  0.95597372379544099     
          10          19  0.97692896419384967     
          10          20  0.96486218215411124     
          10          21  0.96481774556931033     
          14          22  0.97186822033266851     
          14          23  0.97229877669219422     
          14          24  0.96619769886943807     
           4          25  0.92339897540759419     
