   -0.26303911
    0.10137695
    0.00657124
    0.00333230
   -0.07942333
    0.13095973
   -0.22605806
    0.02632837
    0.13014792
   -0.22426535
    0.02548968
   -0.07392233
   -0.05281574
   -0.06572178
   -0.06973232
    0.01124579
    0.01768753
   -0.01779675
   -0.07060857
    0.00549340
   -0.04345306
   -0.06637323
    0.13078077
   -0.18907956
    0.02177361
    0.20075049
   -0.36253423
   -0.11368761
   -0.07513614
   -0.07224705
   -0.00749506
   -0.11943995
   -0.11872513
    0.05356243
    0.05532923
    0.08315615
    0.04924561
    0.05700162
    0.08325661
    0.05026204
    0.05410339
    0.03953862
    0.06161330
    0.05475762
    0.06766297
    0.08331179
    0.00792959
    0.07307177
    0.07281465
    0.06818311
    0.05494189
    0.05874967
    0.04500199
    0.05668936
    0.06040072
    0.06196984
    0.08827100
    0.09167703
    0.07687151
    0.07834233
    0.05664702
    0.07925703
    0.08053659
    0.08442219
    0.03880023
    0.07102771
    0.03640453
    0.05280758
    0.06031339
    0.03529526
    0.05622320
    0.16016599
