           1           2   1.9600926652341306     
           2           3  0.99439593077341515     
           3           4  0.96821117352222197     
           4           5   1.3690407768851047     
           5           6   1.3991543141560228     
           6           7   1.1042355144048410     
           7           8  0.97681015955836969     
           6           9   1.2169503099504173     
           9          10   1.1073892501325009     
          10          11  0.97612957203228212     
           9          12   1.3887133002682335     
           4          13   1.4110371228296008     
          12          13   1.4053426552142645     
           3          14  0.95767867574736365     
          14          15  0.98224023774255287     
          15          16   1.0603602947313981     
          16          17   1.4212980832856363     
          17          18  0.98594926185074327     
          18          19  0.96707948040209235     
          19          20   1.0013674941431772     
          20          21   1.3174091166766404     
          21          22   1.4240278061123097     
          22          23   1.3825035062629061     
          23          24   1.1560469916660165     
          24          25  0.97216536668132847     
          23          26   1.0497926730733160     
          26          27   1.5822574241777356     
          20          29   1.4991672457163137     
          26          29   1.1601304341479488     
          17          30  0.99724818552078931     
           3          31  0.94160215378742329     
          31          32   1.0081609387674417     
          31          33   1.0089304943413644     
           5          34  0.95708732286498321     
           8          35  0.97308451901244220     
           8          36  0.97627883434853269     
           8          37  0.97281022511867499     
          11          38  0.97275788867057500     
          11          39  0.97652827294487632     
          11          40  0.97297621719426541     
          12          41  0.96344278946847850     
          13          42  0.96236634220128392     
          14          43  0.96863134401638207     
          14          44  0.97180354885141940     
          15          45  0.96045023098666038     
          15          46  0.92495096971631874     
           2          47  0.89725530292445466     
          16          48  0.95592579901080454     
          18          49  0.96228677633079929     
          18          50  0.96749877642152737     
          19          51  0.97232658592366361     
          19          52  0.97114057888362604     
          21          53  0.96838957461079345     
          22          54  0.95862698360884646     
          25          55  0.96894976125342358     
          25          56  0.96927121596840382     
          25          57  0.97574714353140257     
          28          58  0.98956332956100224     
          28          59  0.99187588828682038     
          28          60  0.99162884575082599     
          29          61  0.96388645656281968     
          30          62  0.96566624273472634     
          30          63  0.96153193831341022     
          30          64  0.97696114607838336     
          31          65  0.95848939188882798     
          32          66  0.97218231782268005     
          32          67  0.98118344632486387     
          32          68  0.98057136294785729     
          33          69  0.97614366764652982     
          33          70  0.98242041459158269     
          33          71  0.97953450712051249     
           1          72  0.94022821196978379     
