           1           2   1.8097818598248905     
           2           3  0.93071034415499376     
           3           4  0.96018387576466957     
           4           5   1.2341249896564588     
           5           6   1.5245317078037219     
           6           7   1.1515316065496934     
           7           8  0.96055981307579608     
           6           9  0.91490943221695231     
           9          10   1.0795007696310250     
          10          11  0.97045160633132377     
           9          12   1.8252014194333359     
          10          12  0.11844991278619783     
           2          13   1.0840645102518693     
           4          13   1.5443235061954568     
           3          14  0.97399535291130646     
          14          15   1.0053667166510734     
          15          16  0.98942375030382013     
          16          17   1.0072923911831724     
          17          18   1.0123057106275588     
          18          19  0.96173060293498247     
          19          20   1.0169940013541567     
          20          21   1.3852311465393157     
          21          22   1.4268836932639117     
          22          23   1.3690264159559771     
          23          24   1.1234137972919691     
          24          25  0.97354053985210809     
          23          26   1.2015609428007212     
          26          27   1.1166269750878333     
          27          28  0.97578955582226745     
          20          29   1.3824286771640188     
          26          29   1.3865286813067581     
          17          30   1.0207817048970198     
           3          31  0.95393480739801950     
          31          32   1.0057027669564000     
          31          33   1.0049168010725256     
           5          34  0.94497196146704276     
           8          35  0.97177438886815670     
           8          36  0.97535763742970971     
           8          37  0.97179706334489580     
          11          38  0.97226516876970981     
          11          39  0.97802247216545823     
          11          40  0.97212150698476085     
          12          41  0.95748713884791015     
          13          42  0.96020022346975598     
          14          43  0.96661020652494556     
          14          44  0.96621891702531115     
          15          45  0.96736700406829446     
          15          46  0.97214731026224055     
          16          47  0.94408017704366509     
          16          48  0.96691463414962253     
          18          49  0.95820094164646830     
          18          50  0.96867135477579902     
          19          51  0.97186784789012215     
          19          52  0.96426779028387355     
          21          53  0.96616628263003801     
          22          54  0.96171020284606534     
          25          55  0.97011628263698779     
          25          56  0.97012419162058938     
          25          57  0.97586311562728278     
          28          58  0.97599452946889820     
          28          59  0.97137856586056781     
          28          60  0.97102564886062748     
          29          61  0.96100432699828986     
          30          62  0.97537279091424145     
          30          63  0.95928062257772795     
          30          64  0.97581004819400097     
          31          65  0.95525506463299803     
          32          66  0.98075000589108952     
          32          67  0.98005702756358593     
          32          68  0.98156075352391003     
          33          69  0.97395485297721074     
          33          70  0.98064775327656339     
          33          71  0.97812367530755095     
           1          72  0.92937783055731682     
