           1           2   1.0397723338381717     
           2           3   2.6646220728281156     
           4           5   1.4899493821589851     
           4           6  0.13470947453008666     
           5           6   2.3128680199023632     
           6           7   1.2871028976542567     
           6           8  0.10821918863190090     
           7           8   1.8466539807776292     
           7           9  0.65660044932192785     
           8           9  0.10887118715020459     
           9          10  0.96848800179038108     
           9          11   1.6186109461253846     
           9          12  0.12076872034822399     
          11          12   1.1162866085177880     
          11          13   1.0806197485736906     
          12          13  0.84845593095346716     
          13          14  0.99710782324831571     
           1          15  0.94903879876380981     
           1          16  0.95024602309594908     
           1          17  0.94979252554922677     
           3          18  0.17121188110623745     
           4          18  0.72330744282219661     
          10          19  0.95434819947576854     
          10          20  0.95556610537910325     
          10          21  0.97044543244086767     
          14          22  0.94499563981759482     
          14          23  0.97313711277831172     
          14          24  0.96649469121129261     
           4          25  0.91496185908677874     
