   -0.27256499
    0.09928698
    0.00576944
   -0.00142232
   -0.07770078
    0.12436979
   -0.19780911
    0.02018945
    0.12744542
   -0.23929730
    0.02694237
   -0.07222630
   -0.04342755
   -0.06555207
   -0.06303185
   -0.04564289
    0.08878195
   -0.01925794
   -0.06839329
    0.00110840
   -0.04788034
   -0.06723629
    0.13339805
   -0.22184366
    0.02501955
    0.13314796
   -0.22453205
    0.02713880
   -0.07911286
   -0.10699081
   -0.00782584
   -0.12032392
   -0.11878827
    0.09499580
    0.06253171
    0.09198529
    0.05777789
    0.05474765
    0.08153962
    0.04989863
    0.06032837
    0.04995667
    0.04827787
    0.05437150
    0.05301309
    0.05983382
    0.01209328
    0.04978657
    0.07203464
    0.06728317
    0.05631011
    0.05829143
    0.04686222
    0.05858030
    0.05423038
    0.05601988
    0.08201118
    0.08145365
    0.04911394
    0.05275558
    0.04866176
    0.05299824
    0.08168119
    0.05673936
    0.03023360
    0.07204691
    0.03127795
    0.05005302
    0.06296270
    0.03547498
    0.05390490
    0.15614341
