           1           2   1.9556094382322133     
           2           3  0.99037062971401579     
           3           4  0.98469910954170237     
           4           5   1.0248457142054264     
           5           6   1.0335447164073313     
           6           7   1.1487821640557658     
           7           8  0.97433790722530544     
           6           9   1.3211770684953310     
           9          10   1.0857782703653147     
          10          11  0.97664082459937529     
           9          12   1.3367878673845226     
           4          13   1.5998066628584271     
          12          13   1.2951646409218254     
           3          14  0.95190028931256054     
          14          15  0.99006335841702131     
          15          16   1.0428371959284137     
          16          17   1.3463565411034921     
          17          18  0.96622063249606960     
          18          19  0.97631956824883637     
          19          20   1.0070208046994498     
          20          21   1.4104266341653058     
          21          22   1.4157497954838782     
          22          23   1.3838640618507134     
          23          24   1.1097055500725577     
          24          25  0.97609805655627302     
          23          26   1.2186450644039992     
          26          27   1.1035906347546072     
          27          28  0.97851315421890239     
          20          29   1.3804499295493846     
          26          29   1.3951006215304320     
          16          30  0.23838146987213099     
          17          30   1.3659449984904632     
           3          31  0.93864554651769405     
          31          32   1.0089731712172809     
          31          33   1.0097454153466743     
           5          34  0.89758458786119566     
           8          35  0.96950946180794995     
           8          36  0.97534299389025303     
           8          37  0.96729946720235538     
          11          38  0.97397463228298808     
          11          39  0.97660473604891151     
          11          40  0.97415146960527932     
          12          41  0.96491030624823138     
          13          42  0.95835325333626942     
          14          43  0.96927354301768842     
          14          44  0.97104684979887990     
          15          45  0.95927838850064207     
          15          46  0.94227174036990058     
           2          47  0.91667128357791494     
          16          48  0.96251132531979122     
          18          49  0.96810026968150731     
          18          50  0.96914164269883052     
          19          51  0.97173647495291871     
          19          52  0.97003458781755181     
          21          53  0.96794920805053952     
          22          54  0.96304890342968485     
          25          55  0.97259471236558515     
          25          56  0.97238166095813261     
          25          57  0.97678658627469195     
          28          58  0.97678162062229434     
          28          59  0.97327299030938330     
          28          60  0.97305370482623066     
          29          61  0.96222652379930673     
          30          62  0.96994598708761237     
           5          63  0.92705739513735164     
          30          64  0.97541191400031213     
          31          65  0.96009136833808362     
          32          66  0.97425635986763859     
          32          67  0.98224512417208043     
          32          68  0.98219270714425844     
          33          69  0.97603910677004446     
          33          70  0.98292339292290654     
          33          71  0.97987663971314121     
           1          72  0.94237080843396415     
