   -0.26994147
    0.10169188
    0.00628154
    0.00133017
   -0.08039707
    0.12892000
   -0.23113085
    0.02803950
    0.12823743
   -0.22959279
    0.02721189
   -0.07430648
   -0.05287616
   -0.06444859
   -0.06935418
    0.00753215
    0.01391535
   -0.01687895
   -0.06795346
    0.00918978
   -0.04121741
   -0.07208498
    0.13708632
   -0.22986269
    0.02680953
    0.10799446
   -0.09923084
    0.04461187
   -0.15238481
   -0.07059653
   -0.00738885
   -0.11805540
   -0.11902256
    0.05127432
    0.05326154
    0.08061214
    0.04657233
    0.05455387
    0.08056231
    0.04808932
    0.05178326
    0.03883322
    0.06007623
    0.05362105
    0.06718152
    0.07946033
    0.00441562
    0.06953711
    0.07260695
    0.06443326
    0.04898682
    0.06088050
    0.04831444
    0.05729604
    0.05408514
    0.05517636
    0.08078353
    0.09403531
    0.00464899
    0.07949273
    0.00262604
    0.07706716
    0.07826877
    0.08364304
    0.03659475
    0.06765016
    0.03500446
    0.05047842
    0.06189925
    0.03435068
    0.05396734
    0.15574790
