           1           2   1.9554952273556963     
           2           3  0.99457759314534289     
           3           4  0.97089635962255383     
           4           5   1.3678279849517134     
           5           6   1.4017469712084629     
           6           7   1.0974258373036112     
           7           8  0.97846855792533216     
           6           9   1.2232648660147911     
           9          10   1.1002349152967505     
          10          11  0.97768294111274445     
           9          12   1.3923415709889906     
           4          13   1.4153390465017597     
          12          13   1.4044889202772335     
           3          14  0.95555898210077794     
          14          15  0.98365695601656600     
          15          16   1.0596872732735074     
          16          17   1.4100225426215260     
          17          18  0.98654418511712527     
          18          19  0.96604285186061534     
          19          20  0.99980356772621570     
          20          21   1.3543286195549733     
          21          22   1.4326921629108191     
          22          23   1.3715696370011017     
          23          24   1.1110358077075102     
          24          25  0.97130829061770763     
          23          26   1.2011844643380651     
          26          27   1.0343559084409280     
          27          28   1.2978978197012436     
          20          29   1.4143670083689015     
          26          29   1.3648454066680318     
          17          30  0.99814385852657428     
           3          31  0.94326141602698910     
          31          32   1.0083575936909914     
          31          33   1.0087388542839684     
           5          34  0.95784968573829676     
           8          35  0.97365994030490555     
           8          36  0.97672499026203874     
           8          37  0.97354800483674508     
          11          38  0.97359559269457918     
          11          39  0.97696318110313052     
          11          40  0.97358242148518714     
          12          41  0.96377971401323115     
          13          42  0.96254017739783282     
          14          43  0.96825773006576221     
          14          44  0.97221213130910433     
          15          45  0.95973096500969435     
          15          46  0.92627451658479032     
           2          47  0.90360665025533526     
          16          48  0.95720370355497486     
          18          49  0.96329295283179883     
          18          50  0.96812642632378609     
          19          51  0.97393751407827278     
          19          52  0.97000339359348209     
          21          53  0.95996599048162123     
          22          54  0.95927147835540105     
          25          55  0.97365186813909355     
          25          56  0.97400410833369833     
          25          57  0.97684374007273789     
          28          58  0.96656395500932979     
          28          60  0.95952162184688683     
          59          61  0.96285388279334938     
          30          62  0.96686885061109995     
          30          63  0.96330727691922347     
          30          64  0.97708877038480957     
          31          65  0.96031341080639576     
          32          66  0.97475665303153280     
          32          67  0.98188577036306834     
          32          68  0.98167272078363133     
          33          69  0.97621628171282837     
          33          70  0.98304262764571504     
          33          71  0.98024023002820893     
           1          72  0.94223807819893446     
