   -0.26652120
    0.10395161
    0.00767850
    0.01239399
   -0.07080914
    0.13631761
   -0.21902872
    0.02524427
    0.13615459
   -0.21679737
    0.02505093
   -0.06610992
   -0.04164252
   -0.05832901
   -0.07228518
    0.07778151
   -0.19826189
   -0.05214472
   -0.05518843
    0.03483892
   -0.03640228
   -0.06326820
    0.14227014
   -0.19085743
    0.01767465
    0.13550452
   -0.22883029
    0.02441536
   -0.08055390
   -0.02691633
   -0.00795407
   -0.11710830
   -0.12041763
    0.05755592
    0.05607077
    0.08343871
    0.05270455
    0.05744943
    0.08336466
    0.05251022
    0.05550585
    0.04407265
    0.05980358
    0.04680170
    0.06916922
    0.06403243
    0.01352942
    0.01186688
    0.05635475
    0.05749368
    0.06448439
    0.06424890
    0.06241161
    0.06849908
    0.06439000
    0.06522437
    0.09132529
    0.08534449
    0.05108174
    0.05334421
    0.05905852
    0.06340648
    0.06341775
    0.02074467
    0.03951394
    0.06615464
    0.03524304
    0.05243609
    0.06831355
    0.03757468
    0.05450937
    0.15769870
