   -0.26591617
    0.10239540
    0.00560941
    0.01070281
   -0.07616743
    0.15028180
   -0.24307195
    0.02978646
   -0.05326897
   -0.28127289
    0.17969236
   -0.03059813
   -0.05234991
   -0.06350515
   -0.06944823
    0.00985702
    0.01594050
   -0.01725320
   -0.07054011
    0.00032700
   -0.04869538
   -0.06729068
    0.13390941
   -0.22037453
    0.02457671
    0.13369481
   -0.22303598
    0.02645118
   -0.07891207
   -0.07300011
   -0.00662216
   -0.11787837
   -0.11873101
    0.04423515
    0.05166703
    0.07772480
    0.04558823
    0.07817649
    0.05379683
    0.04936497
    0.05120006
    0.03336226
    0.06094981
    0.05257551
    0.06840168
    0.08065097
    0.00646561
    0.07053191
    0.06962777
    0.06763326
    0.05542129
    0.05679104
    0.04486286
    0.05890935
    0.05479843
    0.05647470
    0.08298840
    0.08253209
    0.05012088
    0.05330070
    0.04893966
    0.07831332
    0.08470467
    0.08229299
    0.03751809
    0.06822815
    0.03696253
    0.05132204
    0.06166736
    0.03444039
    0.05429860
    0.15786764
