           1           2   1.9575997502848441     
           2           3  0.99454942585076089     
           3           4  0.96761672717700697     
           4           5   1.3998828800409364     
           5           6   1.3624001741483622     
           6           7   1.0949075138749713     
           7           8  0.97852013222704093     
           6           9   1.3177487637087493     
          10          11   1.9820995928081473     
           9          12   1.4768340026041411     
           4          13   1.4077348222249024     
          12          13   1.4020743610517372     
           3          14  0.95628039117841745     
          14          15  0.98065117306926997     
          15          16   1.0601185888239375     
          16          17   1.4155857490667403     
          17          18  0.98765517344166376     
          18          19  0.96619305780114284     
          19          20   1.0078429647463139     
          20          21   1.4065787812303476     
          21          22   1.4184139333429895     
          22          23   1.3817033494583797     
          23          24   1.1120261236474198     
          24          25  0.97554638155139661     
          23          26   1.2180228830616227     
          26          27   1.1061302180485184     
          27          28  0.97780121690865485     
          20          29   1.3818965214261998     
          26          29   1.3928156154448359     
          17          30  0.99702060916504553     
           3          31  0.94328679407456240     
          31          32   1.0080634702157110     
          31          33   1.0087813381203146     
           5          34  0.95871166331139024     
           8          35  0.97404839701781121     
           8          36  0.97719576604883485     
           8          37  0.97377239549644345     
           9          38  0.96298793894830681     
          11          39  0.93906159434357184     
          11          40  0.93903996290715919     
          12          41  0.96779833763344403     
          13          42  0.96221233528342076     
          14          43  0.96831266338191968     
          14          44  0.97246757399984363     
          15          45  0.96080592298298129     
          15          46  0.92662339103417213     
           2          47  0.89852986476546781     
          16          48  0.95660780509253718     
          18          49  0.96399517643238353     
          18          50  0.96751869002861990     
          19          51  0.97100680002916906     
          19          52  0.97226036344599931     
          21          53  0.96811115670834136     
          22          54  0.96300662444748009     
          25          55  0.97240390970997637     
          25          56  0.97231669955974254     
          25          57  0.97662812249519892     
          28          58  0.97659327143554653     
          28          59  0.97306972574973549     
          28          60  0.97299179332965413     
          29          61  0.96228522204168132     
          30          62  0.96560611981034317     
          30          63  0.95839594042315956     
          30          64  0.97718565449553563     
          31          65  0.95904320577002755     
          32          66  0.97348308478210233     
          32          67  0.98138578944867205     
          32          68  0.98100467741595732     
          33          69  0.97566853901058004     
          33          70  0.98269637562349998     
          33          71  0.98001260812921109     
           1          72  0.94103897752829135     
