   -0.27095466
    0.10157222
    0.00627742
    0.00238910
   -0.08063023
    0.12916437
   -0.23081354
    0.02782161
    0.12808201
   -0.22972602
    0.02724050
   -0.07486209
   -0.05404971
   -0.06473443
   -0.06901649
    0.00781724
    0.01807730
   -0.02112975
   -0.06922303
   -0.01023670
   -0.04866558
   -0.03819818
   -0.05255286
   -0.24158636
    0.02373868
    0.28320892
   -0.23527044
    0.02027607
   -0.05805516
   -0.07231178
   -0.00689434
   -0.11915029
   -0.11777970
    0.05212431
    0.05357304
    0.08078095
    0.04652955
    0.05460167
    0.08060282
    0.04682224
    0.05096124
    0.03935234
    0.05944329
    0.05326892
    0.06522662
    0.08010147
    0.00289707
    0.06946726
    0.07483257
    0.06878501
    0.05396674
    0.06002323
    0.03476835
    0.04445675
    0.07109631
    0.07220514
    0.07216316
    0.08821840
    0.07155822
    0.07090553
    0.03861305
    0.07640378
    0.08047899
    0.07995938
    0.03663120
    0.06986007
    0.03554639
    0.05095456
    0.05933434
    0.03421264
    0.05396353
    0.15548580
