           1           2  0.99170966478943356     
           1           3   1.0037805053367956     
           2           4   1.2317035948340902     
           4           5   1.3439492811341762     
           5           6   1.1592208600050327     
           2           7   1.0126173277180111     
           6           7   1.0665726591908355     
           7           8   1.6997713611218008     
           6           9   1.2811858312203757     
           9          10   1.0014819235395915     
           9          11   1.0216820731690193     
          11          12   1.7313184898901799     
           5          13   1.2026236986707965     
          11          13   1.0717939643240020     
          12          13  0.11142069162217194     
          13          14  0.98914678286880287     
           3          15  0.95214188071457406     
           1          16  0.90289089934809064     
           1          17  0.93729306657843658     
           3          18  0.95966263357624737     
          10          19  0.96864772402841814     
          10          20  0.93438591530310444     
          10          21  0.93870534193803246     
          14          22  0.94736260566040620     
          14          23  0.94734762124160932     
          14          24  0.96468151050144235     
           3          25  0.95284733149192924     
