           1           2   1.9468149024751733     
           2           3  0.99245068575982309     
           3           4  0.98045390736101878     
           4           5   1.3770176634419804     
           5           6   1.3926840201292534     
           6           7   1.1091117547270819     
           7           8  0.97622797014690765     
           6           9   1.2109522535854544     
           9          10   1.1137214890678846     
          10          11  0.97525927532622292     
           9          12   1.3802619001855341     
           4          13   1.3960477195753700     
          12          13   1.4153219983168657     
           3          14  0.86570196377687070     
          14          15   1.1126741983848365     
          15          16   1.0655655369160177     
          16          17  0.95656228889072881     
          17          18   1.0146600152010603     
          18          19  0.95484248787476200     
          19          20   1.0185366776732232     
          20          21   1.3846802316313263     
          21          22   1.4285742105373518     
          22          23   1.3698686205029393     
          23          24   1.1200796130495601     
          24          25  0.97421565136698263     
          23          26   1.2063003032974020     
          26          27   1.1136143985740208     
          27          28  0.97636690698179696     
          20          29   1.3823424580818728     
          26          29   1.3871992485339555     
          17          30   1.0159149077288432     
           3          31  0.94752583273024538     
          31          32   1.0017624518279269     
          31          33   1.0081211248226221     
           5          34  0.95687007979395511     
           8          35  0.97223147045875957     
           8          36  0.97605662472403421     
           8          37  0.97191452622241792     
          11          38  0.97165159740578577     
          11          39  0.97629933100779576     
          11          40  0.97194885938301401     
          12          41  0.96248374383783530     
          13          42  0.96145040814242311     
          14          43  0.94478426771988910     
          14          44  0.95994016562972517     
          15          45  0.97047316621836432     
          16          46  0.93391708035121423     
           2          47  0.91411370889120569     
          16          48  0.96403279933306618     
          18          49  0.96497827237412559     
          18          50  0.96879141083827025     
          19          51  0.96752434520032993     
          19          52  0.96984656951967196     
          21          53  0.96712615696126636     
          22          54  0.96216725571615025     
          25          55  0.97073463545053285     
          25          56  0.97070576873678238     
          25          57  0.97609730550904572     
          28          58  0.97620499875787448     
          28          59  0.97175754091476807     
          28          60  0.97160301979892005     
          29          61  0.96132792710608495     
          30          62  0.96442597721146373     
          30          63  0.97052337879237704     
          30          64  0.97976764777753989     
          31          65  0.95681890476123299     
          32          66  0.97274607226672993     
          32          67  0.98086211262354472     
          32          68  0.97941662671692309     
          33          69  0.97117869420400393     
          33          70  0.98048793633044884     
          33          71  0.97790512185486478     
           1          72  0.93789288574939700     
