   -0.27125321
    0.10132331
    0.00618808
    0.00117929
   -0.08078048
    0.12810904
   -0.23269467
    0.02841762
    0.12724360
   -0.23113945
    0.02756427
   -0.07509853
   -0.05328048
   -0.06384979
   -0.06927187
    0.00782246
    0.01540375
   -0.01679162
   -0.06437545
   -0.01143278
   -0.05874670
   -0.07407693
   -0.04669215
    0.00681836
   -0.00005195
    0.13643591
   -0.24082748
    0.02634586
   -0.09627146
   -0.07040482
   -0.00719733
   -0.11803845
   -0.11891099
    0.05109984
    0.05290259
    0.07998809
    0.04595022
    0.05410136
    0.07997703
    0.04722863
    0.05137095
    0.03910393
    0.06006829
    0.05334456
    0.06608347
    0.07889556
    0.00388300
    0.07004766
    0.06803251
    0.06797553
    0.05140887
    0.05204043
    0.03157012
    0.03270120
    0.09087651
    0.10544570
    0.10210909
    0.07599658
    0.05974800
    0.05749363
    0.02858165
    0.07644413
    0.07923781
    0.08138073
    0.03602537
    0.06777601
    0.03477364
    0.04989373
    0.06161703
    0.03422036
    0.05349799
    0.15544326
