           1           2   1.9550258485613721     
           2           3  0.99409319808368679     
           3           4  0.97177145734368420     
           4           5   1.3668523070791094     
           5           6   1.4028406279383763     
           6           7   1.0956932519976923     
           7           8  0.97870029263714331     
           6           9   1.2247735729653064     
           9          10   1.0983319969054268     
          10          11  0.97811295741447046     
           9          12   1.3937389321602904     
           4          13   1.4160614139735372     
          12          13   1.4012945671242869     
           3          14  0.95572942450702403     
          14          15  0.97957456638803186     
          15          16   1.0598545327208457     
          16          17   1.4138468248513663     
          17          18  0.98826841772750840     
          18          19  0.95578965188092524     
          19          20   1.0223315021630386     
          20          21   1.2410536970729042     
          21          22   1.4738042475731119     
          23          24   1.7775049123558730     
          24          25  0.86328120025908461     
          22          26   1.2176130448244724     
          26          27   1.1027126310822102     
          27          28  0.97204609669101594     
          20          29   1.3925983223013847     
          26          29   1.2766778005617503     
          17          30  0.99793165843254494     
           3          31  0.94328347047822036     
          31          32   1.0083831384920179     
          31          33   1.0087666966007116     
           5          34  0.95809526498801567     
           8          35  0.97390553921980194     
           8          36  0.97684010089852358     
           8          37  0.97370313111062179     
          11          38  0.97373009771632901     
          11          39  0.97706866649950652     
          11          40  0.97384585113128086     
          12          41  0.96383519359644110     
          13          42  0.96266484586391310     
          14          43  0.96814878991559017     
          14          44  0.97269205447801887     
          15          45  0.96122713256939740     
          15          46  0.92886186376899216     
           2          47  0.90665167833473181     
          16          48  0.95697676083566152     
          18          49  0.96349180793741396     
          18          50  0.96803199571438436     
          19          51  0.97009007497261057     
          19          52  0.97111552308626470     
          21          53  0.97323128755821098     
          22          54  0.97276725848858259     
          25          55  0.97182112608881088     
          25          56  0.96221249433593892     
          25          57  0.96826866821221058     
          28          58  0.97161613739049690     
          28          59  0.97330310232053430     
          28          60  0.97286734588753565     
          29          61  0.97158035745506044     
          30          62  0.96613158286668388     
          30          63  0.96058073207897210     
          30          64  0.97736570715953408     
          31          65  0.96068778550718947     
          32          66  0.97477214655026378     
          32          67  0.98200805178489026     
          32          68  0.98182940514815298     
          33          69  0.97630509281950495     
          33          70  0.98337835348939495     
          33          71  0.98042261044638157     
           1          72  0.94244796757427807     
