   -0.27697814
    0.09031907
    0.00180228
    0.00347912
   -0.07667986
    0.13242796
   -0.22403437
    0.02658121
    0.13287872
   -0.22122961
    0.02514685
   -0.06975342
   -0.04820919
   -0.06136193
   -0.06873829
   -0.00082948
   -0.10683214
    0.00075005
   -0.07265566
    0.01139246
   -0.04303633
   -0.06461147
    0.13603995
   -0.21300758
    0.02278720
    0.13628125
   -0.21606329
    0.02475185
   -0.07526374
   -0.04901733
   -0.00379357
   -0.08689838
   -0.11741821
    0.05098826
    0.05332573
    0.08355313
    0.05148601
    0.05687955
    0.08354146
    0.05286254
    0.05565379
    0.04469890
    0.04939222
    0.04827975
    0.04706717
    0.05518771
    0.03463141
    0.04925401
    0.04093856
    0.05176269
    0.06331683
    0.05518031
    0.05485793
    0.06208567
    0.05866327
    0.05992440
    0.08517936
    0.08437103
    0.05412352
    0.05693644
    0.05376431
    0.05832356
    0.03966312
    0.06055813
    0.07856324
    0.07186044
    0.06614875
    0.05675599
    0.05320669
    0.04809823
    0.05907361
    0.16161633
