           1           2  0.98703309780864434     
           2           3   1.3931658076056257     
           3           4   1.3185285619656937     
           4           5   1.1447577480493956     
           2           6   1.1822584749877156     
           5           6   1.3713116443832922     
           6           7  0.99694830562099479     
           7           8   1.6996791328168739     
           7           9   1.1532867773447750     
           8           9  0.13986928241041194     
           9          10  0.96999649548623101     
           9          11   1.1258907738536241     
           9          12  0.13271735593136705     
          11          12   1.8369450559450651     
           5          13   1.2204096738751828     
          13          14   1.7869372476496668     
           1          15  0.95587634754008988     
           1          16  0.97386269242779089     
           1          17  0.94812887517390065     
           3          18  0.95013798976120512     
          10          19  0.97004025154528095     
          10          20  0.95847785448033351     
          10          21  0.96305871627671169     
          11          22  0.91137750838831388     
          14          23  0.94843205631481853     
          14          24  0.95597773292499244     
           4          25  0.92023004839827560     
