           2           3   1.5465733449563892     
           3           4   1.2151715468548492     
           4           5   1.2205908107524635     
           2           6   1.2897035181092036     
           5           6   1.2579020785907633     
           6           7   1.0658545716635623     
           7           8   1.6729317745662926     
           7           9   1.1095484449448847     
           8           9  0.13558158757887812     
           9          10  0.96999590189299334     
           9          11   1.1287933192086785     
           9          12  0.13025194571024429     
          11          12   1.7019844639644146     
           5          13   1.2311199083062450     
          11          13   1.0319770305616323     
          12          13  0.10383977058188526     
          13          14  0.98033272425754803     
           1          15  0.97573744187728484     
           1          16  0.97579479306831751     
           1          17  0.94846828688742191     
           3          18  0.95576890187740127     
          10          19  0.96926181347131946     
          10          20  0.96134302385362991     
          10          21  0.96105258674609539     
          14          22  0.96115697387764132     
          14          23  0.96098429568971544     
          14          24  0.96351695952096250     
           4          25  0.92450690769935129     
