           1           2   1.3312034629197711     
           2           3   1.2471711025501198     
           3           4   1.2402004481810318     
           4           5   1.1948177669658193     
           2           6   1.0879754778553270     
           5           6   1.3494526650669785     
           6           7   1.0849482471095446     
           7           8   1.6842166857128285     
           7           9   1.0944979525890994     
           8           9  0.13885842147462729     
           9          10  0.97158832528557937     
           9          11   1.1256766750524587     
           9          12  0.13336142352849834     
          11          12   1.7064099357293447     
           5          13   1.2166717008637775     
          11          13   1.0349102043831659     
          12          13  0.11822623736265525     
          13          14  0.97547156611211872     
           1          16  0.96655804766141618     
           1          17  0.94979666420187336     
           3          18  0.95487907308562736     
          10          19  0.96570665303453240     
          10          20  0.95748675718378817     
          10          21  0.95872502068239096     
          14          22  0.96805805897635033     
          14          23  0.96839412853629980     
          14          24  0.96277606391542192     
           4          25  0.91954124676236848     
