           1           2  0.98367583564599204     
           2           3   1.3978452328246935     
           3           4   1.3018459219530880     
           4           5   1.1836890407740674     
           2           6   1.1663510617230628     
           5           6   1.3277590655546945     
           6           7   1.0926371824533923     
           7           8   1.6886878875582272     
           7           9   1.0700439903460994     
           8           9  0.14471469706771312     
           9          10  0.97299357201726822     
           9          11   1.2019487418343946     
          11          12   1.2063603314075215     
           5          13   1.2656848523022450     
          11          13   1.3822416893308769     
          12          14  0.93309365621297147     
           1          15  0.95871505089036968     
           1          16  0.96218896779516605     
           1          17  0.96250725109257407     
           3          18  0.95218065495314130     
          10          19  0.96582471027213301     
          10          20  0.96504429754264520     
          10          21  0.96505946186818670     
          14          22  0.97165635910272186     
          14          23  0.97103005586860913     
          14          24  0.97404961183213601     
           4          25  0.91645199578571357     
