           1           2  0.98485845576166786     
           2           3   1.4035256013994470     
           3           4   1.2865625618242804     
           4           5   1.1924526012101946     
           2           6   1.1487481012793217     
           5           6   1.3252145479636306     
           6           7   1.1118886594517714     
           7           8   1.6706659068067253     
           7           9  0.99677451270031381     
           8           9  0.11282153779577037     
           9          10   1.3398741015327578     
           9          11   1.0136868311449732     
          11          12   1.7139975578566586     
           5          13   1.1950174281406150     
          11          13   1.0861799530341034     
          12          13  0.13596809623092931     
          13          14  0.96989140809874275     
           1          15  0.95474954657933653     
           1          16  0.96440918965392775     
           1          17  0.96069271965382030     
           3          18  0.95174812955847909     
          10          19  0.95604408129146046     
          10          21  0.96087464219936292     
          14          22  0.97172758073875887     
          14          23  0.97237973099266273     
          14          24  0.96456674727917069     
           4          25  0.91772754025112080     
