           1           2  0.98156314047636983     
           2           3   1.4179908252250266     
           3           4   1.3067539561513077     
           4           5   1.1578386617072143     
           2           6   1.1697142647485264     
           5           6   1.3308630544747664     
           6           7   1.0706353659021859     
           7           8   1.6771928158108360     
           7           9   1.0898351784490912     
           8           9  0.14426260849976824     
           9          10  0.96139690645335885     
           9          11   1.1655802850924726     
           9          12  0.15259947095120896     
          11          12   1.7292092504570917     
           5          13   1.1718678760632084     
          11          13  0.93684992067595707     
          13          14   1.2882644184143976     
           1          15  0.95776233058195959     
           1          16  0.95893568943646579     
           1          17  0.95870997804678737     
           3          18  0.95001754107851344     
          10          19  0.96904048075483218     
          10          20  0.96835179035474039     
          10          21  0.96870576789618734     
          14          22  0.96933999917011671     
          14          23  0.91747925961476706     
           4          25  0.91697468252504077     
