           1           2  0.97635130366817313     
           2           3   1.4252769788349204     
           2           4  0.10205825688096100     
           3           4   1.2069495178898706     
           4           5   1.0273299517857979     
           2           6   1.0804679747662991     
           6           7   1.2151455107626876     
           6           8  0.13970700381307671     
           7           8   1.6606846954990344     
           7           9  0.95358613748209309     
           9          10  0.96735676351020372     
           9          11   1.2913208355198402     
           9          12  0.19530682044268591     
          11          12   1.7442807011426296     
           5          13  0.89032551982648100     
           6          13  0.94915189619900708     
          11          13  0.79085297119301712     
           5          14  0.95865245696697610     
          13          14  0.88304228756091563     
           1          15  0.95847924030471665     
           1          16  0.97459902519185593     
           1          17  0.95111882212856202     
           3          18  0.94892130391618223     
          10          19  0.96710850529419490     
          10          20  0.97068094448425035     
          10          21  0.96510100829288703     
          14          22  0.96394595484731416     
           5          23  0.94662849312195219     
          14          24  0.95812768456610531     
           4          25  0.92163913639407524     
