           1           2  0.98974589605493457     
           2           3   1.3561520363640569     
           3           4   1.3060777656579661     
           4           5   1.1253212085367326     
           2           6   1.1654967621489190     
           5           6   1.3077947404129162     
           6           7   1.0502683621255275     
           7           8   1.6483374266625586     
           7           9   1.0986316504771823     
           8           9  0.10840785170989445     
           9          10  0.97750611972323276     
           9          11   1.1434589149182839     
           9          12  0.12451621932203846     
          11          12   1.7883637365733684     
           5          13   1.2452577272913270     
          13          14   1.6709633220658247     
           1          15  0.96806223882425235     
           1          16  0.94994383635839630     
           1          17  0.94460231724706467     
           3          18  0.95135959868783271     
          10          19  0.96090958335405385     
          10          20  0.94842184803012697     
          10          21  0.94413338171231098     
          14          22  0.93670014973416060     
          11          23  0.90194612305121336     
          14          24  0.94865327731670035     
           4          25  0.92146929590190130     
