           1           2   1.9578601560330828     
           2           3  0.99381575019499679     
           3           4  0.97101197021473695     
           4           5   1.3681726070165903     
           5           6   1.4004496363671293     
           6           7   1.0996993558490875     
           7           8  0.97790244713627961     
           6           9   1.2211255419590969     
           9          10   1.1028203086050239     
          10          11  0.97694990290316008     
           9          12   1.3909502247895731     
           4          13   1.4124838416112646     
          12          13   1.4043116860594218     
           3          14  0.95671411910495352     
          14          15  0.98107236051518454     
          15          16   1.0598974969332267     
          16          17   1.4114641775599841     
          17          18  0.98641431048148476     
          18          19  0.96686596110191148     
          19          20   1.0048310142760841     
          20          21   1.4053282670588179     
          21          22   1.4090872997703201     
          22          23   1.4739843041513874     
          24          25   1.9943890648908760     
          23          26   1.3159545385954525     
          26          27   1.1014680727955106     
          27          28  0.97941444067897854     
          20          29   1.4122386066817356     
          26          29   1.3533495588967073     
          17          30  0.99782150831379279     
           3          31  0.94134297611505635     
          31          32   1.0083086918418589     
          31          33   1.0086839405414592     
           5          34  0.95790391029632871     
           8          35  0.97338146432950123     
           8          36  0.97657973789470209     
           8          37  0.97341858850003649     
          11          38  0.97332270958336797     
          11          39  0.97681073642195826     
          11          40  0.97337964057456050     
          12          41  0.96359586490758531     
          13          42  0.96256903367037994     
          14          43  0.96804825856098797     
          14          44  0.97219971542459138     
          15          45  0.96083654078551506     
          15          46  0.92629963486310496     
           2          47  0.90195849493875202     
          16          48  0.95697587147741392     
          18          49  0.96366085446849858     
          18          50  0.96755895219383237     
          19          51  0.97193126662409679     
          19          52  0.97198316441296784     
          21          53  0.96835048111217326     
          22          54  0.96713255422777633     
          25          55  0.93588647335455122     
          23          56  0.96197864674821709     
          25          57  0.93584952264175458     
          28          58  0.97717602899042055     
          28          59  0.97341483589482602     
          28          60  0.97320817553753003     
          29          61  0.96324473897649110     
          30          62  0.96557619702077557     
          30          63  0.96236651280941576     
          30          64  0.97711233766159156     
          31          65  0.95998538780497844     
          32          66  0.97379418582057853     
          32          67  0.98154301738610483     
          32          68  0.98111175960714159     
          33          69  0.97587989616343140     
          33          70  0.98280613152890428     
          33          71  0.97977032897890259     
           1          72  0.94114055995315360     
