   -0.26807863
    0.10154953
    0.00631043
    0.00247216
   -0.07989875
    0.12961727
   -0.22958194
    0.02751237
    0.12879925
   -0.22785644
    0.02663391
   -0.07459338
   -0.05330428
   -0.06495844
   -0.06894748
    0.00574780
    0.00978216
   -0.01665693
   -0.07201209
    0.00239223
   -0.04409804
   -0.06712715
    0.13999604
   -0.22468441
    0.02276352
    0.10540215
   -0.09569540
    0.03692938
   -0.06777877
   -0.07046277
   -0.00745955
   -0.11872112
   -0.11834804
    0.05209318
    0.05391482
    0.08131854
    0.04744384
    0.05546446
    0.08150903
    0.04857963
    0.05245338
    0.03834119
    0.06003677
    0.05302630
    0.06653790
    0.07954812
    0.00497316
    0.06812797
    0.06852749
    0.06713771
    0.05798183
    0.05862141
    0.05233152
    0.06402261
    0.05642117
    0.05788290
    0.08490862
    0.10672754
   -0.15581069
    0.07305894
    0.05418345
    0.07640536
    0.08000387
    0.08021915
    0.03715738
    0.06940660
    0.03557829
    0.05106228
    0.06016253
    0.03408962
    0.05439133
    0.15651625
