           1           2   1.9569023631002127     
           2           3  0.99481842364843265     
           3           4  0.96882703039002183     
           4           5   1.3676729229238342     
           5           6   1.4016900949641664     
           6           7   1.0996110254428813     
           7           8  0.97787999558620764     
           6           9   1.2209906279623197     
           9          10   1.1027346458072080     
          10          11  0.97717291172941756     
           9          12   1.3917292161710004     
           4          13   1.4143824948849604     
          12          13   1.4032517188395413     
           3          14  0.95738312587587759     
          14          15  0.98159754477910544     
          15          16   1.0606413521221791     
          16          17   1.3947979357468383     
          17          18  0.98970095884297404     
          18          19  0.96753941600993343     
          19          20   1.0083274925952921     
          20          21   1.3897922183527289     
          21          22   1.4251089454188079     
          22          23   1.3754544346128239     
          23          24   1.1203753601022384     
          24          25  0.97075881432750932     
          23          26   1.2261952567872991     
          26          27   1.0568055598562716     
          27          28   1.2799633559518298     
          20          29   1.4130409241617050     
          26          29   1.3564983297102173     
          17          30  0.99824823929276263     
           3          31  0.94268917087827508     
          31          32   1.0083281652845464     
          31          33   1.0090308946136917     
           5          34  0.95752994819081860     
           8          35  0.97355804451703976     
           8          36  0.97661626511143951     
           8          37  0.97331817855611258     
          11          38  0.97322773078263458     
          11          39  0.97683932964316122     
          11          40  0.97352944764353055     
          12          41  0.96368555194175742     
          13          42  0.96251485561848948     
          14          43  0.96890184872595975     
          14          44  0.97226487574020581     
          15          45  0.96061089894889196     
          15          46  0.92670610491468031     
           2          47  0.90200393432338799     
          16          48  0.95746653633420586     
          18          49  0.96382721617224343     
          18          50  0.96784770706996526     
          19          51  0.97164532148184946     
          19          52  0.97153001725118882     
          21          53  0.96791821419871349     
          22          54  0.96283185266940596     
          25          55  0.97419721143466309     
          25          56  0.97398750421301505     
          25          57  0.97663815183366931     
          28          58  0.96278499123351124     
          28          60  0.96416648288140561     
          29          61  0.96020548193730859     
          30          62  0.96654075434190767     
          30          63  0.96159098405683829     
          30          64  0.97751036559439863     
          31          65  0.95955341901949720     
          32          66  0.97377850477834160     
          32          67  0.98173008433985409     
          32          68  0.98130973826734114     
          33          69  0.97665917202517738     
          33          70  0.98296052223096086     
          33          71  0.98021920460106771     
           1          72  0.94191886231869493     
