           1           2   1.4270426217812444     
           1           3  0.16667304229339408     
           2           3   1.2358405181468206     
           3           4   1.1868787999382111     
           4           5   1.2813607161583156     
           2           6  0.97690754813180847     
           5           6   1.0161569575042797     
           6           7  0.86828478534741871     
           7           8   1.7650016718641728     
           7           9   1.1841433993155870     
           8           9  0.15831360351707588     
           9          10  0.95522055279554774     
           9          11   1.0718670549376004     
           9          12  0.11344515777400155     
          11          12   1.7199610014337168     
           5          13   1.2196291409806170     
          11          13   1.0381975097668366     
          12          13  0.11286148904332943     
          13          14  0.96863290790083578     
           6          15  0.91246858684868881     
           1          16  0.96388410634884492     
           1          17  0.96409655726348675     
           3          18  0.95593573266934651     
          10          19  0.97304311932641252     
          10          20  0.96914064177502035     
          10          21  0.96671276792889549     
          14          22  0.97396216338018926     
          14          23  0.96779639259454575     
          14          24  0.96376120461550330     
           4          25  0.91801439060858503     
