           1           2  0.99598278607250135     
           2           3   1.2794559865319202     
           3           4   1.4642392871095344     
           4           5   1.2807804485256993     
           2           6   1.1948310004315184     
           5           6   1.2953594917135212     
           6           7   1.0823232435034780     
           7           8   1.6625793638217290     
           7           9   1.0682877834607787     
           8           9  0.11356231837943639     
           9          10  0.97482277623329139     
           9          11   1.1502533339910763     
           9          12  0.13124094452840235     
          11          12   1.7012019072730040     
           5          13   1.1031702284139464     
          11          13  0.96520332214787463     
          13          14   1.3829916599685936     
           1          15  0.94504334140536128     
           1          16  0.95149205246784363     
           1          17  0.95423767149507344     
           3          18  0.95226662599113898     
          10          19  0.95113379186674407     
          10          20  0.94340219905380973     
          10          21  0.94233351470177185     
          14          23  0.95383370095016518     
          14          24  0.95084070241979213     
          22          25  0.88248875013208983     
