           1           2  0.98399222204026149     
           2           3   1.3842750162003934     
           3           4   1.2869169288456490     
           4           5   1.1650398563443272     
           2           6   1.1642251657469997     
           5           6   1.3366901701003189     
           6           7   1.0769194186576398     
           7           8   1.6727358352231820     
           7           9   1.0790709081057006     
           8           9  0.13762382024380515     
           9          10  0.96284927265929054     
           9          11   1.1713232364557393     
           9          12  0.15142852568492082     
          11          12   1.7237102392320236     
           5          13   1.1640867429743700     
          11          13  0.93362523792920937     
          13          14   1.2980483967968066     
           1          15  0.95757880198001355     
           1          16  0.96000758908503814     
           1          17  0.95928759519809514     
           3          18  0.95174259778627224     
          10          19  0.96756423806863767     
          10          20  0.96588818722984393     
          10          21  0.96632658012527428     
          14          22  0.96853637734445686     
          14          23  0.91613225145604804     
           4          25  0.91838519494450355     
