           1           2  0.98590514728183076     
           2           3   1.3927200057533684     
           3           4   1.3196468782874424     
           4           5   1.1447678440338498     
           2           6   1.1832788567952031     
           5           6   1.3717467030479931     
           6           7  0.99694386361334253     
           7           8   1.6973700945563222     
           7           9   1.1548239729755465     
           8           9  0.13977588007061642     
           9          10  0.96999399994289737     
           9          11   1.1252989025779720     
           9          12  0.13237608230514269     
          11          12   1.8375215718089923     
           5          13   1.2196933654792197     
          13          14   1.7868532315955241     
           1          15  0.97263483094149417     
           1          16  0.95446301464705963     
           1          17  0.94957932481307250     
           3          18  0.95019556773213631     
          10          19  0.97120869394808396     
          10          20  0.96078680376844094     
          10          21  0.95983378908783445     
          14          22  0.94843809300677351     
          11          23  0.91137011692821557     
          14          24  0.95601441075259119     
           4          25  0.92017258771597688     
