   -0.05247505
    0.00687594
    0.01523432
   -0.01278059
   -0.07291702
    0.12786926
   -0.22149477
    0.02422840
    0.13219098
   -0.22443986
    0.02536048
   -0.09241698
    0.04004814
   -0.06505283
   -0.07186933
    0.00035324
   -0.12704623
    0.00437963
   -0.07200274
    0.00822127
   -0.04602248
   -0.06659316
    0.13281674
   -0.22158320
    0.02542261
    0.13328109
   -0.22393454
    0.02727732
   -0.07659816
   -0.04400506
   -0.00941608
   -0.11307300
   -0.11748318
    0.06075427
    0.05504053
    0.08385597
    0.05275609
    0.05315534
    0.08365899
    0.04968569
    0.05477015
    0.01806921
    0.05999729
    0.05584206
    0.04897906
    0.06049391
    0.06587456
    0.04492731
    0.02881366
    0.04612604
    0.06283985
    0.05115644
    0.05042094
    0.05761617
    0.05407661
    0.05629700
    0.08142218
    0.08071499
    0.04986031
    0.05380686
    0.05014541
    0.05431719
    0.02614586
    0.05745753
    0.04911012
    0.03992416
    0.03881535
    0.05549014
    0.04289069
    0.04751199
    0.05896117
    0.18586377
