           1           2  0.98810926264287746     
           2           3   1.3646297493541326     
           3           4   1.2653583575821845     
           4           5   1.1745826606063074     
           2           6   1.1697107831170355     
           5           6   1.3251958367464420     
           6           7   1.0125518329894845     
           7           8   1.6092301629635850     
           7           9   1.2239588398439478     
           8           9  0.11457432374265319     
           9          11   1.2797929917744904     
           9          12  0.10639286198954573     
          11          12   1.6499026900371141     
           5          13   1.2523137790865222     
          11          13  0.92642621949286830     
          13          14  0.98794059112782717     
           1          15  0.95023811433979910     
           1          16  0.96006777150141920     
           1          17  0.95354784077734556     
           3          18  0.95275385104898369     
          10          19  0.96412335834269292     
          10          20  0.96897413626504236     
          10          21  0.96706366649768671     
          14          22  0.95839254925698714     
          14          23  0.95925936762688324     
          14          24  0.95452032186749503     
           4          25  0.91962789967068603     
