   -0.08868392
   -0.00938856
    0.01253888
   -0.02287029
   -0.07616041
    0.11562844
   -0.22104583
    0.02805841
    0.12880064
   -0.24398165
    0.02873688
   -0.09856006
   -0.05847858
   -0.06879710
   -0.06737622
   -0.01971285
   -0.00935484
   -0.01384668
   -0.06955231
   -0.00414813
   -0.05198534
   -0.07011154
    0.12926533
   -0.23339827
    0.02869886
    0.12915944
   -0.23536298
    0.03071136
   -0.08143482
   -0.06516722
   -0.02269551
   -0.00865487
   -0.11746297
    0.04806204
    0.05118732
    0.08010716
    0.04800073
    0.04791197
    0.07712319
    0.04347643
    0.04503909
    0.05043132
    0.05661365
    0.05545378
    0.06247911
    0.07043420
    0.05100163
    0.05354409
    0.05983269
    0.06129235
    0.05023090
    0.05163124
    0.03914657
    0.05210877
    0.04838625
    0.05062011
    0.07689004
    0.07656852
    0.04337644
    0.04779780
    0.04192922
    0.06884608
    0.07487348
    0.07245279
    0.05442612
    0.05622701
    0.05816997
    0.06896692
    0.04681164
    0.05299875
    0.05475088
    0.17743248
