           1           2   1.3341032529464512     
           2           3   1.0253167157525735     
           3           4  0.96386587950770164     
           4           5   1.5446307235579624     
           5           6   1.2996184648816913     
           6           7   1.1053425398439047     
           7           8  0.98017048649995875     
           6           9   1.1370950411101730     
           9          10   1.0811557950082560     
          10          11  0.98107487548613048     
           9          12   1.5880540971385821     
          10          12  0.10465173537587331     
           4          13   1.0297634935036912     
          12          13   1.0349347114480936     
           3          14  0.96402883425330677     
          14          15  0.98713148800174555     
          15          16   1.0578253402407405     
          16          17   1.3373870363549984     
          17          18  0.99113204695198909     
          18          19  0.96576801470489704     
          19          20   1.0083501695754364     
          20          21   1.4217165870450459     
          21          22   1.4090276782890314     
          22          23   1.3944652676083826     
          23          24   1.0950836698678572     
          24          25  0.97939699325104612     
          23          26   1.2320969663948691     
          26          27   1.0895131402571976     
          27          28  0.98192429313833873     
          20          29   1.3729407246781036     
          26          29   1.4050726784443115     
          17          30   1.0023932139746941     
           3          31  0.93563570244114647     
           1          32  0.99810775398078311     
          31          32  0.98944113218708263     
          31          33   1.0122410556520047     
           5          34  0.95627321762820627     
           8          35  0.97320240794912871     
           8          36  0.97682943741933792     
           8          37  0.97292803265618288     
          11          38  0.97517898997565844     
          11          39  0.97760351994514305     
          11          40  0.97535786861131912     
          12          41  0.96450348863729496     
          13          42  0.93128967401174301     
          14          43  0.96931024101557139     
          14          44  0.97318134227702913     
          15          45  0.95991891219615533     
          15          46  0.93137587501798746     
           2          47  0.96317471546654665     
          16          48  0.96078500849073578     
          18          49  0.96625665414410100     
          18          50  0.96883809117605391     
          19          51  0.97300278472709434     
          19          52  0.97177456237053927     
          21          53  0.96874211528333398     
          22          54  0.96404657114868075     
          25          55  0.97430312763286619     
          25          56  0.97425363177661539     
          25          57  0.97764262477797470     
          28          58  0.97754804179963872     
          28          59  0.97471930392144679     
          28          60  0.97452230156880926     
          29          61  0.96320707069837186     
          30          62  0.96595811788163044     
          30          63  0.96695688647848266     
          30          64  0.97788029157120859     
          31          65  0.96826411105248322     
          13          66  0.92497981374863869     
          32          67  0.95592193160043781     
          32          68  0.96579107120895946     
          33          69  0.98528811917182801     
          33          70  0.98182870114222665     
          33          71  0.98045656313676299     
           1          72  0.94107012166696091     
