           1           2  0.98392183996152172     
           2           3   1.4038002520678545     
           3           4   1.2721224595723490     
           4           5   1.1907366261837360     
           2           6   1.1677156698922508     
           5           6   1.3526270404631942     
           6           7   1.0590046899822396     
           7           8   1.6909245921280358     
           7           9   1.1100408994612543     
           8           9  0.15122682590634701     
           9          10  0.96855886756905418     
           9          11   1.1214609692627600     
           9          12  0.13517019966181934     
          11          12   1.7135196061854299     
           5          13   1.2208143098320612     
          11          13   1.0308482173314404     
          12          13  0.12181625178027880     
          13          14  0.97394983280585667     
           1          15  0.95465351795288012     
           1          16  0.96292813704037816     
           1          17  0.95957419404702538     
           3          18  0.95189853828988702     
          10          19  0.96796732391436358     
          10          20  0.96357817180265082     
          10          21  0.96229312199465844     
          14          22  0.97063598181855681     
          14          23  0.97045432964876666     
          14          24  0.96320829547559050     
           4          25  0.91787531034220604     
