           1           2   1.2907348282996569     
           1           3  0.11674873337528624     
           2           3   1.2295737075242905     
           3           4   1.1828749458496191     
           4           5   1.2263774311256992     
           2           6   1.0785560208396794     
           5           6   1.2624522191285630     
           6           7   1.2260364495939158     
           7           8   1.1644241765445467     
           7           9   1.2585292073206920     
           9          11   1.4167589875353894     
          10          12  0.93239487928719977     
          11          12   1.1800835131907446     
           5          13   1.1578818273741764     
          11          13   1.1009931305439580     
          13          14  0.97923661796965844     
           1          15  0.96512971753144550     
           1          16  0.97020426958157935     
           8          17  0.85077705680154536     
           3          18  0.95983089027299351     
          10          19  0.96908326877727813     
          10          20  0.96709768114683825     
          10          21  0.96536915997511863     
          14          22  0.96821877285751978     
          14          23  0.96730109512642437     
          14          24  0.96855522468119304     
           4          25  0.92563551864736360     
