           1           2  0.96713349738458709     
           1           3  0.97547449826991983     
           2           3  0.96670655386049187     
           4           5   1.6767373004049320     
           2           6   1.5040896992541426     
           5           6   1.0568178256615912     
           6           7   1.0020171167040168     
           7           8   1.6829846450880748     
           7           9   1.1507496128372148     
           8           9  0.14776863340576801     
           9          10  0.97353248015206473     
           9          11   1.0799712598670912     
           9          12  0.10379973555399999     
          11          12   1.6962779903422096     
           4          13  0.12197591490961994     
           5          13   1.1226597106210616     
          11          13   1.0903159372835622     
          12          13  0.11349824389843094     
          13          14  0.97755363466428224     
           1          15  0.93966001395509091     
           1          16  0.93963132979485831     
           3          17  0.94075147538012427     
           3          18  0.93952065141112784     
          10          19  0.96405491884359740     
          10          20  0.94959628119828898     
          10          21  0.94961997465759729     
          14          22  0.95933308199361078     
          14          23  0.95985356641449959     
          14          24  0.96112637736997908     
           4          25  0.92118591792313442     
