   -0.31252046
    0.07188824
   -0.01345143
   -0.00009713
   -0.08061418
    0.13219609
   -0.23063068
    0.02725953
    0.13379972
   -0.21830798
    0.02522152
   -0.06927494
   -0.04885810
   -0.11131120
   -0.05538018
    0.00657380
    0.01757301
   -0.01880114
   -0.07075698
    0.00002803
   -0.04896300
   -0.06724746
    0.13390882
   -0.22071949
    0.02458191
    0.13346756
   -0.22351455
    0.02676003
   -0.07866413
   -0.07117394
   -0.00572064
   -0.11186187
   -0.11160249
    0.05495284
    0.05473498
    0.08124599
    0.04828552
    0.05742361
    0.08295688
    0.05192070
    0.05267134
    0.04517516
    0.06388080
    0.05953428
    0.11266574
    0.09431936
   -0.00453567
    0.08075908
    0.06859300
    0.07247913
    0.05622078
    0.05516534
    0.04530802
    0.05905904
    0.05500725
    0.05628678
    0.08283942
    0.08221024
    0.04952096
    0.05280784
    0.04839180
    0.07665410
    0.08000915
    0.08049827
    0.04162649
    0.07127132
    0.03927136
    0.05035843
    0.06414868
    0.02522026
    0.05210409
    0.13517136
