   -0.27002027
    0.10122827
    0.00627400
    0.00184371
   -0.08045209
    0.12833553
   -0.23237197
    0.02826671
    0.12724620
   -0.23104907
    0.02755108
   -0.07526066
   -0.05351203
   -0.06420901
   -0.06859813
    0.00436064
    0.00644196
   -0.01743282
   -0.06679507
    0.01737563
   -0.02605982
   -0.09786878
    0.08338368
   -0.18773929
    0.01837603
    0.11947269
   -0.23976659
    0.03126100
   -0.06436304
   -0.06960145
   -0.00718702
   -0.11833793
   -0.11845787
    0.05123968
    0.05315446
    0.08017516
    0.04609175
    0.05441507
    0.08012086
    0.04657402
    0.05117063
    0.03877889
    0.05941378
    0.05272981
    0.06531939
    0.07752182
    0.00576337
    0.06767113
    0.06564343
    0.07140180
    0.05736726
    0.05286004
    0.05441907
    0.08965959
    0.06024141
    0.06309477
    0.08829334
    0.08018515
    0.04512023
    0.04786714
    0.05623449
    0.07384668
    0.08003253
    0.07729843
    0.03626329
    0.06824611
    0.03503986
    0.05039148
    0.06081830
    0.03389096
    0.05350614
    0.15580449
