           1           2   1.9556958919198846     
           2           3  0.99459180532336677     
           3           4  0.97003056371972718     
           4           5   1.3670914144256472     
           5           6   1.4028332908486196     
           6           7   1.0962254183966402     
           7           8  0.97854027086572803     
           6           9   1.2245745852197738     
           9          10   1.0982526779504587     
          10          11  0.97822712918772692     
           9          12   1.3940960287220061     
           4          13   1.4161135204139563     
          12          13   1.4009518640731939     
           3          14  0.95687655873012301     
          14          15  0.98079615894952044     
          15          16   1.0593328203701886     
          16          17   1.3881740403999308     
          17          18  0.99004128224033894     
          18          19  0.96709434145852879     
          19          20  0.98696404720248743     
          20          21   1.1486030673331811     
          21          22   2.7578778192997824     
          23          24   1.1583094171215371     
          24          25  0.97197868712905788     
          23          26   1.4701556705337724     
          26          27   1.0665616137843823     
          27          28  0.98496844668277483     
          20          29   1.5994789201515012     
          26          29   1.1791106229021648     
          17          30  0.99880956523478137     
           3          31  0.94288052799857247     
          31          32   1.0083943877817525     
          31          33   1.0089908572136332     
           5          34  0.95804713495260918     
           8          35  0.97386861977280359     
           8          36  0.97680837861784320     
           8          37  0.97369938008130097     
          11          38  0.97364712612504323     
          11          39  0.97706466081233501     
          11          40  0.97394872404656052     
          12          41  0.96383808686528472     
          13          42  0.96260565303917567     
          14          43  0.96866354165842172     
          14          44  0.97257513251767758     
          15          45  0.96149634211847190     
          15          46  0.92828571837015417     
           2          47  0.90096204459589102     
          16          48  0.95776918923077281     
          18          49  0.96572853504604472     
          18          50  0.96431160794378346     
          19          51  0.96550850342538386     
          19          52  0.97227734573541869     
          23          53  0.95383980165312932     
          22          54  0.96886022802336169     
          25          55  0.97308320145237925     
          25          56  0.97191070823225334     
          25          57  0.97721477499391918     
          28          58  0.97486177353148351     
          28          59  0.97347031136778295     
          28          60  0.97099213381045102     
          29          61  0.95326986383275825     
          30          62  0.96604528939804402     
          30          63  0.96130792691292777     
          30          64  0.97770021556400488     
          31          65  0.96045000845411588     
          32          66  0.97464324054881479     
          32          67  0.98205620485040290     
          32          68  0.98167229860682204     
          33          69  0.97673937466316407     
          33          70  0.98317585266014873     
          33          71  0.98050561581783369     
           1          72  0.94217606906526219     
