           1           2   1.0873414693862429     
           2           3  0.10056750140300116     
           3           4   1.6254717306129067     
           4           5   1.0831422915494215     
           2           6   1.5387326615797483     
           5           6   1.2223987429314929     
           6           7  0.93880002563166709     
           7           8   1.7151679608780053     
           7           9   1.1516196309633964     
           8           9  0.14064209021488830     
           9          10  0.96211792518626615     
           9          11   1.1063517307234494     
           9          12  0.12231777255339377     
          11          12   1.7021416032993253     
           5          13   1.2197509834792559     
          11          13   1.0463375177001879     
          12          13  0.10862520705042361     
          13          14  0.97822108650574457     
           1          15  0.90071189687004583     
           1          16  0.94506482155595728     
           1          17  0.90007610961706896     
           3          18  0.85550171921492402     
          10          19  0.96715500991762537     
          10          20  0.95689523284180267     
          10          21  0.95986290038741262     
          14          22  0.95858570662098141     
          14          23  0.96253230396799094     
          14          24  0.95559629624135678     
           4          25  0.87501444573937204     
