           1           2   2.2480186343186483     
           3           4   1.0379477995428790     
           4           5   1.3614554417494127     
           5           6   1.3971926121389715     
           6           7   1.1048166393333898     
           7           8  0.97666628186455196     
           6           9   1.2174184191195299     
           9          10   1.1019891687300656     
          10          11  0.97877832617895000     
           9          12   1.3805061324336017     
           4          13   1.3805281924291368     
          12          13   1.4185321712426340     
           3          14   1.8312204394215184     
          15          16   1.7304861098269466     
          16          17   1.2015674325669212     
          17          18   1.0068584362379280     
          18          19  0.95967958774096274     
          19          20   1.0150185153448406     
          20          21   1.3948618297806179     
          21          22   1.4237209626759408     
          22          23   1.3765594104785055     
          23          24   1.1118284650785510     
          24          25  0.97588860479298900     
          23          26   1.2145165497452370     
          26          27   1.1063120196459342     
          27          28  0.97789784056324236     
          20          29   1.3824871638797367     
          26          29   1.3905937122810066     
          17          30   1.0072230948939478     
           3          31  0.99319643612177899     
          31          32  0.98504982498469074     
          31          33   1.0082962656875614     
           5          34  0.95865076814379213     
           8          35  0.97282403975489040     
           8          36  0.97668968921902599     
           8          37  0.97236798954260784     
          11          38  0.97286578759479481     
          11          39  0.97672662750165440     
          11          40  0.97331113776362188     
          12          41  0.96224346028168706     
          13          42  0.96796213295043587     
          14          43  0.96922358389422580     
          14          44  0.96791011832040563     
          15          45  0.97390345320345917     
          15          46  0.97704404444676096     
           2          47  0.88909994853422947     
          16          48  0.95713870285639591     
          18          49  0.96712796115348965     
          18          50  0.96819433746333250     
          19          51  0.97011193660424366     
          19          52  0.97164617564060884     
          21          53  0.96754151374638331     
          22          54  0.96273161939832208     
          25          55  0.97189094572774348     
          25          56  0.97178878129353352     
          25          57  0.97662139909527523     
          28          58  0.97665126204091246     
          28          59  0.97264783419489598     
          28          60  0.97249800093035388     
          29          61  0.96176263891833502     
          30          62  0.96701078400168927     
          30          63  0.96549820292576882     
          30          64  0.98035423567318913     
          31          65  0.94737376643251092     
          32          66  0.98482873781794367     
          32          67  0.98456402387467690     
          32          68  0.98233100961765163     
          33          69  0.98317926595783112     
          33          70  0.98378503897498626     
          33          71  0.98264213498632202     
           1          72  0.90137683062389073     
