   -0.27115813
    0.10140324
    0.00625122
    0.00138099
   -0.08089859
    0.12824121
   -0.23232335
    0.02836146
    0.12751432
   -0.23081190
    0.02735844
   -0.07489172
   -0.05347197
   -0.06410701
   -0.06913697
    0.00537829
    0.01144103
   -0.01759402
   -0.07009829
    0.02394712
   -0.03969174
   -0.07376192
    0.10577376
   -0.21563737
    0.02144070
    0.10563519
   -0.18809845
    0.02431145
   -0.08808640
   -0.07170071
   -0.00700425
   -0.11845825
   -0.11845217
    0.05107847
    0.05301317
    0.08008767
    0.04568073
    0.05431526
    0.08002933
    0.04743249
    0.05181956
    0.03943786
    0.05954600
    0.05294917
    0.06564365
    0.07797788
    0.00380853
    0.06736866
    0.07010085
    0.06665727
    0.05468371
    0.05851324
    0.04474120
    0.05251580
    0.08105162
    0.05906184
    0.05871283
    0.08122603
    0.06017241
    0.05688752
    0.06244339
    0.07487683
    0.08076120
    0.08070776
    0.03610525
    0.06820103
    0.03507054
    0.05042713
    0.06089062
    0.03398328
    0.05353031
    0.15543469
