           1           2   1.9551294746748273     
           2           3  0.99435238973447970     
           3           4  0.97057059000600365     
           4           5   1.3669697186671295     
           5           6   1.4026244940364214     
           6           7   1.0960132404321270     
           7           8  0.97884713439600746     
           6           9   1.2244705753415583     
           9          10   1.0987865048263417     
          10          11  0.97800694168329760     
           9          12   1.3938968915148369     
           4          13   1.4146016367081238     
          12          13   1.4010954747516027     
           3          14  0.95787084491226493     
          14          15  0.97876171893082153     
          15          16   1.0591245135863536     
          16          17   1.3996466166255668     
          17          18  0.98904142674073847     
          18          19  0.97090425262981284     
          19          20  0.98323050095506703     
          20          21   1.5924740044775374     
          21          22   1.2019192838169901     
          22          23   1.6141468341458136     
          23          24   1.1535931252973524     
          24          25  0.96949498725464900     
          26          27   1.1925399914067327     
          27          28  0.93679920521530979     
          20          29   1.1743957678131147     
          26          29   2.5040836060537597     
          27          29  0.13518347422652160     
          17          30  0.99811558043787918     
           3          31  0.94171312935454810     
          31          32   1.0084162534286349     
          31          33   1.0089380627889886     
           5          34  0.95816726582140643     
           8          35  0.97372777507845942     
           8          36  0.97684432711809932     
           8          37  0.97384449782412785     
          11          38  0.97369678632765932     
          11          39  0.97708880480502402     
          11          40  0.97383613853666029     
          12          41  0.96377799517742324     
          13          42  0.96278920558262959     
          14          43  0.96838689826975310     
          14          44  0.97259925770726530     
          15          45  0.96174915352234958     
          15          46  0.92965555233118491     
           2          47  0.90475225648241242     
          16          48  0.95793671778191303     
          18          49  0.95965774939432424     
          18          50  0.96887118740025602     
          19          51  0.97192449751634236     
          19          52  0.96440524203881617     
          21          53  0.96379653842612412     
          22          54  0.95942736128108774     
          25          55  0.97807672576448801     
          25          56  0.97238645414195113     
          25          57  0.97364164257211105     
          28          58  0.97848254791133038     
          28          59  0.97768798145198255     
          28          60  0.97879713129029799     
          23          61  0.94736883630081914     
          30          62  0.96597529688660089     
          30          63  0.95934865436968220     
          30          64  0.97672795773201582     
          31          65  0.96092939147912515     
          32          66  0.97462881990895922     
          32          67  0.98204701631389668     
          32          68  0.98161218208616974     
          33          69  0.97673787190112760     
          33          70  0.98323676840463969     
          33          71  0.98040882325232248     
           1          72  0.94244113257564810     
