           1           2  0.98436231355571702     
           2           3   1.3861790813193684     
           3           4   1.2885270190918314     
           4           5   1.1659259377524898     
           2           6   1.1651025135131392     
           5           6   1.3392524134195789     
           6           7   1.0739264910634883     
           7           8   1.6758539131125825     
           7           9   1.0809067779474331     
           8           9  0.13797510708699925     
           9          10  0.96225352531663222     
           9          11   1.1704449368717407     
           9          12  0.15138318679923768     
          11          12   1.7295003842509720     
           5          13   1.1639653514257706     
          11          13  0.93038885467830168     
          13          14   1.3036952966001913     
           1          15  0.95439389093547666     
           1          16  0.96286248021333842     
           1          17  0.95890778388583220     
           3          18  0.95136965221319736     
          10          19  0.96750389765122036     
          10          20  0.96597336261234512     
          10          21  0.96548106888698737     
          14          23  0.96895844755112548     
          14          24  0.95745934353605322     
           4          25  0.91796745931135248     
