           1           2   1.9459326033014528     
           2           3  0.99526118288970822     
           3           4  0.96717797510645309     
           4           5   1.3755450014451163     
           5           6   1.3872516213557742     
           6           7   1.0546426298699179     
           7           8  0.97580745818029391     
           6           9   1.2961882602486920     
           9          10  0.76599899437808461     
          10          11  0.90739049976288588     
           5          12  0.10213585946260319     
           9          12   1.4508292498858208     
           4          13   1.4177720937719653     
          12          13   1.3634672467803974     
           3          14  0.95635603092381527     
          14          15  0.98053961660269906     
          15          16   1.0565283999885031     
          16          17   1.3661696616202346     
          17          18  0.99091686449711203     
          18          19  0.96700802988956991     
          19          20   1.0076727451672265     
          20          21   1.4199941681043207     
          21          22   1.4109772805534240     
          22          23   1.3922701932243760     
          23          24   1.0974467995628765     
          24          25  0.97872457038151528     
          23          26   1.2311702325057992     
          26          27   1.0902285291685569     
          27          28  0.98204708562853127     
          20          29   1.3748078873850336     
          26          29   1.4034310805458372     
          17          30   1.0003495497601771     
           3          31  0.94538255458313081     
          31          32   1.0088316433967921     
          31          33   1.0088973078344958     
           5          34  0.95732357239058907     
           8          35  0.97682436616045554     
           8          36  0.97856539507449614     
           8          37  0.97729401147131356     
          11          38  0.97893765506398833     
          11          39  0.96841325846822102     
          11          40  0.97594571563686139     
          10          41  0.83366408468046960     
          13          42  0.95718868890914699     
          14          43  0.96926783956446594     
          14          44  0.97294101762262208     
          15          45  0.96356656594197387     
          15          46  0.93423749093372122     
           2          47  0.90751635859607260     
          16          48  0.95948830096389770     
          18          49  0.96423098118086958     
          18          50  0.96844772615996577     
          19          51  0.97265996362588247     
          19          52  0.97190802510440122     
          21          53  0.96866107376957655     
          22          54  0.96383459633544843     
          25          55  0.97404920922584792     
          25          56  0.97400200995810660     
          25          57  0.97754400121598395     
          28          58  0.97750004295461768     
          28          59  0.97457829270709639     
          28          60  0.97443432145484454     
          29          61  0.96305652879150727     
          30          62  0.96871338767214032     
          30          63  0.95838092180647250     
          30          64  0.97824375119895679     
          31          65  0.96273241718544900     
          32          66  0.97651135645360809     
          32          67  0.98331350635924308     
          32          68  0.98359206921346054     
          33          69  0.97813708267430433     
          33          70  0.98423092624375574     
          33          71  0.98179570697257679     
           1          72  0.94486306888301452     
