           1           2  0.96829582075090115     
           1           3  0.96610240429643268     
           2           3  0.96625785635161265     
           4           5   1.6260063089184054     
           2           6   1.3784556254613165     
           5           6   1.0910585515478453     
           6           7   1.0477418661936471     
           7           8   1.6413115246676464     
           7           9   1.1124082778137019     
           8           9  0.11877924523419636     
           9          10  0.97968377552647634     
           9          11   1.0974908149002207     
           9          12  0.10219698346927863     
          11          12   1.6576686300837453     
           5          13   1.1049427114592516     
          11          13   1.0972697873719328     
          12          13  0.10760321934232103     
          13          14  0.98218586275783404     
           1          15  0.93830583280840119     
           3          16  0.94092472548805128     
           1          17  0.93974376621537214     
           3          18  0.93890309811671813     
          10          19  0.95141595124548084     
          10          20  0.93782493100168174     
          10          21  0.94026401783929914     
          14          22  0.95117527801407609     
          14          23  0.95213437200118001     
          14          24  0.95171558256030309     
           4          25  0.91854644682166309     
