   -0.20923972
    0.10377092
   -0.02738042
    0.01230226
   -0.08200687
    0.12753387
   -0.23492993
    0.02975141
    0.13049914
   -0.22520752
    0.02620092
   -0.06715992
   -0.04991644
   -0.05154350
   -0.06532278
   -0.00186893
   -0.11907547
    0.00288667
   -0.07116607
    0.00957288
   -0.04466577
   -0.06591895
    0.13343033
   -0.22018944
    0.02502347
    0.13384703
   -0.22291981
    0.02700857
   -0.07646965
   -0.04461034
   -0.02267255
   -0.10862582
   -0.10951376
    0.05161695
    0.04544629
    0.07982240
    0.04854514
    0.05393248
    0.08091068
    0.05350010
    0.05570250
    0.04319813
    0.05411805
    0.04281211
    0.05123276
    0.05290066
    0.03393065
    0.04634222
    0.03397908
    0.04747592
    0.06004530
    0.05381784
    0.05233927
    0.05861978
    0.05493028
    0.05690661
    0.08168629
    0.08086746
    0.05070132
    0.05399269
    0.05101669
    0.05273358
    0.03337269
    0.05744564
    0.05455989
    0.05440767
    0.07328900
    0.08458237
    0.05789848
    0.07102828
    0.08896326
    0.19990567
