           1           2   2.0192403010612936     
           3           4   1.2196331956398947     
           4           5   1.3107333015603515     
           3           6   1.5378624957306533     
           6           7   1.0213128067704706     
           7           8   1.7156726800273228     
           7           9   1.0907189790570540     
           8           9  0.13111105654130958     
           9          10  0.97384418700090059     
           9          11   1.1528969019642132     
           9          12  0.14450727124532428     
          11          12   1.7415366866337707     
           5          13   1.2875715130350496     
           6          13   1.1209727559870946     
          11          13  0.94187798123605737     
           5          14   1.0606315750628916     
           1          15  0.94198427770988169     
           2          16  0.92326460833841284     
           1          17  0.91868376039618638     
           3          18  0.94538806749655047     
          10          19  0.97098518010262946     
          10          20  0.96618483855153481     
          10          21  0.96500663977466949     
          14          22  0.94060802655193543     
          14          23  0.93578243134155614     
          14          24  0.96448031175735038     
           4          25  0.91870235118450616     
