           1           2   1.7879423798417347     
           3           4   1.4681496352762236     
           4           5   1.1425434662617953     
           2           6   1.2132794570858016     
           5           6   1.3340176748094272     
           6           7   1.0165912023948716     
           7           8   1.6771202681198334     
           7           9   1.1247396491157065     
           8           9  0.13027712455673307     
           9          10  0.96692089840574058     
           9          11   1.1209914324255805     
           9          12  0.12641272358015715     
          11          12   1.6926885454149838     
           5          13   1.1822087231274838     
          11          13   1.0544205078169988     
          12          13  0.11893941878193152     
          13          14  0.97977365895035695     
           3          15  0.94245054598985012     
           1          16  0.94113420253673552     
           1          17  0.89858545326307215     
           3          18  0.96212790660089254     
          10          19  0.96670773271458155     
          10          20  0.95790774333387740     
          10          21  0.95852909471135939     
          14          22  0.96183126293807009     
          14          23  0.96587468082335648     
          14          24  0.95352930896867283     
           4          25  0.89109221059001598     
