           1           2  0.98931390207122827     
           2           3   1.3461150234520727     
           3           4   1.2501057349484495     
           4           5   1.1900964398697642     
           2           6   1.1452211501724847     
           5           6   1.3119419410793591     
           6           7   1.1219674116832377     
           7           8   1.6560102485990607     
           7           9  0.98164324458571084     
           9          10   1.3248426611765181     
           9          11   1.0224356986027157     
          11          12   1.6897808784782438     
           5          13   1.1854195372704297     
          11          13   1.0818435909060995     
          12          13  0.12406776514318714     
          13          14  0.97337676650616767     
           1          15  0.95268798708547309     
           1          16  0.96136416547560311     
           1          17  0.95829622429092098     
           3          18  0.95392374223606380     
          10          19  0.95176703647485517     
          10          21  0.95554570942400341     
          14          22  0.96737292125859198     
          14          23  0.96614744412259357     
          14          24  0.96148253694868524     
           4          25  0.91989952634286576     
