           1           2  0.98666004006277275     
           2           3   1.6026317014354805     
           2           6   1.1091674316213205     
           5           6   1.3929118245597634     
           6           7  0.99515838842719262     
           7           8   1.6583494810879160     
           7           9   1.1446143022468120     
           8           9  0.13481518406230800     
           9          10  0.96384265781226097     
           9          11   1.0978635395337815     
           9          12  0.12160105235174096     
          11          12   1.6923418777356238     
           5          13   1.8424274230545530     
          11          13   1.0251890523935014     
          12          13  0.10137575944849873     
           4          14   2.0654148263089018     
           1          15  0.95043674011708901     
           1          16  0.97176517519339622     
           1          17  0.94222098107637919     
           3          18  0.95994828117816144     
          10          19  0.96229433840008149     
          10          20  0.96281911089905026     
          10          21  0.96362567391530063     
          14          22  0.91921051756365779     
          14          23  0.86819908719606920     
           4          24  0.90997871753030257     
           3          25  0.95746121913418991     
