   -0.28156518
    0.07301649
    0.01241163
   -0.04393532
   -0.06768631
    0.13583586
   -0.21928012
    0.02530018
    0.13634671
   -0.21851271
    0.02467429
   -0.06605563
   -0.03851874
   -0.06094910
   -0.06245144
    0.01068583
   -0.03886045
   -0.00896184
   -0.07124295
    0.00742152
   -0.04461962
   -0.06557313
    0.13540848
   -0.21531106
    0.02337451
    0.13560925
   -0.21816132
    0.02520796
   -0.07694576
   -0.06231776
   -0.00234413
   -0.11793231
   -0.10852513
    0.05196216
    0.05709353
    0.08341523
    0.05373733
    0.05807175
    0.08357265
    0.05471185
    0.05610350
    0.04542297
    0.06128956
    0.05540412
    0.05227269
    0.04797212
    0.01657620
    0.05338331
    0.05798363
    0.06055749
    0.05408601
    0.05595343
    0.05092825
    0.06090782
    0.05776218
    0.05861099
    0.08467586
    0.08399336
    0.05277677
    0.05574059
    0.05198819
    0.06117600
    0.06932821
    0.06590463
    0.04125277
    0.08323518
    0.03631712
    0.05050610
    0.06434534
    0.04317456
    0.05734970
    0.15491414
