           1           2   1.6240963683168468     
           2           3   1.3200257320547280     
           4           5   1.4147856708898667     
           5           6   1.3800019688519891     
           6           7   1.1122362081430976     
           7           8  0.97621908458644646     
           6           9   1.2128851045584266     
           9          10   1.1133154132853438     
          10          11  0.97594921867928996     
           9          12   1.3794652276187360     
           4          13   1.4223951418437499     
          12          13   1.4167228360415234     
           3          14   1.0156189386959904     
          14          15  0.98581860793938036     
          15          16   1.6646721438957361     
          16          17   1.2194116783953890     
          17          18   1.0038824495947052     
          18          19  0.96017152208851775     
          19          20   1.0150559897887916     
          20          21   1.3947975461845139     
          21          22   1.4223053309189715     
          22          23   1.3753690937626182     
          23          24   1.1171532161433000     
          24          25  0.97466668316551153     
          23          26   1.2085094786335286     
          26          27   1.1115641258165696     
          27          28  0.97685718837502789     
          20          29   1.3805065992590870     
          26          29   1.3906169488901192     
          17          30   1.0060908826236659     
           3          31   1.0302513188978146     
          31          32  0.98706105674738687     
          31          33  0.95936764425545573     
           5          34  0.96360548640699384     
           8          35  0.97163133086603859     
           8          36  0.97642459404497539     
           8          37  0.97187664563544440     
          11          38  0.97135220356719598     
          11          39  0.97638930402047952     
          11          40  0.97160243315657513     
          12          41  0.96311791803427305     
          13          42  0.96885358956808121     
          14          43  0.96391486998192966     
          14          44  0.95719738795601417     
           4          45  0.95900270655382047     
          15          46  0.96168022150156662     
           2          47  0.92490228795202467     
          16          48  0.95320246838009837     
          18          49  0.96686529872156346     
          18          50  0.96794232656073365     
          19          51  0.97277880397110383     
          19          52  0.96847862454708311     
          21          53  0.96692385834548789     
          22          54  0.96234274197702785     
          25          55  0.97092654312803717     
          25          56  0.97147054198831517     
          25          57  0.97623686263357401     
          28          58  0.97632446275140605     
          28          59  0.97222823386684931     
          28          60  0.97177823318771184     
          29          61  0.96192604904413670     
          30          62  0.96670025425273365     
          30          63  0.96592439543305020     
          30          64  0.97958323353122867     
          31          65  0.95606227168674085     
          32          66  0.96280473883781548     
          32          67  0.98118955971975108     
          32          68  0.97988397218158829     
          33          69  0.98021995891230262     
          33          70  0.98517724637396131     
          33          71  0.97726369683591074     
           1          72  0.94445697543887563     
