           1           2   1.9570742583627239     
           2           3  0.99505240089880664     
           3           4  0.96788342151539342     
           4           5   1.3679594753818167     
           5           6   1.4016981660287664     
           6           7   1.0991006187834496     
           7           8  0.97822567480751976     
           6           9   1.2211961116657424     
           9          10   1.1022725780804392     
          10          11  0.97723183101114597     
           9          12   1.3916604966526729     
           4          13   1.4142322065110100     
          12          13   1.4047046367510641     
           3          14  0.95824535707507297     
          14          15  0.98436937662673030     
          15          16   1.0581723968213219     
          16          17   1.3648054028663661     
          17          18   1.0042933096151021     
          18          19  0.91756524598719502     
          19          20   1.1320609907767414     
          20          21   1.9095339892748702     
          21          22   1.0790155448241174     
          22          23   1.6091385659101951     
          22          24  0.10243475429954553     
          23          24   1.1147697561197503     
          24          25  0.96938644666898666     
          23          26  0.94841167129629855     
          26          27   1.0382394759195392     
          27          28  0.98172860521709560     
          26          29   1.8144751370728849     
          27          29  0.10338464816461523     
          17          30  0.99880468091080588     
           3          31  0.94204497531808806     
          31          32   1.0083921532303111     
          31          33   1.0090255129526660     
           5          34  0.95735928263099357     
           8          35  0.97344363760852171     
           8          36  0.97666914677996286     
           8          37  0.97343805774003023     
          11          38  0.97336894479140534     
          11          39  0.97688648464859906     
          11          40  0.97342658377374691     
          12          41  0.96367378790535074     
          13          42  0.96263136131307303     
          14          43  0.96896534634309750     
          14          44  0.97184831004404704     
          15          45  0.96078392864041184     
          15          46  0.92673829036185018     
           2          47  0.89639113879978638     
          16          48  0.95842368751305151     
          18          49  0.95728599740558051     
          18          50  0.96784417117473753     
          19          51  0.92460511638229759     
          19          52  0.94355235643729340     
          21          53  0.88201328670716195     
          22          54  0.94983774345659788     
          25          55  0.97378962321895524     
          25          56  0.97170733471449000     
          25          57  0.97605414919337830     
          28          58  0.97925488940905803     
          28          59  0.97334481127568129     
          28          60  0.96992693231524596     
          29          61  0.95360847210429855     
          30          62  0.96589571492861770     
          30          63  0.96569584009169462     
          30          64  0.97643955205041755     
          31          65  0.95986680815167724     
          32          66  0.97356781787432167     
          32          67  0.98172868129135027     
          32          68  0.98126035628213937     
          33          69  0.97705242881672816     
          33          70  0.98281962886828944     
          33          71  0.98022948628508833     
           1          72  0.94134539152142360     
