           1           2  0.93594997542409064     
           2           3   1.0607072870001475     
           3           4   1.8809519021222791     
           2           6   1.3643296943270737     
           5           6   1.5579715737693778     
           5           7  0.87758947728548897     
           7           8   1.7097796697984378     
           7           9   1.1803229400493662     
           8           9  0.13432651012533542     
           9          10  0.97426748790766660     
           9          11   1.0573224586420467     
           9          12  0.10585587452053985     
          11          12   1.7197056590498891     
           5          13   1.1449330916936968     
          11          13   1.0787097598729474     
          12          13  0.10559002165026427     
          13          14  0.99332857374238248     
           1          15  0.95283561564315844     
           1          16  0.95152804171280048     
           1          17  0.94975173440065730     
           3          18  0.92418147639267534     
          10          19  0.96879449901869796     
          10          20  0.95098447877228320     
          10          21  0.95183291318316843     
          14          22  0.95440135763019018     
          14          23  0.95422620557909221     
          14          24  0.96484507883496207     
           4          25  0.92172793446659562     
