           1           2   1.9820402367346435     
           2           3  0.99498421726928510     
           3           4  0.96553982055775123     
           4           5   1.3726467681783228     
           5           6   1.3942909910565102     
           6           7   1.1084824338501038     
           7           8  0.97575099013477051     
           6           9   1.2137165357169992     
           9          10   1.1099750395847976     
          10          11  0.97568572185583624     
           9          12   1.3845829035392305     
           4          13   1.4062745583753293     
          12          13   1.4109406477316975     
           3          14  0.95513930810265091     
          14          15  0.99297443580681855     
          15          16   1.0528220669581918     
          16          17   1.5617843217924756     
          17          18  0.97619030076127689     
          18          19  0.97624146458952810     
          19          20   1.0305308436872616     
          20          21   1.3718796615365201     
          21          22   1.4368187652727604     
          22          23   1.3651178646399011     
          23          24   1.1231838028582322     
          24          25  0.97341532759007654     
          23          26   1.2054726024491358     
          26          27   1.1154113494285443     
          27          28  0.97553443349635405     
          20          29   1.3745337225956433     
          26          29   1.3875028321653788     
          17          30  0.96976524244218443     
           3          31  0.93278654297993902     
          31          32   1.0088622312894739     
          31          33   1.0094177136872431     
           5          34  0.95693224570889623     
           8          35  0.97237441870213048     
           8          36  0.97608483280707836     
           8          37  0.97219424604120863     
          11          38  0.97246457837169409     
          11          39  0.97630636958598194     
          11          40  0.97232238060793419     
          12          41  0.96320829727104540     
          13          42  0.96284222991759316     
          14          43  0.96959900037702462     
          14          44  0.97107287724639313     
          15          45  0.93657397531605735     
          15          46  0.92692141338126643     
           2          47  0.73029006012637510     
          16          47  0.20208886237683787     
          18          49  0.96015672634725879     
          18          50  0.96768339996807851     
          19          51  0.79642214883962326     
          48          51  0.16227434972548846     
          19          52  0.96871295778280941     
          21          53  0.96593733875600707     
          22          54  0.96199782311424287     
          25          55  0.97078154199437916     
          25          56  0.97076286214612906     
          25          57  0.97602680662877206     
          28          58  0.97610023978837046     
          28          59  0.97187858811681227     
          28          60  0.97131817232070705     
          29          61  0.96090435742952007     
          30          62  0.96819579813689893     
          30          63  0.96983339145114356     
          30          64  0.97740907822056577     
          31          65  0.95575951558909877     
          32          66  0.97185598273208129     
          32          67  0.98099610319668729     
          32          68  0.97955655472261061     
          33          69  0.97836618076477366     
          33          70  0.98171745000742328     
          33          71  0.97884158291881274     
           1          72  0.93083232602678656     
