   -0.29009893
    0.09554362
    0.01490539
    0.00242682
   -0.08113025
    0.12865733
   -0.22842329
    0.02656036
    0.13086391
   -0.22498352
    0.02553738
   -0.07106019
   -0.04847458
   -0.03359451
   -0.07691320
    0.03490625
   -0.12085323
    0.00094048
   -0.07123271
    0.00645521
   -0.04533460
   -0.06611824
    0.13427555
   -0.21809201
    0.02435091
    0.13445802
   -0.22100895
    0.02631177
   -0.07700463
   -0.04606748
    0.04083102
   -0.12031092
   -0.12519825
    0.05735317
    0.05243788
    0.08289810
    0.04922290
    0.05506915
    0.08246898
    0.05278513
    0.05659623
    0.04412068
    0.04915143
    0.00929403
    0.05989526
    0.05246969
    0.04534640
    0.03902730
    0.04956491
    0.04678903
    0.04797058
    0.05236049
    0.04786906
    0.05902025
    0.05587614
    0.05763040
    0.08327325
    0.08256142
    0.05129073
    0.05480443
    0.05091963
    0.04571117
    0.05545258
    0.05622276
   -0.00337467
    0.09541044
    0.06799181
    0.07254740
    0.11760252
    0.06411500
    0.07449359
    0.16463621
