   -0.26972705
    0.10126073
    0.00634727
    0.00187185
   -0.08025062
    0.12890162
   -0.23147812
    0.02805582
    0.12778577
   -0.23028659
    0.02747872
   -0.07502046
   -0.05367302
   -0.06445035
   -0.06869348
    0.00538352
    0.00766674
   -0.01461797
   -0.06889791
    0.00578893
   -0.03989227
   -0.12403417
    0.10897292
   -0.09994855
    0.04777228
    0.13649417
   -0.23230482
    0.02848603
   -0.08428703
   -0.06937562
   -0.00726469
   -0.11843226
   -0.11840888
    0.05146698
    0.05325803
    0.08048951
    0.04665700
    0.05436722
    0.08037533
    0.04703261
    0.05095413
    0.03805759
    0.05966572
    0.05326212
    0.06558454
    0.07869741
    0.00524974
    0.06815599
    0.06534002
    0.06760359
    0.05700228
    0.05606269
    0.05126405
    0.01503968
    0.00235864
    0.08775898
    0.09775277
    0.08090394
    0.04845206
    0.05222911
    0.04627650
    0.07514071
    0.07948776
    0.07787205
    0.03655617
    0.06854408
    0.03500214
    0.05047986
    0.06050682
    0.03422341
    0.05386878
    0.15577751
