           1           2   1.9555260259372735     
           2           3  0.99492812271173670     
           3           4  0.96975005202557396     
           4           5   1.3675788721896303     
           5           6   1.4022968916212126     
           6           7   1.0974272987483116     
           7           8  0.97831082262800628     
           6           9   1.2237062770195706     
           9          10   1.0992220790484573     
          10          11  0.97802079935109043     
           9          12   1.3936938432643318     
           4          13   1.4154252391683266     
          12          13   1.4016970373603350     
           3          14  0.95703275359344731     
          14          15  0.98115524967406387     
          15          16   1.0594248118548402     
          16          17   1.3913677553398860     
          17          18  0.98958333887056793     
          18          19  0.96591761735724058     
          19          20   1.0048994224639127     
          20          21   1.3487233824691105     
          21          22   1.4632736693702224     
          22          23   1.3537305192826616     
          23          24   1.0415576657060515     
          24          25   1.2902826260317541     
          23          26   1.2044634798848612     
          26          27   1.1038683918734582     
          27          28  0.97384034065560032     
          20          29   1.3943948400566915     
          26          29   1.3844200173919032     
          17          30  0.99840630127828600     
           3          31  0.94247360574620909     
          31          32   1.0083614050277667     
          31          33   1.0090076597991022     
           5          34  0.95786687785879732     
           8          35  0.97377353436047609     
           8          36  0.97675455279523482     
           8          37  0.97360589671836306     
          11          38  0.97366998361356083     
          11          39  0.97701369684049089     
          11          40  0.97381090503291456     
          12          41  0.96387884506079846     
          13          42  0.96265341866470810     
          14          43  0.96859621259135587     
          14          44  0.97242659252640806     
          15          45  0.96144510305580821     
          15          46  0.92769125027237154     
           2          47  0.90061858318722510     
          16          48  0.95758338042527291     
          18          49  0.96381151160373091     
          18          50  0.96797507276465555     
          19          51  0.97206496614484916     
          19          52  0.96892963870631632     
          21          53  0.95702654545654997     
          54          55  0.94422049934578201     
          25          56  0.95808852615737705     
          25          57  0.96582170872283402     
          28          58  0.97672618299106051     
          28          59  0.97483481575316266     
          28          60  0.97443449866975762     
          29          61  0.95966495729660373     
          30          62  0.96647196830817095     
          30          63  0.96135846000659975     
          30          64  0.97769538545925372     
          31          65  0.96029768787591818     
          32          66  0.97440730277018661     
          32          67  0.98197960039356424     
          32          68  0.98159520851965154     
          33          69  0.97676074693170345     
          33          70  0.98312503506765136     
          33          71  0.98034307738550497     
           1          72  0.94219099211029000     
