   -0.27278656
    0.09775242
    0.00518689
   -0.00802071
   -0.07367687
    0.08024009
   -0.07376735
   -0.00061230
    0.13323463
   -0.24186385
    0.02713897
   -0.09006104
   -0.04904807
   -0.06588034
   -0.06753493
   -0.00068182
    0.00315843
   -0.01535947
   -0.07000702
   -0.00163303
   -0.04974555
   -0.06822845
    0.13217023
   -0.22558199
    0.02613000
    0.13175874
   -0.22826999
    0.02845263
   -0.08016084
   -0.06849688
   -0.00735369
   -0.12063947
   -0.11782148
    0.06136775
    0.07759117
    0.08465252
    0.05315323
    0.05516008
    0.08012755
    0.04884282
    0.05023986
    0.04109342
    0.05418510
    0.05394930
    0.06159561
    0.07406383
    0.00795846
    0.06527992
    0.06494965
    0.06621441
    0.05321108
    0.05368500
    0.04326048
    0.05660924
    0.05245392
    0.05414618
    0.08056309
    0.08004472
    0.04677402
    0.05060850
    0.04504185
    0.07171576
    0.07767358
    0.07741685
    0.03121711
    0.07163010
    0.03394318
    0.04905882
    0.05955250
    0.03362423
    0.05349614
    0.15585767
