           1           2   1.9546003107263981     
           2           3  0.99213447353570361     
           3           4  0.97914616854122194     
           4           5   1.0197918444233891     
           5           6   1.0170101502109552     
           6           7   1.1719476525241297     
           6           8  0.22506923453421140     
           7           8   1.2730189923754509     
           6           9   1.2382092342494766     
           9          10   1.0935699630877798     
          10          11  0.97540011933825477     
           9          12   1.4066004778491954     
           4          13   1.6419175583705647     
          12          13   1.2442667878393072     
           3          14  0.95593237073671466     
          14          15  0.98411680774044141     
          15          16   1.0552831567836587     
          16          17   1.3750091355255538     
          17          18  0.98969073229987259     
          18          19  0.96611289029205005     
          19          20   1.0078341985680606     
          20          21   1.4134106467699201     
          21          22   1.4144891705237075     
          22          23   1.3869475413229444     
          23          24   1.1054220889590438     
          24          25  0.97696410378121334     
          23          26   1.2238454175667892     
          26          27   1.0987518163890881     
          27          28  0.97975328070983536     
          20          29   1.3777269573502449     
          26          29   1.3984399652102539     
          17          30  0.99996444205406931     
           3          31  0.93848809410439771     
          31          32   1.0091097149244210     
          31          33   1.0100647519853982     
           5          34  0.92866345447695520     
           5          35  0.92274953971330875     
           8          36  0.96888400638723193     
           8          37  0.96891651363077680     
          11          38  0.97474350200477411     
          11          39  0.97712996540581554     
          11          40  0.97505772634791577     
          12          41  0.96596076115820306     
          13          42  0.95883517611756708     
          14          43  0.97037750135868439     
          14          44  0.97188651298847051     
          15          45  0.96212987991000198     
          15          46  0.93072634351853600     
           2          47  0.89851235073733693     
          16          48  0.95836851636840548     
          18          49  0.96441448281542930     
          18          50  0.96802220028385699     
          19          51  0.97222890639904413     
          19          52  0.97195472030903285     
          21          53  0.96834573742373720     
          22          54  0.96338075344697982     
          25          55  0.97322458040268800     
          25          56  0.97310885785565082     
          25          57  0.97705905606735288     
          28          58  0.97701415721434459     
          28          59  0.97388305482388060     
          28          60  0.97370437292399092     
          29          61  0.96272007361131695     
          30          62  0.96680346371414649     
          30          63  0.96211828246700803     
          30          64  0.97748780908838251     
          31          65  0.95881063374732334     
          32          66  0.97508482797640639     
          32          67  0.98182762374510679     
          32          68  0.98251550508325525     
          33          69  0.97785901346538950     
          33          70  0.98334117981583646     
          33          71  0.98049499703594334     
           1          72  0.94268804368322645     
