           1           2   1.9593677167547754     
           2           3  0.99406121867243202     
           3           4  0.96938114514239715     
           4           5   1.3688699192399050     
           5           6   1.3994138062594224     
           6           7   1.1028014064945375     
           7           8  0.97719230443905825     
           6           9   1.2181211748029781     
           9          10   1.1061796678780889     
          10          11  0.97643463182583901     
           9          12   1.3889114645767122     
           4          13   1.4116685635477022     
          12          13   1.4064965659370856     
           3          14  0.95655299201743071     
          14          15  0.98388220425136041     
          15          16   1.0605397210900087     
          16          17   1.4225379602278019     
          17          18  0.98603584270262790     
          18          19  0.96689357683000376     
          19          20   1.0016697415065134     
          20          21   1.3213876318333027     
          21          22   1.4196803629228347     
          22          23   1.3865947350254320     
          23          24   1.1546743274120979     
          24          25  0.97169557127455208     
          23          26   1.0487623035242235     
          26          27   1.5783142759964408     
          20          29   1.4948650859310648     
          26          29   1.1639353451403267     
          17          30  0.99730681298767665     
           3          31  0.94237881235432142     
          31          32   1.0081826601660371     
          31          33   1.0088161220988183     
           5          34  0.95743964605608634     
           8          35  0.97314413031102143     
           8          36  0.97638294193248121     
           8          37  0.97297249131609553     
          11          38  0.97279858813047348     
          11          39  0.97663286593478260     
          11          40  0.97309093615097486     
          12          41  0.96343013435817904     
          13          42  0.96220145718170158     
          14          43  0.96853941515820841     
          14          44  0.97177495579610351     
          15          45  0.95936730516818935     
          15          46  0.92425524975466855     
           2          47  0.90110791069464147     
          16          48  0.95616635760444912     
          18          49  0.96228203123582357     
          18          50  0.96789889358180470     
          19          51  0.97272540245725736     
          19          52  0.97030436203697490     
          21          53  0.96843297579203413     
          22          54  0.95882751664767440     
          25          55  0.96978279366599396     
          25          56  0.96934344439495224     
          25          57  0.97610327759130899     
          28          58  0.98857886044114518     
          28          59  0.99078688125148062     
          28          60  0.99052885054894879     
          29          61  0.96395321166021120     
          30          62  0.96621678471713046     
          30          63  0.96281607743237474     
          30          64  0.97684450366531128     
          31          65  0.95880445817550153     
          32          66  0.97337743336564375     
          32          67  0.98134614023879096     
          32          68  0.98085620195393997     
          33          69  0.97541503362573667     
          33          70  0.98243645002313695     
          33          71  0.97962070818911506     
           1          72  0.94065464588314285     
