           1           2   1.3152345704565793     
           2           3   1.2259789419870839     
           3           4   1.2798960873581233     
           4           5   1.1634969687622303     
           2           6   1.1227921682398427     
           5           6   1.4095844041280410     
           6           7  0.93981220358197548     
           7           8   1.2548492248357479     
           7           9  0.86303693200952158     
           9          10   1.0013229243834072     
           9          11   1.1937486069777270     
           9          12  0.13833154694551064     
          11          12   1.6679815698822384     
           5          13   1.1908788747457653     
          11          13   1.0065952135350227     
          12          13  0.10183042492628852     
          13          14  0.98219111952340943     
           1          15  0.96433374207905875     
           7          16  0.81398317077687254     
           1          17  0.94877536888946346     
           3          18  0.95298686417155487     
          10          19  0.94729545585188424     
          10          20  0.92826732484133012     
          10          21  0.95243208769569421     
          14          22  0.96134648063701955     
          14          23  0.96712678923335060     
          14          24  0.96151112137550587     
           4          25  0.91768895168957487     
