           1           2   1.4267727524277161     
           1           3  0.16650277326106760     
           2           3   1.2362213316650290     
           3           4   1.1869762194525726     
           3           5  0.10013882742783362     
           4           5   1.2818288708677017     
           2           6  0.97713361349814487     
           5           6   1.0170508350013650     
           6           7  0.86580828378844898     
           7           8   1.7654959849091978     
           7           9   1.1851137053194467     
           8           9  0.15824471903421078     
           9          10  0.95506211245843919     
           9          11   1.0706490474311394     
           9          12  0.11337747283455613     
          11          12   1.7198800405884600     
           5          13   1.2185314236703659     
          11          13   1.0394576809235334     
          12          13  0.11299316652217592     
          13          14  0.96852631298612357     
           1          15  0.96386855119820836     
           6          16  0.91292469798608589     
           1          17  0.96414303571551740     
           3          18  0.95593997035614275     
          10          19  0.97316327845289075     
          10          20  0.96665358586321959     
          10          21  0.96928623677893522     
          14          22  0.96786307036114205     
          14          23  0.97397356855073580     
          14          24  0.96381467231234841     
           4          25  0.91800060877591239     
