           1           2   1.9585239752038224     
           2           3  0.99310364029441678     
           3           4  0.97159043005603329     
           4           5   1.3690505294825843     
           5           6   1.3988615159968274     
           6           7   1.1018820794153001     
           7           8  0.97748336368862387     
           6           9   1.2187501781743151     
           9          10   1.1050164126962436     
          10          11  0.97679484111605142     
           9          12   1.3892042497879313     
           4          13   1.4083727818283716     
          12          13   1.4047103698619923     
           3          14  0.95617237546591372     
          14          15  0.98367671887836039     
          15          16   1.0561215567857720     
          16          17   1.3722966724346928     
          17          18   1.1302451019622914     
          18          19   1.6119973233426257     
          19          20   1.1710305246866295     
          20          21   1.3249708644996654     
          21          22   1.4574659369499194     
          22          23   1.3567799393367539     
          23          24   1.1288000000772038     
          24          25  0.97257516923031684     
          23          26   1.1986765973866813     
          26          27   1.1031526164524379     
          27          28  0.97814019585604339     
          20          29   1.3055557572721705     
          26          29   1.4288851381201386     
          17          30  0.99059666732504792     
           3          31  0.94062069509991209     
          31          32   1.0081970619347371     
          31          33   1.0086309720875448     
           5          34  0.95783988343839765     
           8          35  0.97309412295719055     
           8          36  0.97648616863375259     
           8          37  0.97314009453994110     
          11          38  0.97277530638900789     
          11          39  0.97672448963222036     
          11          40  0.97326228977264784     
          12          41  0.96338871705401208     
          13          42  0.96239799522185754     
          14          43  0.96837091221473781     
          14          44  0.97201216791672118     
          15          45  0.96138739656174532     
          15          46  0.92856441163485659     
           2          47  0.90254388072250336     
          16          48  0.95467723607829824     
          18          50  0.95117421711117467     
          19          51  0.95606368994815916     
          49          52  0.99665094368680851     
          21          53  0.96665997514528745     
          22          54  0.96216391672952839     
          25          55  0.97183338646643924     
          25          56  0.97164359846789594     
          25          57  0.97641183872588433     
          28          58  0.97649936920147573     
          28          59  0.97299956577266022     
          28          60  0.97325247946537874     
          29          61  0.95819456591122609     
          30          62  0.96697636176441693     
          30          63  0.96342456199706028     
          30          64  0.97490848936371532     
          31          65  0.95931884916876509     
          32          66  0.97316558536256115     
          32          67  0.98125801447309946     
          32          68  0.98070925355770988     
          33          69  0.97530478438678136     
          33          70  0.98244077320785506     
          33          71  0.97944669232112602     
           1          72  0.94036056447356786     
