           1           2  0.97965421964589872     
           2           3   1.1326904477776301     
           2           4  0.16243765374695227     
           3           4   1.8458312763802511     
           2           6  0.96319900819060034     
           5           6   1.2553524855146221     
           6           7   1.4036238163753865     
           6           8  0.14736267576028969     
           7           8   2.1998098637993238     
           5           9   1.1900038608090542     
           9          10  0.98765741416490715     
           9          11  0.96845815124511481     
           9          12  0.10572183315147614     
          11          12   1.8918274889667059     
           5          13   1.1999398709713935     
           9          13  0.14046882422244494     
          11          13  0.96336402917128228     
          12          13  0.10399395225436138     
          13          14  0.98541997637402268     
           1          15  0.96791973745903881     
           1          16  0.97187715974272881     
           1          17  0.97778475373644702     
           3          18  0.92746031284797514     
          10          19  0.96748195364593237     
          10          20  0.96766075476443758     
          10          21  0.96439726146146554     
          14          22  0.96606427140869244     
          14          23  0.96378665676913500     
          14          24  0.96922728851734274     
           4          25  0.93457049378265822     
