           1           2   1.9236205652756546     
           2           3   1.0003295942024388     
           3           4  0.96687123368934813     
           4           5   1.3624837085603794     
           5           6   1.4039232491979776     
           6           7   1.0974055216767802     
           7           8  0.97834028194819789     
           6           9   1.2214670882647556     
           9          10   1.1001333762910759     
          10          11  0.97773439949442753     
           9          12   1.3943100038166325     
           4          13   1.4172671579673903     
          12          13   1.4025700452563079     
           3          14  0.96487837593874670     
          14          15   1.0056331141818320     
          15          16  0.98289731920590284     
          16          17  0.98780555485903376     
          17          18   1.4801225635916513     
          18          19   1.0477549287306882     
          19          20  0.95564053665415416     
          20          21   1.4211587319325176     
          21          22   1.4043881208761300     
          22          23   1.3913880371006606     
          23          24   1.1084289287037408     
          24          25  0.97539500536147017     
          23          26   1.2185481289079045     
          26          27   1.1025260505961274     
          27          28  0.97862762620663457     
          20          29   1.3726280200740497     
          26          29   1.4011631079243676     
          17          30  0.99582064421350536     
           3          31  0.93965565277227248     
          31          32   1.0088634242264167     
          31          33   1.0092821641558452     
           5          34  0.95800800091205573     
           8          35  0.97366674137476095     
           8          36  0.97677571759836201     
           8          37  0.97352654643025316     
          11          38  0.97350005867738587     
          11          39  0.97698954820736217     
          11          40  0.97361954941831119     
          12          41  0.96375342942943587     
          13          42  0.96259734860331814     
          14          43  0.97114868972839041     
          14          44  0.97266287640630855     
          15          45  0.96433174012615475     
          15          46  0.97682683918386481     
           2          47  0.93691372169403508     
          16          48  0.96443571165710340     
          18          49  0.95818246214820202     
          16          50  0.89565345981111488     
          19          51  0.95899876010334917     
          19          52  0.94836559354895666     
          21          53  0.96707374258177481     
          22          54  0.96269010774516617     
          25          55  0.97274833014992290     
          25          56  0.97345806319325923     
          25          57  0.97677148009804637     
          28          58  0.97669237073757709     
          28          59  0.97399273534321340     
          28          60  0.97320058041257607     
          29          61  0.96273618393204030     
          30          62  0.96351892015375928     
          30          63  0.96926475438988602     
          30          64  0.97376274562927589     
          31          65  0.96167709653796751     
          32          66  0.97962030907253073     
          32          67  0.98172798902610070     
          32          68  0.98245379034654157     
          33          69  0.98234689346272130     
          33          70  0.98383444405722398     
          33          71  0.98161035267836805     
           1          72  0.94516182742833887     
