   -0.26551757
    0.10341589
    0.00623443
    0.01576877
   -0.05851491
    0.10750565
   -0.30063179
    0.03703055
    0.14352802
   -0.21037420
    0.02038439
   -0.06838389
   -0.03499538
   -0.06540929
   -0.06525806
   -0.03865461
    0.09075116
   -0.02024849
   -0.06885032
    0.00248714
   -0.04691337
   -0.06641394
    0.13468540
   -0.21815490
    0.02383663
    0.13431410
   -0.22111435
    0.02605223
   -0.07827606
   -0.10341723
   -0.00766086
   -0.11806648
   -0.11944683
    0.05559571
    0.04115969
    0.07697679
    0.04554696
    0.06730451
    0.08683845
    0.05842582
    0.05593840
    0.04907385
    0.05884892
    0.05433462
    0.05451848
    0.06833245
    0.01105098
    0.05295585
    0.07246737
    0.06954334
    0.05811808
    0.05866381
    0.04881173
    0.06060098
    0.05626632
    0.05762551
    0.08379021
    0.08310712
    0.05065980
    0.05419283
    0.05011776
    0.05559623
    0.05626884
    0.05887973
    0.04175726
    0.06628460
    0.04108407
    0.05347369
    0.06522152
    0.03745001
    0.05551772
    0.15790817
