           1           2   1.9541133873952932     
           2           3  0.99329998038697997     
           3           4  0.96600659199887418     
           4           5   1.5926231558993575     
           5           6   1.0118185530449701     
           6           7  0.92719917862963630     
           7           8  0.99308717409703351     
           6           9  0.98146884018971414     
           9          10   1.1567771769322197     
          10          11  0.96468189626930845     
           9          12   1.4530859776923761     
           4          13   1.2663490372669097     
          12          13   1.3707910660412703     
           3          14  0.95543597771532807     
          14          15  0.98024350378676328     
          15          16   1.0486281223865788     
          16          17   1.3459104461748232     
          17          18  0.96549034939873801     
          18          19  0.97585462145619217     
          19          20   1.0073780287738385     
          20          21   1.4053308539746052     
          21          22   1.4188954341249731     
          22          23   1.3798380428293218     
          23          24   1.1144875761637223     
          24          25  0.97501656245250357     
          23          26   1.2149101848400794     
          26          27   1.1079039357592870     
          27          28  0.97759179735001689     
          20          29   1.3829707207462170     
          26          29   1.3915515401770571     
          16          30  0.22182695657988502     
          17          30   1.3669560472932092     
           3          31  0.94088059321330020     
          31          32   1.0076703315185676     
          31          33   1.0082636127039213     
           5          34  0.96266980230879939     
           8          35  0.97409811341104879     
           8          36  0.97094653408170162     
           8          37  0.97321378614765452     
          11          38  0.97181223744046985     
          11          39  0.97692496181469290     
          11          40  0.97254167672278446     
          12          41  0.95953345117608968     
          13          42  0.96346887993670283     
          14          43  0.96753005164920070     
          14          44  0.97196597657414319     
          15          45  0.96110005257564424     
          15          46  0.94091931620058300     
           2          47  0.91642950858167738     
          16          48  0.96284208835173446     
          18          49  0.96887305787239364     
          18          50  0.96809690734248000     
          19          51  0.97069970830639352     
          19          52  0.97041629940800567     
          21          53  0.96766337592742724     
          22          54  0.96269033209258381     
          25          55  0.97183362272770046     
          25          56  0.97188133606716753     
          25          57  0.97645819230202346     
          28          58  0.97649205290568153     
          28          59  0.97279159538247417     
          28          60  0.97258470988858525     
          29          61  0.96208777978782745     
          30          62  0.96902626157372129     
           6          63  0.94063984264045819     
          30          64  0.97528910962185777     
          31          65  0.95691603578697104     
          32          66  0.97249931597944528     
          32          67  0.97953213126184313     
          32          68  0.97964107760884001     
          33          69  0.97243901638284358     
          33          70  0.98163228076038278     
          33          71  0.97866151670639678     
           1          72  0.94066907734723770     
