   -0.28881794
    0.09551052
    0.01409468
    0.00212214
   -0.08204476
    0.12918065
   -0.22808209
    0.02677218
    0.13092228
   -0.22462168
    0.02553160
   -0.07132524
   -0.04899979
   -0.03599925
   -0.07739398
    0.03472129
   -0.11942536
    0.00085147
   -0.07130817
    0.00650288
   -0.04518153
   -0.06601475
    0.13431959
   -0.21800987
    0.02428610
    0.13444656
   -0.22117623
    0.02640795
   -0.07735250
   -0.04576523
    0.03990316
   -0.12092066
   -0.12503953
    0.05681921
    0.05253704
    0.08302313
    0.04867230
    0.05572097
    0.08248821
    0.05223090
    0.05656397
    0.04421041
    0.00997139
    0.05043871
    0.06002018
    0.05205812
    0.04608688
    0.03958764
    0.04952392
    0.04712337
    0.04782399
    0.05262417
    0.04840816
    0.05933452
    0.05617735
    0.05760523
    0.08336409
    0.08252287
    0.05096337
    0.05467998
    0.05065411
    0.04532695
    0.05535955
    0.05604003
    0.02777301
    0.09576199
    0.06001019
    0.06912384
    0.10655655
    0.05988605
    0.07073238
    0.16410074
