           1           2   1.9581947259872465     
           2           3  0.93039428442574013     
           3           4  0.96798254035127185     
           4           5   1.3693379284518472     
           5           6   1.3962943052096117     
           6           7   1.1006069122193309     
           7           8  0.97795994259861818     
           6           9   1.2212262090431811     
           9          10   1.1075991628721256     
          10          11  0.97601696923029491     
           9          12   1.3868475487835439     
           4          13   1.4125326409120875     
          12          13   1.4095969816537575     
           3          14  0.95045188910386591     
          14          15  0.96037593014544986     
          14          16  0.91655995117533429     
          15          16  0.96483453339152814     
          16          17   1.0214766930319128     
          17          18   1.0084685480607214     
          18          19  0.95882921210159588     
          19          20   1.0167928337891012     
          20          21   1.3939474090744743     
          21          22   1.4235550168992721     
          22          23   1.3756522463579186     
          23          24   1.1135136497325717     
          24          25  0.97549420568379919     
          23          26   1.2125925494761409     
          26          27   1.1074281822718837     
          27          28  0.97775784040653546     
          20          29   1.3800109968535348     
          26          29   1.3917420428082974     
          17          30   1.0078011604770141     
           3          31  0.99616256738285824     
          31          32   1.0658873401505764     
          31          33   1.0691238051525034     
           5          34  0.95668677302110727     
           8          35  0.97309249331380865     
           8          36  0.97640382922182434     
           8          37  0.97324458481215148     
          11          38  0.97269813369534441     
          11          39  0.97672405360051229     
          11          40  0.97317555557286528     
          12          41  0.96314317887248080     
          13          42  0.96119502855798999     
          14          44  0.96063049322730976     
          15          45  0.96502373560893606     
          15          46  0.97499284523512042     
           2          47  0.91975844306117127     
          16          48  0.95954316228108361     
          18          49  0.96807678452387047     
          18          50  0.97127006687748141     
          19          51  0.96973134410791872     
          19          52  0.96941043658055381     
          21          53  0.96763700137501729     
          22          54  0.96265306060726652     
          25          55  0.97155532458226967     
          25          56  0.97168791900547324     
          25          57  0.97648632235817812     
          28          58  0.97656919132472630     
          28          59  0.97254528133251017     
          28          60  0.97226916394733742     
          29          61  0.96165528334372308     
          30          62  0.96728209110080998     
          30          63  0.96987923733669557     
          30          64  0.97959608268197518     
          31          65  0.15300429147244091     
          43          65  0.83543633573813869     
          32          66  0.91671178438696221     
          32          67  0.96928297473553426     
          32          68  0.97349075796394335     
          33          69  0.90564578885587776     
          33          70  0.96185286226626499     
          33          71  0.97456065626047472     
           1          72  0.93685168417728859     
