   -0.26600062
    0.10315361
    0.00625929
    0.00466637
   -0.03189552
   -0.04849655
   -0.28879136
    0.17847472
    0.15287216
   -0.24584639
    0.02912544
   -0.06528856
   -0.03764488
   -0.06453795
   -0.07093663
    0.00930979
    0.01326680
   -0.01703130
   -0.07038538
    0.00015570
   -0.04844489
   -0.06722704
    0.13385958
   -0.22073622
    0.02462030
    0.13345856
   -0.22363892
    0.02682256
   -0.07922798
   -0.07088586
   -0.00622488
   -0.12093712
   -0.11893814
    0.04698764
    0.04892010
    0.05099563
    0.05843199
    0.05553651
    0.07613041
    0.04616932
    0.04766699
    0.03857484
    0.06321645
    0.05350132
    0.06951005
    0.08177361
    0.00389955
    0.06966660
    0.06797509
    0.06846955
    0.05476211
    0.05621329
    0.04559389
    0.05907462
    0.05486063
    0.05629324
    0.08283273
    0.08230687
    0.04919911
    0.05286460
    0.04778538
    0.07686166
    0.08150094
    0.07962868
    0.04241180
    0.06307247
    0.05475475
    0.05078313
    0.06325916
    0.03420101
    0.05408608
    0.15729952
