           1           2   1.9567399535832775     
           2           3  0.99360286362183203     
           3           4  0.97149897354773485     
           4           5   1.3698481192550107     
           5           6   1.4797926243469195     
           7           8   1.9715257413030236     
           6           9   1.3187967590750040     
           9          10   1.0943696831361420     
          10          11  0.97735951584662717     
           9          12   1.3545354665773486     
           4          13   1.4020513266535990     
          12          13   1.4386466584061905     
           3          14  0.95664239600797252     
          14          15  0.97815120562403568     
          15          16   1.0618267817870821     
          16          17   1.4096372361285039     
          17          18  0.98757241451690991     
          18          19  0.96508981045801656     
          19          20   1.0081420832133392     
          20          21   1.4077801666315570     
          21          22   1.4176264228376323     
          22          23   1.3823719924382232     
          23          24   1.1116552699445232     
          24          25  0.97557980527717769     
          23          26   1.2182821923545228     
          26          27   1.1049746241623017     
          27          28  0.97822486084773574     
          20          29   1.3801819693268496     
          26          29   1.3944213988000376     
          17          30  0.99772246213649451     
           3          31  0.93814827703609771     
          31          32   1.0077666711187721     
          31          33   1.0076609795280052     
           5          34  0.96344531026936675     
           8          35  0.94015182136876951     
           8          36  0.94031210235269735     
           6          37  0.96637184505836582     
          11          38  0.97395556062468358     
          11          39  0.97782439749763983     
          11          40  0.97412645574926060     
          12          41  0.96437947469497898     
          13          42  0.96272808940426191     
          14          43  0.96730774460091340     
          14          44  0.97248216704679191     
          15          45  0.95988375603906162     
          15          46  0.92566937201979305     
           2          47  0.90442275477784861     
          16          48  0.95744657913561171     
          18          49  0.96478194976043785     
          18          50  0.96748875660203404     
          19          51  0.97174660247370270     
          19          52  0.97170262221198078     
          21          53  0.96801812656071440     
          22          54  0.96296397855374594     
          25          55  0.97238996904192398     
          25          56  0.97241353289646093     
          25          57  0.97665709449910998     
          28          58  0.97664409226630666     
          28          59  0.97327250032418056     
          28          60  0.97302383973829865     
          29          61  0.96243279033960127     
          30          62  0.96502627482231440     
          30          63  0.96269973640181228     
          30          64  0.97713214033945883     
          31          65  0.95857644087048777     
          32          66  0.97345686538075760     
          32          67  0.97610529920781641     
          32          68  0.97963391686390022     
          33          69  0.97407599073851503     
          33          70  0.98228711813968017     
          33          71  0.97923866361220058     
           1          72  0.94108218778004304     
