   -0.27739910
    0.10075497
    0.00601428
    0.00084526
   -0.08058935
    0.12675294
   -0.23726672
    0.02999916
    0.12562491
   -0.23622160
    0.02930323
   -0.07584455
   -0.05423341
   -0.06342333
   -0.06722446
   -0.00405176
   -0.00350043
   -0.01532227
   -0.07303795
    0.00273864
   -0.04227446
   -0.06760359
    0.13994527
   -0.24247208
    0.02473522
    0.07857676
   -0.12050089
   -0.14833880
   -0.06051355
   -0.06744747
   -0.00726963
   -0.11735553
   -0.11783087
    0.04901120
    0.05092325
    0.07735607
    0.04394668
    0.05189173
    0.07726418
    0.04450248
    0.04840022
    0.03670106
    0.05654845
    0.05031354
    0.06350037
    0.07141460
    0.00342149
    0.05967501
    0.06637756
    0.06508466
    0.05802151
    0.05756564
    0.05578492
    0.06581681
    0.05539185
    0.05500696
    0.08187064
    0.02799553
    0.03349852
    0.34405467
    0.06409726
    0.06992802
    0.07823017
    0.07459962
    0.03401186
    0.06638489
    0.03389177
    0.04763997
    0.06019254
    0.03219308
    0.05100027
    0.15092215
