           1           2   1.9496929486372343     
           2           3  0.99555982134341980     
           3           4  0.97014602696784824     
           4           5   1.3659195364557835     
           5           6   1.4061177912860443     
           6           7   1.0895716352682585     
           7           8  0.98018048175212835     
           6           9   1.2306166319602014     
           9          10   1.0912383293331016     
          10          11  0.97988503573498831     
           9          12   1.3981579404540461     
           4          13   1.4212025275534990     
          12          13   1.3994731984951123     
           3          14  0.95630710100134686     
          14          15  0.98234093743853590     
          15          16   1.0587487932238648     
          16          17   1.3515872139013307     
          17          18  0.99489920749772187     
          18          19  0.96552092268544409     
          19          20   1.0121507606527993     
          20          21   1.3931303530593648     
          21          22   1.4425521661179361     
          22          23   1.3438084209190535     
          23          24   1.1035559245775224     
          24          25  0.96997543945174924     
          23          26   1.3072446207934785     
          26          27  0.89052956185379828     
          27          28  0.77069209129653216     
          20          29   1.3945556867694935     
          26          29   1.4133525860488048     
          17          30   1.0003902309411545     
           3          31  0.94513730203159363     
          31          32   1.0086441434848972     
          31          33   1.0090519605796351     
           5          34  0.95834431264592412     
           8          35  0.97447787123387997     
           8          36  0.97725565291555427     
           8          37  0.97427022030768717     
          11          38  0.97437379786612777     
          11          39  0.97751310868011176     
          11          40  0.97452048062028329     
          12          41  0.96423070044101267     
          13          42  0.96268552931061935     
          14          43  0.96907409738317107     
          14          44  0.97292911374343893     
          15          45  0.96146851194372085     
          15          46  0.93031206530898714     
           2          47  0.90461648254264482     
          16          48  0.95969872877917117     
          18          49  0.96558030982659482     
          18          50  0.96779312557311337     
          19          51  0.97068957228619657     
          19          52  0.97250281929881854     
          21          53  0.96753264224149382     
          22          54  0.96315493407190078     
          25          55  0.97626368583643419     
          25          56  0.97595131674478153     
          25          57  0.97723341342466674     
          28          58  0.97321386358294593     
          28          59  0.97589658079764163     
          27          60  0.85474226285922406     
          29          61  0.96182763766153434     
          30          62  0.96762919088590960     
          30          63  0.96290152170725929     
          30          64  0.97807994276105248     
          31          65  0.96170636677376042     
          32          66  0.97634750928169955     
          32          67  0.98272026291689241     
          32          68  0.98266772330014274     
          33          69  0.97749311657562865     
          33          70  0.98384034101518036     
          33          71  0.98138422368496825     
           1          72  0.94439720533023397     
