           1           2   2.2338827888319566     
           3           4   1.3400016258769285     
           4           5   1.2294307916370089     
           5           6   1.4647611570918688     
           6           7   1.0865536624327141     
           7           8  0.98084094514047071     
           6           9   1.1946106878365979     
           9          10   1.1144930489033078     
          10          11  0.97648407128900527     
           9          12   1.3452830886417027     
           4          13   1.2575558548989805     
          12          13   1.4810608665735452     
           3          14   1.0427107605536206     
          14          15  0.92669858602182231     
          15          16   1.0719156177236542     
          16          17   1.4118796347006912     
          17          18  0.98994129789580565     
          18          19  0.96675319904938328     
          19          20   1.0080656280127698     
          20          21   1.4128459619499734     
          21          22   1.4157827029113434     
          22          23   1.3864271819752916     
          23          24   1.1041584058774236     
          24          25  0.97708186052599777     
          23          26   1.2261427639160807     
          26          27   1.0965737060304028     
          27          28  0.98019711050047131     
          20          29   1.3791860563342870     
          26          29   1.3979059399230422     
          17          30  0.99783122761415755     
           3          31   1.0227180088314747     
          31          32  0.99540644771293985     
          31          33  0.97324390446419173     
           5          34  0.95667786722841475     
           8          35  0.97388936693211059     
           8          36  0.97696045866749714     
           8          37  0.97441121438852552     
          11          38  0.97326749045343930     
          11          39  0.97711930177654938     
          11          40  0.97313623471109056     
          12          41  0.96278223489037185     
          13          42  0.95243068469744641     
          14          43  0.94239413169364195     
          14          44  0.97212666517278701     
          15          45  0.96360383756459589     
          15          46  0.94993637064520553     
           2          47  0.90850138855258145     
          16          48  0.95920222701655578     
          18          49  0.96345260255568110     
          18          50  0.96744794070459383     
          19          51  0.97053025621043276     
          19          52  0.97218125344042161     
          21          53  0.96846032152160300     
          22          54  0.96342870343330778     
          25          55  0.97333677058085366     
          25          56  0.97320724276720971     
          25          57  0.97709577917576684     
          28          58  0.97705414601299345     
          28          59  0.97398928197982848     
          28          60  0.97383873011336619     
          29          61  0.96241213346292098     
          30          62  0.96685637056382689     
          30          63  0.95764726786820786     
          30          64  0.97795373336611080     
          31          65  0.95493135428925546     
          32          66  0.97716960851455981     
          32          67  0.98576281873287375     
          32          68  0.98415394734607775     
          33          69  0.95923262567154433     
          33          70  0.98264833458769751     
          33          71  0.98247467959711698     
           1          72  0.87610192386329167     
