           1           2   1.1035742704841267     
           3           4   1.7889807994322529     
           4           5   1.3438709680375598     
           2           6   1.6379701683476218     
           5           6   1.0855925774998756     
           6           7  0.94323958968674104     
           7           8   1.6945247203270180     
           7           9   1.1601296046445397     
           8           9  0.13819600890798051     
           9          10  0.96305296956173436     
           9          11   1.0963611363973358     
           9          12  0.11848888311965591     
          11          12   1.7143390819212032     
           5          13   1.2474197278013834     
          11          13   1.0501036655841558     
          12          13  0.10321226736152789     
          13          14  0.97466903844259989     
           1          15  0.91089863930151727     
           1          16  0.90844062471221876     
           1          17  0.89336969830294188     
           3          18  0.92592048366885060     
          10          19  0.96668020674515032     
          10          20  0.95675892752334035     
          10          21  0.95799292693675264     
          14          22  0.95782434673529770     
          14          23  0.95710333376979018     
          14          24  0.96307459267550932     
           3          25  0.94231814332131492     
