           1           2   1.3143451383299172     
           2           3   1.2276264645448327     
           3           4   1.2809360341280533     
           4           5   1.1622900160875924     
           2           6   1.1216022247594595     
           5           6   1.4075543358156035     
           6           7  0.94621186395553081     
           7           8   1.2285597707986067     
           7           9  0.87469266886918073     
           9          10  0.99862033403446304     
           9          11   1.1991276939651150     
           9          12  0.14040586924309195     
          11          12   1.6619676012098901     
           5          13   1.1947675916355260     
          11          13   1.0072503130270736     
          13          14  0.98210570367293926     
           7          15  0.82227567571491167     
           1          16  0.96447160291000189     
           1          17  0.95180657190145024     
           3          18  0.95289063129669938     
          10          19  0.94482579900328745     
          10          20  0.95576273936695133     
          10          21  0.93142071951728245     
          14          22  0.96611591582899969     
          14          23  0.96146730657228241     
          14          24  0.96062065368002492     
           4          25  0.91736054602394967     
