           1           2   1.0243618585030796     
           3           4   1.6937713748528023     
           2           5  0.13146616927232466     
           4           5  0.96309053487914431     
           2           6   2.0901995091753940     
           5           6   1.5429699151414964     
           7           8   2.0470676527697425     
           7           9   1.5186095029275579     
           8           9  0.21543176232017477     
           9          10  0.91998317860830414     
           9          11  0.75027604728491459     
          11          12   1.7439128524969421     
           5          13   1.0192663936176882     
          11          13   1.2692895074935200     
          12          13  0.18824800380279685     
          13          14  0.96285520700377214     
           1          15  0.96232125421908010     
           1          16  0.93616962758938549     
           1          17  0.95471485560754354     
           3          18  0.93951148694640130     
          10          19  0.97549295240955691     
          10          20  0.97183348282603299     
          10          21  0.96564458444689683     
          14          22  0.96663809674606826     
          14          23  0.97135747377106929     
          14          24  0.96572847634750503     
           4          25  0.89974518196941433     
