           2           3   1.5591009004150358     
           3           4   1.2122164880320727     
           4           5   1.2239526729568322     
           2           6   1.2704178254850800     
           5           6   1.2753444170167867     
           6           7   1.0703802736522485     
           7           8   1.6714500480408683     
           7           9   1.1008132845738605     
           8           9  0.12622151449371141     
           9          10  0.97567610525423243     
           9          11   1.1197149095330783     
           9          12  0.12251483723170967     
          11          12   1.6874539807856563     
           5          13   1.2122456007661861     
          11          13   1.0536938820501416     
          12          13  0.10843981179218015     
          13          14  0.97748507925337924     
           1          15  0.97810689697740805     
           1          16  0.97809705436913941     
           1          17  0.95781502106212113     
           3          18  0.95470485093003299     
          10          19  0.96322049960107592     
          10          20  0.95157716638068568     
          10          21  0.95178629911718171     
          14          22  0.96230176175785931     
          14          23  0.96207860623652020     
          14          24  0.96240170245313583     
           4          25  0.92395138391741782     
