           1           2   1.3306533007736825     
           2           3   1.2465243120208120     
           3           4   1.2681556995411465     
           4           5   1.1738131831339906     
           2           6   1.0884199057056969     
           5           6   1.3639341824800406     
           6           7   1.0736804375591198     
           7           8   1.6987881677357692     
           7           9   1.0987692873005839     
           8           9  0.14986397772699953     
           9          10  0.96755580895637505     
           9          11   1.1313861680767334     
           9          12  0.14135408832032062     
          11          12   1.7189008015633305     
           5          13   1.2324703872333047     
          11          13   1.0182788124945359     
          12          13  0.12068765814939805     
          13          14  0.97492614626032748     
           1          15  0.94619787729222116     
           1          17  0.95345883779638341     
           3          18  0.95386222767833173     
          10          19  0.96949597637007690     
          10          20  0.96510494424649540     
          10          21  0.96456843906271894     
          14          22  0.97048986880750643     
          14          23  0.97018116530134568     
          14          24  0.96309602804511718     
           4          25  0.91820902340838817     
