           1           2   1.9587155875726714     
           2           3  0.99416552179682760     
           3           4  0.97301468966738625     
           4           5   1.3640358415347311     
           5           6   1.4129602669478727     
           6           7   1.1356545282991941     
           7           8  0.97509039582150714     
           6           9   1.0544465055713095     
           9          10   1.5764453601387309     
           9          12   1.1594371703062887     
           4          13   1.3231431953763542     
          12          13   1.5220133443349579     
           3          14  0.95459859215586051     
          14          15  0.98122243495206141     
          15          16   1.0598236227364082     
          16          17   1.4205682103194479     
          17          18  0.98732655246597778     
          18          19  0.96635553979577160     
          19          20   1.0078059229933241     
          20          21   1.4044339671950661     
          21          22   1.4194909308890029     
          22          23   1.3797093001392404     
          23          24   1.1151041806790485     
          24          25  0.97488783568587900     
          23          26   1.2151283316409369     
          26          27   1.1092733136915407     
          27          28  0.97705471974406821     
          20          29   1.3827387502242330     
          26          29   1.3910618583875105     
          17          30  0.99656327650045273     
           3          31  0.93864322790466659     
          31          32   1.0081285921733016     
          31          33   1.0089941098920387     
           5          34  0.95343553962253236     
           8          35  0.97106947394561283     
           8          36  0.97603978558884241     
           8          37  0.97045622381097130     
          11          38  0.99024399763636384     
          11          39  0.98902455304150472     
          11          40  0.99062145123969869     
          12          41  0.96426755828278687     
          13          42  0.95669666396357300     
          14          43  0.96864552786544866     
          14          44  0.97202127628762036     
          15          45  0.96098234532045435     
          15          46  0.92555950965574829     
           2          47  0.89363029625753687     
          16          48  0.95604149959050344     
          18          49  0.96316546045761542     
          18          50  0.96764156002566737     
          19          51  0.97123035755912790     
          19          52  0.97167802138718540     
          21          53  0.96792512936692909     
          22          54  0.96278434041304073     
          25          55  0.97196606720891410     
          25          56  0.97192410323230771     
          25          57  0.97640931008629539     
          28          58  0.97638122502003422     
          28          59  0.97275808816335230     
          28          60  0.97259744949571547     
          29          61  0.96215590453836330     
          30          62  0.96515562968609681     
          30          63  0.95736327588850978     
          30          64  0.97699464954017023     
          31          65  0.95828105917455564     
          32          66  0.97228747265279014     
          32          67  0.98045538238871577     
          32          68  0.98041764825442301     
          33          69  0.97580559621121576     
          33          70  0.98234536105291015     
          33          71  0.97912104321032523     
           1          72  0.94022475084361623     
