   -0.05063679
    0.01180444
    0.01265330
   -0.00426064
   -0.07995522
    0.13196515
   -0.22942077
    0.02795306
    0.13257299
   -0.22777084
    0.02700696
   -0.06750793
   -0.04643370
   -0.06816250
   -0.06982590
   -0.00867563
    0.00939501
   -0.01713725
   -0.07013392
   -0.00196755
   -0.05042019
   -0.06870822
    0.13182876
   -0.22616976
    0.02637008
    0.13164765
   -0.22856062
    0.02831201
   -0.08033420
   -0.07241732
   -0.02139462
   -0.02055855
   -0.11778659
    0.04913556
    0.05172865
    0.08084160
    0.04619641
    0.05731650
    0.08015170
    0.04659792
    0.05429993
    0.03379659
    0.06271611
    0.05628870
    0.06704779
    0.07835597
    0.05741066
    0.06164613
    0.06591240
    0.06465448
    0.05327243
    0.05472657
    0.04216736
    0.05580509
    0.05163176
    0.05394851
    0.08040203
    0.08009906
    0.04672992
    0.05096570
    0.04555128
    0.07468368
    0.08077409
    0.07831347
    0.06243127
    0.07528086
    0.10957541
   -0.29762149
    0.04331064
    0.05327495
    0.05800523
    0.18930436
