   -0.26565293
    0.10333876
    0.00671484
    0.00446145
   -0.07970437
    0.19442063
   -0.37904909
   -0.11011586
    0.12289471
   -0.20065942
    0.02449521
   -0.07377827
   -0.04922898
   -0.06491318
   -0.07245670
    0.01326312
    0.01920396
   -0.01779520
   -0.07087280
    0.00101659
   -0.04798162
   -0.06675199
    0.13472514
   -0.21798884
    0.02375130
    0.13433285
   -0.22099279
    0.02590809
   -0.07887164
   -0.07189618
   -0.00770858
   -0.11721566
   -0.11997866
    0.05901047
    0.08414436
    0.09538965
    0.08357451
    0.06034166
    0.08529762
    0.05268135
    0.04855487
    0.03807878
    0.06728676
    0.05491413
    0.07462672
    0.08646927
    0.00318081
    0.07253178
    0.06956294
    0.06891496
    0.05717402
    0.05771636
    0.04700656
    0.06046549
    0.05582906
    0.05793411
    0.08421558
    0.08371492
    0.05017542
    0.05458185
    0.04910922
    0.08241480
    0.08155214
    0.08234026
    0.04351070
    0.06691692
    0.03746531
    0.05321656
    0.06384336
    0.03683440
    0.05644043
    0.15806799
