           1           2  0.99718361828967395     
           2           3   1.3517876336445926     
           3           4   1.3441875594801891     
           4           5   1.1303311478099900     
           2           6   1.2309431312209347     
           5           6   1.3858910635838628     
           7           8   2.6099102223857349     
           9          10   1.0165089457502221     
           9          11   2.0550461187097411     
           9          12  0.37180962909066900     
          11          12   1.8136644255126046     
           5          13   1.1371130732622852     
          13          14   1.5066675722448806     
           1          15  0.97812284343567379     
           1          16  0.96548018014908721     
           1          17  0.94522516381013588     
           3          18  0.95531055330406300     
          10          19  0.95821496738316336     
          10          20  0.96318932705272342     
          10          21  0.95906139937592150     
          14          22  0.96330452334023575     
          13          23  0.90807402941424487     
          14          24  0.96762677166588995     
           4          25  0.92053962045992654     
