           1           2  0.98687111916484360     
           2           3   1.3787565382666302     
           3           4   1.2652786307295085     
           4           5   1.1942368877697691     
           2           6   1.1443015708840163     
           5           6   1.3263681210837253     
           6           7   1.1202325506979338     
           7           8   1.6750709886231117     
           7           9  0.97773199042184578     
           8           9  0.10793232192463673     
           9          10   1.3503555452912237     
           9          11   1.0150545380771130     
          11          12   1.7061663946709691     
           5          13   1.1898827258796856     
          11          13   1.0878356381985261     
          12          13  0.13447701715291788     
          13          14  0.97044767421816669     
           1          15  0.95482224057893683     
           1          16  0.96536282187095801     
           1          17  0.96139872448462349     
           3          18  0.95326191425333473     
          10          19  0.95588532764686696     
          10          21  0.90541675692261514     
          14          22  0.97167117005554215     
          14          23  0.97151898305109241     
          14          24  0.96485591967793238     
           4          25  0.91914743515540431     
