           1           2   1.3790407782849095     
           1           3  0.11702535770473535     
           2           3   1.2343063297785573     
           3           4   1.1992096811910096     
           4           5   1.2250360449903255     
           2           6  0.97735145301004622     
           5           6   1.0174921618902359     
           6           7  0.86729668930260084     
           7           8   1.7336038377646146     
           7           9   1.1660141911291726     
           8           9  0.14281987004545282     
           9          10  0.96210543421129102     
           9          11   1.0728398291009109     
           9          12  0.10710622458973575     
          11          12   1.6813918050455392     
           5          13   1.2064344098612363     
          11          13   1.0473385646171995     
          12          13  0.10673961377083496     
          13          14  0.97137402172265230     
           1          15  0.96284744408089662     
           1          16  0.96299220725122747     
           6          17  0.91297547392384359     
           3          18  0.95478735213096755     
          10          19  0.96730450865767859     
          10          20  0.95854906412141583     
          10          21  0.95794257284799389     
          14          22  0.96326401257545280     
          14          23  0.97149126267945629     
          14          24  0.96019167545000084     
           4          25  0.91961490897426201     
