   -0.27953675
    0.09572047
    0.00554617
    0.01436524
   -0.07492436
    0.12102264
   -0.27785232
    0.02863153
    0.06808425
   -0.11531525
   -0.13091335
   -0.04886138
   -0.05171297
   -0.06501094
   -0.06633681
   -0.00673133
   -0.00213862
   -0.01436592
   -0.06995304
   -0.00267192
   -0.05060078
   -0.06883236
    0.13112119
   -0.22848240
    0.02702744
    0.13077048
   -0.23093182
    0.02934348
   -0.08064885
   -0.06609026
   -0.00705830
   -0.11881033
   -0.11864449
    0.06109435
    0.05607729
    0.07837986
    0.05259551
    0.02029659
    0.36280101
    0.03313043
    0.07305829
    0.05434804
    0.05493563
    0.05530019
    0.05534815
    0.07233459
    0.00457430
    0.06300847
    0.06314741
    0.06542719
    0.05278042
    0.05209335
    0.04185738
    0.05517297
    0.05110708
    0.05279297
    0.07921981
    0.07878180
    0.04545065
    0.04939153
    0.04352716
    0.06958790
    0.06936697
    0.07680121
    0.03122482
    0.07034319
    0.02757967
    0.04964679
    0.06196341
    0.03412829
    0.05247575
    0.15364129
