           1           2   1.9483814154098771     
           2           3  0.99276614083962744     
           3           4  0.97603743076211380     
           4           5   1.3755679129211211     
           5           6   1.3833789116856317     
           6           7   1.0641462369041190     
           7           8  0.96843325124313906     
           6           9   1.2991604431874879     
           9          10  0.87344498442062568     
          10          11  0.82021289440581735     
           9          12   1.4230791925807094     
           4          13   1.4101129209699330     
          12          13   1.4020673124452494     
           3          14  0.95661270568502554     
          14          15  0.98316696527520508     
          15          16   1.0556707268596184     
          16          17   1.3582509502191107     
          17          18  0.99054331732175371     
          18          19  0.96678476976078498     
          19          20   1.0076599642690807     
          20          21   1.4163096260706118     
          21          22   1.4129754692369145     
          22          23   1.3894495909770250     
          23          24   1.1016376499210911     
          24          25  0.97781389996071488     
          23          26   1.2274043614084367     
          26          27   1.0952198406176810     
          27          28  0.98060323238362423     
          20          29   1.3767413015834098     
          26          29   1.4003614913853899     
          17          30   1.0012280348546887     
           3          31  0.94367215297760654     
          31          32   1.0088454661224198     
          31          33   1.0097285334239896     
           5          34  0.95744267835434127     
           8          35  0.97677400809235271     
           8          36  0.97736599868978369     
           8          37  0.97683098756754583     
          11          38  0.97791749504996117     
          10          39  0.83232410495980746     
          11          40  0.97663809533784807     
          12          41  0.95928108952779856     
          13          42  0.96110916359960619     
          14          43  0.96992511978519202     
          14          44  0.97211186046961007     
          15          45  0.96396958895794382     
          15          46  0.93307849533693576     
           2          47  0.90659705662628021     
          16          48  0.95903271411628466     
          18          49  0.96426485268178097     
          18          50  0.96829219097872954     
          19          51  0.97225248223611005     
          19          52  0.97213492775693988     
          21          53  0.96852858824003507     
          22          54  0.96359851574328526     
          25          55  0.97362775809431268     
          25          56  0.97355768983861846     
          25          57  0.97728139238627676     
          28          58  0.97721316208069242     
          28          59  0.97420830423049765     
          28          60  0.97405405064234307     
          29          61  0.96287291817499621     
          30          62  0.96796017748364949     
          30          63  0.96309609750992697     
          30          64  0.97778636961307297     
          31          65  0.96249985873320720     
          32          66  0.97642404043430853     
          32          67  0.98373910418858745     
          32          68  0.98301921744124121     
          33          69  0.97809390323695289     
          33          70  0.98376357172313522     
          33          71  0.98137445955760372     
           1          72  0.94424325331419157     
