           1           2  0.98864109683186463     
           2           3   1.3637649120625241     
           3           4   1.2649503420747048     
           4           5   1.1737643316566388     
           2           6   1.1679492964348255     
           5           6   1.3223733206045707     
           6           7   1.0179706788055762     
           7           8   1.5907292128943411     
           7           9   1.2338438771226385     
           8           9  0.11543130798331402     
           9          11   1.2766937039808752     
           9          12  0.10508434653380211     
          11          12   1.6634406520495577     
           5          13   1.2566077818189800     
          11          13  0.91630430064035373     
          13          14  0.98927476907387601     
           1          15  0.95028255923014404     
           1          16  0.96129021073474252     
           1          17  0.95494091081300414     
           3          18  0.95287667654970487     
          10          19  0.94685961243077255     
          10          20  0.96998869863763570     
          10          21  0.96999291208432692     
          14          22  0.95822234865086386     
          14          23  0.95814268852515627     
          14          24  0.95367368714950573     
           4          25  0.91969041478872449     
