           1           2   1.9567119317230561     
           2           3  0.99436044105934995     
           3           4  0.96955358237598366     
           4           5   1.3676626708166992     
           5           6   1.4011409750066122     
           6           7   1.0982084312561338     
           7           8  0.97852674078096558     
           6           9   1.2219929745375488     
           9          10   1.1018599997605152     
          10          11  0.97725096132659495     
           9          12   1.3913713479897640     
           4          13   1.4135901133209778     
          12          13   1.4050123294909209     
           3          14  0.95763177106792086     
          14          15  0.98430954589580644     
          15          16   1.0581591395275372     
          16          17   1.4039866430861405     
          17          18  0.98971636294822640     
          18          19  0.94870099787715489     
          19          20   1.0309717135949765     
          20          21   1.6282060182635654     
          21          22   1.1095321882185438     
          22          23   1.5825282339792464     
          22          24  0.12065464805426328     
          23          24   1.1559114696677337     
          24          25  0.95563011342189841     
          21          26  0.95588126529080231     
          23          26  0.97174567794030231     
          27          28  0.97626510855105353     
          20          29  0.96982658666242849     
          26          29  0.92021054103601119     
          27          29  0.99565570005052995     
          17          30  0.99861691031814370     
           3          31  0.94186794366916771     
          31          32   1.0084228064921867     
          31          33   1.0087756860956203     
           5          34  0.95792916636565750     
           8          35  0.97336591757914892     
           8          36  0.97670543633029372     
           8          37  0.97361435685070963     
          11          38  0.97338705835918582     
          11          39  0.97691654936066574     
          11          40  0.97341594613074955     
          12          41  0.96359440396471574     
          13          42  0.96264132759795307     
          14          43  0.96863208623270014     
          14          44  0.97205940273090385     
          15          45  0.96002741715544582     
          15          46  0.92519819423608662     
           2          47  0.90207671082088814     
          16          48  0.95784718018838000     
          18          49  0.96155122320467146     
          18          50  0.96746226746958430     
          19          51  0.96913105414367151     
          19          52  0.96475597930644830     
          26          53  0.95925809101498372     
          22          54  0.96656481368900138     
          25          55  0.97602609295615039     
          25          56  0.97628943533552026     
          25          57  0.97813804639442758     
          28          58  0.97616671335178384     
          28          59  0.97860288003784213     
          28          60  0.97706612006416471     
          29          61  0.94498508525923897     
          30          62  0.96478772864744089     
          30          63  0.96449923044773334     
          30          64  0.97579331843301409     
          31          65  0.96039235512822829     
          32          66  0.97419709946682453     
          32          67  0.98175303830417004     
          32          68  0.98130100468112835     
          33          69  0.97675458033862728     
          33          70  0.98289144021731567     
          33          71  0.98019219023999360     
           1          72  0.94182088126009078     
