$coord
           -3.3295649484            5.0797541732            4.0924108435     N 
           -3.4278160095            3.9657677326            2.0434323471     C 
           -5.6657442891            3.6070720983            0.3671085792     C 
           -6.5653004065            0.8747279996            0.5483405590     C 
           -8.3903246038           -0.0062452285           -1.1444122655     C 
           -9.2735458898           -2.4630906896           -1.0374843279     C 
          -11.0395803257           -3.4620810927           -2.5869264417     O 
          -12.2536516188           -1.8874081868           -4.3547030492     C 
           -8.2980597944           -4.1393860976            0.8143577718     C 
           -9.2595231780           -6.5022072489            0.7704840344     O 
           -8.5247965905           -8.2238345419            2.6628554552     C 
           -6.4914226694           -3.2552137797            2.4822634770     C 
           -5.6334878763           -0.7722592776            2.3493591478     C 
           -4.6684782152            4.1271055983           -2.3354684141     C 
           -2.7887061355            2.0991393194           -3.2127925218     C 
           -0.3631119215            2.1207157721           -1.7916724978     C 
            0.9202096600            0.0897159641           -1.1888073199     N 
            3.5341999174            0.2554768112           -0.4082801504     C 
            5.3279270892           -0.6156950709           -2.5311361005     C 
            8.0198512831           -0.2334282777           -1.7044480361     C 
            9.2268542765            2.0434261793           -2.1190346640     C 
           11.6936423232            2.4149822345           -1.3097571377     C 
           12.9859142804            0.5155228544           -0.0572705469     C 
           15.3793653900            0.6705086632            0.8113267361     O 
           16.7517381892            2.9144282606            0.4027991482     C 
           11.7563828085           -1.8262195432            0.3843740049     C 
           13.1595955429           -3.5771232643            1.6099288036     O 
           12.1180740980           -5.9816682640            2.0538464426     C 
            9.2972617146           -2.1573692442           -0.4339023446     C 
           -0.1942118700           -2.4036893054           -1.2513188454     C 
           -7.9023604149            5.4054105630            1.0240122656     C 
           -9.0306629140            4.7671368869            3.6003333282     C 
           -7.1808899738            8.1956775736            0.9342207343     C 
           -9.1577714912            1.2628889104           -2.5387263761     H 
          -13.2095062863           -0.3033939972           -3.4307812016     H 
          -13.6526501239           -3.0763388675           -5.2805519148     H 
          -10.9290306236           -1.1684530276           -5.7732798328     H 
           -8.9772461197           -7.5136049120            4.5510778431     H 
           -9.6073621366           -9.9341986617            2.3016399117     H 
           -6.5048986327           -8.6593989400            2.5528591654     H 
           -5.7421508176           -4.4738120094            3.9321663062     H 
           -4.2698415944           -0.1396889755            3.7293283958     H 
           -6.2480479006            4.1656456371           -3.6514055339     H 
           -3.7631023824            5.9779360246           -2.3851967761     H 
           -3.7010206978            0.2563833642           -3.1381314818     H 
           -2.3086764364            2.5027648725           -5.1867176208     H 
           -1.7107503515            3.0993027441            1.0661724129     H 
            0.7066101009            3.8691526169           -1.8633501248     H 
            3.8273858823           -0.9205426904            1.2626205500     H 
            3.9898875348            2.2067080272            0.0824844924     H 
            4.9462985974            0.4985109166           -4.2244745602     H 
            4.9871972451           -2.6015552621           -2.9614160238     H 
            8.2689249384            3.5499493694           -3.1079177428     H 
           12.5940820804            4.2033949277           -1.6796364610     H 
           15.8626667656            4.5298497758            1.3401460440     H 
           16.9647485398            3.3167995261           -1.6144418433     H 
           18.6053512027            2.5846786254            1.2300739986     H 
           13.5944089438           -7.0564667502            2.9994396531     H 
           10.4579267849           -5.8777981790            3.2858388914     H 
           11.6106559192           -6.9296769332            0.2862744694     H 
            8.3490492593           -3.9357024299           -0.1243080742     H 
           -0.4783098359           -3.0359053497           -3.1932236151     H 
           -2.0151354259           -2.4055709024           -0.2749140898     H 
            1.0593225041           -3.7303320389           -0.3102294555     H 
           -9.3514592354            5.0679783241           -0.4137887154     H 
           -7.6580879820            5.1082307011            5.0852273087     H 
           -9.6268849849            2.8036408145            3.6822728918     H 
          -10.6699190354            5.9550081083            3.9427046846     H 
           -5.7008852455            8.6069427758            2.2953737218     H 
           -6.5626253622            8.7741167338           -0.9370304341     H 
           -8.8229672767            9.3265262605            1.4244675381     H 
           -1.6787864401            5.2542988110            5.0443692779     H 
           -4.5850547931            5.2174231069            3.8243913135     H 
$end
$set
 chrg  2
 ewin_conf 50.0 
$end
