           1           2   2.0018708645254559     
           2           3   1.0021070323778138     
           3           4  0.95640589502181483     
           4           5   1.3595766375913310     
           5           6   1.4153751671382360     
           6           7   1.0912633598142987     
           7           8  0.97950834723784230     
           6           9   1.2346608389714291     
           9          10   1.0930797807797783     
          10          11  0.97873175879992280     
           9          12   1.4112503421432472     
           4          13   1.4386065570938713     
          12          13   1.3868052378557596     
           3          14  0.95817887449163197     
          14          15  0.98615594530809547     
          15          16   1.0480380843184864     
          16          17   1.4860478746320445     
          17          18  0.97929447794085156     
          18          19  0.96177342529771259     
          19          20   1.0037030243459351     
          20          21   1.4343396625404441     
          21          22   1.4050644124243465     
          22          23   1.4026171937314968     
          23          24   1.0961307378796388     
          24          25  0.97875222916798932     
          23          26   1.2373755264793895     
          26          27   1.0867147516852709     
          27          28  0.98229029830967751     
          20          29   1.3652955318420714     
          26          29   1.4168327231065743     
          17          30  0.99178178512048087     
           3          31  0.93270965991559363     
          31          32   1.0101798551692078     
          31          33   1.0109609652789477     
           5          34  0.95837401217326290     
           8          35  0.97557139519578273     
           8          36  0.97721188340588683     
           8          37  0.97565447535988725     
          11          38  0.97573345073068718     
          11          39  0.97753961118890464     
          11          40  0.97595347062689686     
          12          41  0.96462282107314523     
          13          42  0.96317466810397789     
          14          43  0.96753687230988861     
          14          44  0.97208510515805313     
          15          45  0.96027596878291388     
          15          46  0.92224332525592234     
           2          47  0.78177724977914753     
          16          47  0.16084321661747358     
          16          48  0.94950742418423473     
          18          49  0.96175313156958109     
          18          50  0.96747890032398276     
          19          51  0.97299848083390683     
          19          52  0.97249252548374698     
          21          53  0.96929769614836925     
          22          54  0.96436421911937964     
          25          55  0.97558499526081910     
          25          56  0.97542998406720960     
          25          57  0.97784760513211932     
          28          58  0.97766958031342610     
          28          59  0.97589405270404239     
          28          60  0.97562762744176268     
          29          61  0.96355141590559479     
          30          62  0.96323937063132847     
          30          63  0.95532784051126718     
          30          64  0.97578196648374338     
          31          65  0.96112500906548104     
          32          66  0.97864662960646998     
          32          67  0.98332007508860941     
          32          68  0.98135154969045657     
          33          69  0.98147823208674367     
          33          70  0.98406194893178112     
          33          71  0.98077032912480921     
           1          72  0.93250714881942665     
