   -0.17712927
   -0.03099760
   -0.01271546
    0.00083752
   -0.09093271
    0.12710012
   -0.24115065
    0.03042233
    0.12919558
   -0.22224822
    0.02646222
   -0.07157692
   -0.05171553
   -0.06472028
   -0.06844522
    0.00343817
    0.01927980
   -0.01891365
   -0.07057654
   -0.00150016
   -0.04971376
   -0.06823029
    0.13210229
   -0.22533520
    0.02586485
    0.13156944
   -0.22821837
    0.02816298
   -0.08032256
   -0.07044727
   -0.01392930
   -0.11139522
   -0.11080313
    0.04853304
    0.05072875
    0.07881360
    0.04097061
    0.05687076
    0.08094297
    0.05036557
    0.05077910
    0.05527537
    0.06676999
    0.05306774
    0.06430777
    0.07370392
    0.08119079
    0.06586039
    0.06615558
    0.06873633
    0.05550637
    0.05412542
    0.04400989
    0.05703899
    0.05258263
    0.05454400
    0.08089411
    0.08039100
    0.04660058
    0.05119914
    0.04519305
    0.07397039
    0.08132580
    0.07525049
    0.04914895
    0.04285106
    0.04620903
    0.04781179
    0.05543697
    0.03130943
    0.05250179
    0.19560888
