           1           2  0.97559985855693243     
           2           3   1.3994998354589872     
           3           4   1.3326310398294690     
           3           5  0.10595770123148587     
           4           5   1.1774944301228703     
           2           6   1.1990151590967730     
           5           6   1.4592010877161317     
           6           7  0.93329157615758618     
           7           8   1.5363282607289050     
           7           9   1.3997221534116768     
           8           9  0.18131254265615285     
           9          10   1.0513078215983798     
          11          12   2.0240038774358187     
           5          13  0.99569166592044489     
          11          13   1.4600819955852464     
          12          13  0.19192497423739618     
          13          14  0.91024680588198459     
           1          15  0.96248884592025041     
           1          16  0.95618325759222333     
           1          17  0.93303666535292396     
           3          18  0.94947379956061539     
          10          19  0.95539269009667271     
          10          20  0.94745976037566060     
          10          21  0.94131061884866640     
          14          22  0.96730579394863081     
          14          23  0.89961214820894142     
          14          24  0.97385099563052568     
           4          25  0.91949925061558768     
