   -0.30052511
    0.12864323
    0.00704576
   -0.00023376
   -0.07156836
    0.13582582
   -0.21710173
    0.02516920
    0.13021699
   -0.22640985
    0.02799090
   -0.06743222
   -0.03553514
   -0.06555692
   -0.06962062
   -0.00385535
   -0.21436746
   -0.05621618
   -0.05465493
    0.03505887
   -0.03408658
   -0.06348190
    0.14343360
   -0.19044412
    0.01740037
    0.13531910
   -0.22859087
    0.02377171
   -0.07785401
   -0.03677697
   -0.00866913
   -0.10741564
   -0.11782141
    0.05701577
    0.05803059
    0.08367545
    0.05493962
    0.05495897
    0.08175822
    0.04896384
    0.05029917
    0.15204909
    0.05058437
    0.06116308
    0.04072889
    0.04665715
    0.05557265
    0.04699644
    0.06933833
    0.06981409
    0.06427846
    0.06601078
    0.06495997
    0.06890035
    0.06504031
    0.06498311
    0.09125149
    0.08519335
    0.05272489
    0.05321559
    0.06241525
    0.05504712
    0.03255998
    0.04842933
    0.04123060
    0.04063738
    0.03395158
    0.05120621
    0.06329899
    0.04333596
    0.05252789
    0.15459842
