           1           2  0.99080518936556605     
           1           3  0.99997343888399681     
           2           4   1.2304741053827495     
           4           5   1.3450476256582584     
           5           6   1.1588774640920354     
           2           7   1.0146243309532432     
           6           7   1.0656633388551797     
           7           8   1.6991988140344361     
           6           9   1.2819413089014531     
           9          10   1.0015396563010313     
           9          11   1.0212511653117016     
          11          12   1.7317393784001816     
           5          13   1.2024194493159364     
          11          13   1.0717256429382074     
          12          13  0.11144819474432921     
          13          14  0.98918637721651159     
           3          15  0.95271325935517992     
           1          16  0.90517227105605702     
           1          17  0.93986362391564149     
           3          18  0.95911877137473522     
          10          19  0.96854842730544366     
          10          20  0.93404243168697509     
          10          21  0.93890147431467141     
          14          22  0.94731320626922644     
          14          23  0.94712918751006803     
          14          24  0.96464984034380707     
           3          25  0.95313632234121759     
