   -0.27627156
    0.09846539
    0.01240586
   -0.01285528
   -0.14670071
    0.13041020
   -0.24306404
    0.02795907
    0.13289873
   -0.20634432
    0.02426698
   -0.07253756
   -0.04520983
   -0.07088117
   -0.06803093
    0.00336618
    0.00554824
   -0.01608403
   -0.07003179
   -0.00084651
   -0.04876607
   -0.06761987
    0.13309062
   -0.22296457
    0.02523766
    0.13249571
   -0.22609849
    0.02788887
   -0.08027423
   -0.06816317
   -0.01407062
   -0.12428997
   -0.11417608
    0.12053477
    0.05698526
    0.07506392
    0.04855214
    0.06023945
    0.08616517
    0.05038235
    0.04783996
    0.04505443
    0.06634566
    0.05458267
    0.06938833
    0.07855249
    0.00724453
    0.06958349
    0.06710120
    0.06691148
    0.05419672
    0.05439109
    0.04530560
    0.05828640
    0.05351759
    0.05574401
    0.08186436
    0.08127919
    0.04703122
    0.05170959
    0.04514067
    0.07448366
    0.07419978
    0.07925945
    0.04993787
    0.07669521
    0.03919434
    0.05675567
    0.04634317
    0.03498807
    0.05496896
    0.15542734
