           1           2   1.9430424321383932     
           2           3   1.0044594250740027     
           3           4  0.88690344158555356     
           4           5   1.0663035414704829     
           5           6   1.5192357587716041     
           6           7   1.0756793054704559     
           7           8  0.97762378217510160     
           6           9   1.1371530038050441     
           9          10   1.1440703539908976     
          10          11  0.96905840755775841     
           9          12   1.2679030183107194     
           4          13   1.0213365542883284     
          12          13   1.6016820828362623     
           3          14  0.97900689460148782     
          14          15  0.99313580411787428     
          15          16   1.0587271264991116     
          16          17   1.3908776966062697     
          17          18  0.98839813383715869     
          18          19  0.96556894866661314     
          19          20   1.0081309688473123     
          20          21   1.4120987188312384     
          21          22   1.4150116396480785     
          22          23   1.3851263217087098     
          23          24   1.1089520248340983     
          24          25  0.97613303038326127     
          23          26   1.2205286710365157     
          26          27   1.1014006636557365     
          27          28  0.97922721606295771     
          20          29   1.3772712714977942     
          26          29   1.3978411018157697     
          17          30  0.99925743623209773     
           3          31  0.95392467596343322     
          31          32   1.0096956591927857     
          31          33   1.0064341538899977     
           4          34  0.84956247137901097     
           8          35  0.97335278524024316     
           8          36  0.97867980331346871     
           8          37  0.97255296062251817     
          11          38  0.97325668267431908     
          11          39  0.97612947048770693     
          11          40  0.97278764496839387     
          12          41  0.95613144530471550     
          13          42  0.95991672557928776     
          14          43  0.96476384768273604     
          14          44  0.96641189522379578     
          15          45  0.95111291215987603     
          15          46  0.92144303163937025     
           2          47  0.89774437437634136     
          16          48  0.95637397321751672     
          18          49  0.96517570166941868     
          18          50  0.96809315244369565     
          19          51  0.97261163673227591     
          19          52  0.97109305520521094     
          21          53  0.96810942524406429     
          22          54  0.96311871463233745     
          25          55  0.97294225730260564     
          25          56  0.97254033927004668     
          25          57  0.97683357571396945     
          28          58  0.97681678912976677     
          28          59  0.97365254604880214     
          28          60  0.97338791907244926     
          29          61  0.96259486727750321     
          30          62  0.96845660407688050     
          30          63  0.96120532415609028     
          30          64  0.97803895455690115     
          31          65  0.96049620113920930     
          32          66  0.96969299395378572     
          32          67  0.96748138311957965     
          32          68  0.97707278711268719     
          33          69  0.98353849975407526     
          33          70  0.98063917565326464     
          33          71  0.98142297186920491     
           1          72  0.94288620580110560     
