           1           2   1.9284965662673008     
           2           3   1.0014270020243816     
           3           4  0.99164080726713777     
           4           5   1.3614674578799095     
           5           6   1.4006152942414334     
           6           7   1.1040933435700757     
           7           8  0.97752438929728691     
           6           9   1.2098020028890366     
           9          10   1.1125605335257567     
          10          11  0.97567707103469536     
           9          12   1.3801893324031418     
           4          13   1.3976106952908063     
          12          13   1.4162578211798578     
           3          14  0.97443911975993047     
          14          15   1.0050710614640632     
          15          16  0.99807713131936127     
          16          17   1.0064649823577128     
          17          18   1.0073626187486884     
          18          19  0.96937491348371929     
          19          20   1.0152277246985695     
          20          21   1.3880673872847538     
          21          22   1.4265713990915889     
          22          23   1.3717151925978095     
          23          24   1.1174708906281812     
          24          25  0.97480361553458572     
          23          26   1.2079927345431833     
          26          27   1.1122711388613047     
          27          28  0.97664635564474855     
          20          29   1.3852786585324350     
          26          29   1.3863784892385476     
          17          30   1.0166253801724845     
           3          31  0.82357165141854338     
          31          32   1.0065730985555124     
          31          33   1.1270123468998494     
           5          34  0.95641049118118193     
           8          35  0.97250378516664171     
           8          36  0.97622656070439151     
           8          37  0.97223781945359100     
          11          38  0.97188894648926771     
          11          39  0.97653283419420167     
          11          40  0.97213414480297333     
          12          41  0.96233037258085075     
          13          42  0.95009161059116098     
          14          43  0.96915719684524437     
          14          44  0.97045352460076806     
          15          45  0.96796258173514027     
          15          46  0.97246065775506096     
          16          47  0.94371106967705298     
          16          48  0.96882135911577483     
          18          49  0.95760801387907823     
          18          50  0.97044591401403724     
          19          51  0.96935861877605456     
          19          52  0.96653025893062483     
          21          53  0.96682135392749524     
          22          54  0.96220173802249664     
          25          55  0.97091858328009795     
          25          56  0.97097826865503523     
          25          57  0.97623467815610609     
          28          58  0.97631552321302961     
          28          59  0.97184953376002503     
          28          60  0.97165901453187686     
          29          61  0.96137835008369699     
          30          62  0.97199353050609916     
          30          63  0.96459963854726505     
          30          64  0.97805751477572944     
          31          65  0.92559123386508957     
          32          66  0.97234575417123892     
          32          67  0.98048526150856818     
          32          68  0.97988115050628566     
          33          69  0.97963162222252476     
           2          70  0.93061016465921453     
          33          71  0.98049221635326411     
           1          72  0.94052547011466181     
