   -0.17694596
    0.04277173
    0.00880829
   -0.01371177
   -0.10731934
    0.11653531
   -0.21567932
    0.02623609
    0.11461176
   -0.21722439
    0.02727580
   -0.11472114
   -0.01057687
   -0.06989827
   -0.07106828
    0.00598190
    0.01500517
   -0.01639957
   -0.07033812
   -0.00164253
   -0.04997238
   -0.06817932
    0.13276921
   -0.22370643
    0.02552179
    0.13249442
   -0.22619234
    0.02756017
   -0.07999658
   -0.07247132
   -0.01494976
   -0.11495454
   -0.11645955
    0.03754268
    0.05892743
    0.07978188
    0.05344877
    0.05860115
    0.07983968
    0.04769761
    0.03055197
    0.08113344
    0.06243269
    0.06393444
    0.06994423
    0.07951018
    0.02982985
    0.06681183
    0.06562387
    0.06306732
    0.05458099
    0.05620892
    0.04363368
    0.05743739
    0.05311642
    0.05518097
    0.08167573
    0.08128327
    0.04776434
    0.05205167
    0.04665302
    0.07685419
    0.08520449
    0.07630647
    0.04590447
    0.04266049
    0.04351000
    0.05023911
    0.04669294
    0.04127721
    0.05296763
    0.15695370
