           1           2  0.91828464837531487     
           2           3  0.95929681005425371     
           3           4   1.0030785693052502     
           4           5   1.2962811518047508     
           5           6   1.3659656239876661     
           6           7   1.1156596922511595     
           7           8  0.97520455822368102     
           6           9   1.1212915152280951     
           9          10   1.1134490640151447     
          10          11  0.97661264125897740     
           4          12   1.3068153602171484     
           9          12   1.3514757809115630     
           1          13   1.1861922388110175     
           2          13   1.0098018496664083     
           3          14  0.96609840077126230     
          14          15  0.96741155016186164     
          15          16   1.0675646389157694     
          16          17   1.4126568927696290     
          17          18  0.98861800689063406     
          18          19  0.96549949328657581     
          19          20   1.0078916368450288     
          20          21   1.4114599917265216     
          21          22   1.4153148905780262     
          22          23   1.3855240581572030     
          23          24   1.1079287263497397     
          24          25  0.97637147977368743     
          23          26   1.2215007587642088     
          26          27   1.1019212156645679     
          27          28  0.97886613269812406     
          20          29   1.3786676481917211     
          26          29   1.3967253939118252     
          17          30  0.99736480024481589     
           3          31  0.93724243446006528     
          31          32   1.0086856539985791     
          31          33   1.0081571757165968     
           5          34  0.96870211795101302     
           8          35  0.97213004825666938     
           8          36  0.97827245600160684     
           8          37  0.97224517863337911     
          11          38  0.97240984863367674     
          11          39  0.97825830639119515     
          11          40  0.97317877840903422     
          12          41  0.96764741541502319     
          13          42  0.95125275491062444     
          14          43  0.96806938911957574     
          14          44  0.96775540946678595     
          15          45  0.96075221294060853     
          15          46  0.93194700066791503     
           2          47  0.95534581903194593     
          16          48  0.95759134500759513     
          18          49  0.96507190305561630     
          18          50  0.96804494849229883     
          19          51  0.97202929136567195     
          19          52  0.97206024577446515     
          21          53  0.96819115286962765     
          22          54  0.96322056064215733     
          25          55  0.97286383044293967     
          25          56  0.97289426066457052     
          25          57  0.97685035254394881     
          28          58  0.97681008083326393     
          28          59  0.97362970917407643     
          28          60  0.97339589759684531     
          29          61  0.96271122667347131     
          30          62  0.96423748938829468     
          30          63  0.95679701699224928     
          30          64  0.97773538679518979     
          31          65  0.96123332162075248     
          32          66  0.97967838881788927     
          32          67  0.98037321747924422     
          32          68  0.98284501826728898     
          33          69  0.97557518266534260     
          33          70  0.98287041339886683     
          33          71  0.98001889357604410     
           1          72  0.92664975362108704     
