           1           2   1.9613503491231234     
           2           3  0.98837769978372647     
           3           4  0.98036875632840892     
           4           5   1.0426350032436236     
           5           6   1.5156562465205068     
           5           7  0.12027875362842064     
           6           7   1.1614434929861881     
           7           8  0.95832887722245197     
           6           9  0.97403691544907611     
           9          10   1.0095773913686557     
          10          11  0.98013267526476167     
           5          12  0.95682506895696495     
           9          12  0.91431499051753695     
           4          13   1.7326023634681811     
          12          13  0.99786734050754011     
           3          14  0.94923814284689945     
          14          15  0.98581910365714964     
          15          16   1.0584993890982850     
          16          17   1.3953727083589458     
          17          18  0.98797732980345987     
          18          19  0.96567858110068394     
          19          20   1.0078515208015539     
          20          21   1.4083091229515081     
          21          22   1.4174871002910909     
          22          23   1.3825890391611468     
          23          24   1.1114596706408646     
          24          25  0.97561928592760139     
          23          26   1.2187921057325346     
          26          27   1.1047280715839847     
          27          28  0.97826525375759965     
          20          29   1.3803265904375890     
          26          29   1.3944060860064194     
          17          30  0.99931276177141892     
           3          31  0.94165809015152946     
          31          32   1.0082122633062855     
          31          33   1.0091847752669258     
          12          34  0.95650448037142377     
           8          35  0.97476177736933833     
           8          36  0.97506477280524639     
           8          37  0.97005481867962762     
          11          38  0.97553841556845478     
          11          39  0.97627642565483186     
          11          40  0.97540935566417808     
           9          41  0.93566882434761200     
          13          42  0.96148014741599686     
          14          43  0.96744186637900031     
          14          44  0.97189573983018529     
          15          45  0.96119298748475279     
          15          46  0.92709912577308451     
           2          47  0.90847311556766419     
          16          48  0.95772287142661938     
          18          49  0.96451990303019197     
          18          50  0.96755744966504298     
          19          51  0.97153857403901445     
          19          52  0.97213848643838841     
          21          53  0.96815239538741615     
          22          54  0.96303326790649579     
          25          55  0.97261611921778068     
          25          56  0.97230294921450355     
          25          57  0.97666253925046143     
          28          58  0.97663465830153318     
          28          59  0.97327741866998352     
          28          60  0.97313605942154269     
          29          61  0.96237382999907151     
          30          62  0.96722564948361345     
          30          63  0.96062939662537405     
          30          64  0.97746691420250598     
          31          65  0.96110403312787263     
          32          66  0.97426386745474669     
          32          67  0.98051846755760386     
          32          68  0.98126791357229226     
          33          69  0.97703554059628117     
          33          70  0.98319076480695800     
          33          71  0.98007096472682953     
           1          72  0.94107889872445893     
