   -0.15831951
    0.12087968
    0.02822724
    0.00510034
   -0.07810084
    0.13054534
   -0.23000006
    0.02773718
    0.13119523
   -0.22772773
    0.02664396
   -0.07101921
   -0.05096913
   -0.05836065
   -0.07136621
   -0.00194063
   -0.12404413
    0.00332422
   -0.07201049
    0.00819389
   -0.04591632
   -0.06672484
    0.13275779
   -0.22191703
    0.02555226
    0.13330932
   -0.22415360
    0.02725288
   -0.07672174
   -0.04634791
   -0.00950359
   -0.11295389
   -0.11581807
    0.05231321
    0.05080153
    0.08159711
    0.04794313
    0.05358895
    0.08126364
    0.04982638
    0.05516991
    0.03844192
    0.06457793
    0.05200739
    0.05191059
    0.06388098
    0.02833204
    0.04479114
    0.03289110
    0.04559814
    0.06059745
    0.05247998
    0.05013904
    0.05722862
    0.05406803
    0.05582989
    0.08122421
    0.08057608
    0.05013678
    0.05354836
    0.05035940
    0.05381567
    0.03111778
    0.05922461
    0.05557522
    0.03835240
    0.04675092
    0.05954401
    0.03759041
    0.04702546
    0.06107261
    0.23200426
