           1           2   2.2172202082650134     
           2           3   1.1070315613037016     
           3           4  0.94293063464793170     
           4           5   1.3668731894023500     
           5           6   1.4010100088207589     
           6           7   1.0992948583172828     
           7           8  0.97811054977107437     
           6           9   1.2244370983087161     
           9          10   1.1045258268729343     
          10          11  0.97680190422820934     
           9          12   1.3946519303621956     
           4          13   1.4235784685341795     
          12          13   1.4026109128956545     
           3          14  0.91534081326200301     
          14          15   1.0094358175143219     
          15          16  0.99710119722414869     
          16          17   1.0065064552968173     
          17          18   1.0058316205134363     
          18          19  0.97366610232150974     
          19          20   1.0139962670204163     
          20          21   1.3984747374250293     
          21          22   1.4204737877680562     
          22          23   1.3797499347535307     
          23          24   1.1075000359484499     
          24          25  0.97691834191464233     
          23          26   1.2160238219242954     
          26          27   1.1032687217825146     
          27          28  0.97864218139646253     
          20          29   1.3815238218563670     
          26          29   1.3929121583849007     
          17          30   1.0167257801646730     
           3          31  0.88315772914717416     
          31          32   1.0118345484742952     
          31          33   1.0122670294200691     
           5          34  0.95829407983822734     
           8          35  0.97411196773917430     
           8          36  0.97667512166324844     
           8          37  0.97383628841739911     
          11          38  0.97375607993519930     
          11          39  0.97698870563031526     
          11          40  0.97397844073591500     
          12          41  0.96346757590721510     
          13          42  0.96352427571125121     
          14          43  0.96566795276298789     
          14          44  0.97298743335142690     
          15          45  0.96860196668652865     
          15          46  0.96866594491522551     
          16          47  0.95242241947502082     
          16          48  0.96948599874050556     
          18          49  0.95944499933673999     
          18          50  0.97067075335990127     
          19          51  0.97114139509232422     
          19          52  0.96538129705245357     
          21          53  0.96727751538050832     
          22          54  0.96290902926465127     
          25          55  0.97207483424547592     
          25          56  0.97233450031965396     
          25          57  0.97684769304301589     
          28          58  0.97689498159886512     
          28          59  0.97285198153677466     
          28          60  0.97268481195847944     
          29          61  0.96196238147784807     
          30          62  0.97548096752259827     
          30          63  0.96619928839336311     
          30          64  0.97765496965645415     
          31          65  0.95729640487567536     
          32          66  0.98359866011082564     
          32          67  0.98201406418066584     
          32          68  0.98085459616903892     
          33          69  0.98403644477443786     
          33          70  0.98264608088254368     
          33          71  0.98006518561045264     
           1          72  0.88214283299468865     
