           1           2  0.98420379064204133     
           2           3   1.3818651687594121     
           3           4   1.2969865335621504     
           4           5   1.1842619226211217     
           2           6   1.2043185227179274     
           5           6   1.4225526697463966     
           6           7  0.95774332002626372     
           7           8   1.6268719480636500     
           7           9  0.39289781265390500     
           8           9  0.13751615471267289     
           9          10   1.7481363213448651     
           9          11   1.0098138203526095     
          11          12   1.7282948129241893     
           5          13   1.1409485960474675     
          11          13   1.0963239747969280     
          12          13  0.14294882703178802     
          13          14  0.97473593917666834     
           1          15  0.95463555451198756     
           1          16  0.96980548554868773     
           1          17  0.95657421447368329     
           3          18  0.95213123374744613     
          10          19  0.94215852485997043     
          10          20  0.94417972042696285     
           7          21  0.88926618665782386     
          14          22  0.97372509226777737     
          14          23  0.96920164597576208     
          14          24  0.96539868105896121     
           4          25  0.91728199272673105     
