           1           2  0.98295192890912131     
           2           3   1.4218158012152131     
           3           4   1.2876292806646699     
           4           5   1.1877254095933458     
           2           6   1.1799621952716546     
           5           6   1.3847809931469206     
           6           7   1.0064979199324291     
           7           8   1.7371769837667985     
           7           9   1.1352794775443953     
           8           9  0.11478193574852556     
           9          11   1.5299750500614326     
           9          12  0.11569130976075954     
          10          12  0.92313687713415415     
          11          12   1.2034764684814323     
           5          13   1.1922505804099979     
          11          13   1.0725912039398369     
          13          14  0.97453010077120772     
           1          15  0.95639497478201907     
           1          16  0.96204074199846368     
           1          17  0.95927995428316992     
           3          18  0.95176772706158574     
          10          19  0.97193755608459198     
          10          20  0.97047039657474610     
          10          21  0.97099459062269822     
          14          22  0.97167056302238142     
          14          23  0.97152956336826390     
          14          24  0.96886090739936814     
           4          25  0.91890971692194279     
