   -0.26506419
    0.10142784
    0.00796298
    0.00756777
   -0.06962485
    0.10288245
   -0.09466291
    0.03752083
    0.13502856
   -0.23041633
    0.02460589
   -0.07394822
   -0.04653597
   -0.06984500
   -0.06869127
    0.01216410
    0.01343019
   -0.01702996
   -0.07072798
    0.00032879
   -0.04815264
   -0.06693390
    0.13419974
   -0.21972578
    0.02422026
    0.13358272
   -0.22296567
    0.02674853
   -0.07936518
   -0.06995788
   -0.00857757
   -0.11811807
   -0.11852143
    0.09434157
   -0.31018090
    0.10158639
    0.09600312
    0.05802504
    0.08359673
    0.05099906
    0.05722232
    0.04585122
    0.09086226
    0.05498650
    0.06527436
    0.08985272
    0.00458665
    0.07294405
    0.06764924
    0.06855178
    0.05679672
    0.05611906
    0.04692105
    0.05999073
    0.05534646
    0.05709915
    0.08339781
    0.08272873
    0.04888823
    0.05323369
    0.04735652
    0.07846509
    0.07702793
    0.08060304
    0.05096685
    0.06797819
    0.03240449
    0.05358249
    0.06052477
    0.04082459
    0.05705277
    0.15773370
