           1           2   1.9570337030297531     
           2           3  0.99367445418074440     
           3           4  0.97152239126579609     
           4           5   1.4021424573262946     
           5           6   1.3629519428471568     
           6           7   1.0491332704593144     
           7           8   1.2967887723785112     
           6           9   1.2251740366262494     
           9          10   1.1117377815693885     
          10          11  0.97242937565514609     
           9          12   1.3805674211467367     
           4          13   1.3881025990410045     
          12          13   1.4159443874522755     
           3          14  0.95553724865328016     
          14          15  0.97781415720247711     
          15          16   1.0649096284540889     
          16          17   1.4135766260365679     
          17          18  0.98710514009455963     
          18          19  0.96656096069225350     
          19          20   1.0076559582961062     
          20          21   1.4071154687262872     
          21          22   1.4183438522984353     
          22          23   1.3812325870712496     
          23          24   1.1130893401005948     
          24          25  0.97520030167846516     
          23          26   1.2175460154983506     
          26          27   1.1056106980175064     
          27          28  0.97818032001124056     
          20          29   1.3808618336171223     
          26          29   1.3936047655869144     
          17          30  0.99747838525116839     
           3          31  0.93774684871581504     
          31          32   1.0080913814605359     
          31          33   1.0084388436125109     
           5          34  0.90927121642559094     
           8          36  0.96345278834668102     
           8          37  0.94854203091742861     
          11          38  0.97420232213597602     
          11          39  0.97674893924580619     
          11          40  0.97462255312276191     
          12          41  0.96317593528220036     
          13          42  0.96288781189320849     
          14          43  0.93888847653035401     
          14          44  0.97093156562935545     
          15          45  0.96132947340968289     
          15          46  0.92050808445198018     
           2          47  0.90064291753972114     
          16          48  0.95646584442913030     
          18          49  0.96369174355397891     
          18          50  0.96776963573523422     
          19          51  0.97160196785392505     
          19          52  0.97153166577856898     
          21          53  0.96790729795623520     
          22          54  0.96282823581499499     
          25          55  0.97219387092875964     
          25          56  0.97218541124793612     
          25          57  0.97654419620497890     
          28          58  0.97655750858854007     
          28          59  0.97318416173688749     
          28          60  0.97295908726163005     
          29          61  0.96239130942493378     
          30          62  0.96638353742001415     
          30          63  0.96361800837230671     
          30          64  0.97748804768691344     
          31          65  0.95587051905980336     
          32          66  0.97311539904605926     
          32          67  0.98144194784985472     
          32          68  0.98036491903543121     
          33          69  0.97455004417740754     
          33          70  0.98135885028288672     
          33          71  0.97847972314150178     
           1          72  0.94101093142714409     
