           1           2   1.9530299332916592     
           2           3  0.99426268010039043     
           3           4  0.97423918264528619     
           4           5   1.3677021353508190     
           5           6   1.4025304626620603     
           6           7   1.0942161993958095     
           7           8  0.97890497488376305     
           6           9   1.2265008147495193     
           9          10   1.0965422376100402     
          10          11  0.97850414972488364     
           9          12   1.3940741262969658     
           4          13   1.4177947708608549     
          12          13   1.4043310912756435     
           3          14  0.95235147397953290     
          14          15  0.98702306206659074     
          15          16   1.0598856863376653     
          16          17   1.3954220195746962     
          17          18  0.98183361719518170     
          18          19   1.0161645651670530     
          19          20   1.6729388311811522     
          20          21   1.1907866288370554     
          21          22   1.5919543309103068     
          22          23   1.2005514599702081     
          23          24   1.0821474994045281     
          24          25  0.97795646308254047     
          23          26   1.4185172696218182     
          26          27   1.1251154600504885     
          27          28  0.97857400621224200     
          20          29   1.0089548167733273     
          26          29   1.0234707219426242     
          17          30   1.0008926305179346     
           3          31  0.94458231159631301     
          31          32   1.0085900250848963     
          31          33   1.0084199122751689     
           5          34  0.95843281916922995     
           8          35  0.97405261246713337     
           8          36  0.97686383562746149     
           8          37  0.97380782816518174     
          11          38  0.97388340607127288     
          11          39  0.97714166823126414     
          11          40  0.97399524983373775     
          12          41  0.96397164899578680     
          13          42  0.96222894321380481     
          14          43  0.96770328296523678     
          14          44  0.97243629175999335     
          15          45  0.95764626210245007     
          15          46  0.92597286007016266     
           2          47  0.90462433404811826     
          16          48  0.95463423574436646     
          18          49  0.95358698514212792     
          18          50  0.93798062496468737     
          19          51  0.95946225899059812     
          29          52  0.93293230513479819     
          21          53  0.96499580330800971     
          22          54  0.96156995367523712     
          25          55  0.97315295892213460     
          25          56  0.97279635226551431     
          25          57  0.97621251215742788     
          28          58  0.97566506208450143     
          28          59  0.97072614927838674     
          28          60  0.96928419835688162     
          29          61  0.93161260419391501     
          30          62  0.96865253958588782     
          30          63  0.96326394062647835     
          30          64  0.97607509826920102     
          31          65  0.96106382548544900     
          32          66  0.97650804227715804     
          32          67  0.98224164516792678     
          32          68  0.98217195496245380     
          33          69  0.97578256456071055     
          33          70  0.98330714215185289     
          33          71  0.98042805064790639     
           1          72  0.94322571344342521     
