           1           2  0.98596473230407933     
           2           3   1.3774660472546796     
           3           4   1.2712113951569421     
           4           5   1.1825653822104298     
           2           6   1.1606361109426619     
           5           6   1.3704573400827151     
           6           7   1.0738846098810586     
           7           8   1.7046729297362242     
           7           9   1.0517867980416704     
           8           9  0.12918319720057672     
           9          10  0.91902566566201493     
           9          11   1.3772974266136768     
          10          12   1.0512093193542738     
           5          13   1.1769397465793101     
          11          13   1.2818808240943642     
          13          14  0.98247617907322926     
           1          15  0.95553273235107072     
           1          16  0.96479598222324514     
           1          17  0.96114798608792362     
           3          18  0.95358499016932086     
          10          19  0.95277883206243852     
          12          20  0.88174685393345542     
          10          21  0.95690578339578236     
          14          22  0.97042307719488607     
          14          23  0.97171664531890922     
          14          24  0.97204610064409958     
           4          25  0.92068699166609747     
