   -0.19534352
    0.04018912
    0.02426353
   -0.00482186
   -0.08221475
    0.12713595
   -0.23672775
    0.02974361
    0.12664155
   -0.23503365
    0.02867025
   -0.07694113
   -0.05640575
   -0.06278492
   -0.07043140
   -0.02932498
    0.11958867
   -0.02039072
   -0.09968032
    0.02316101
   -0.09597959
   -0.13792465
    0.14215799
   -0.23927113
    0.02804392
    0.14235716
   -0.22182062
    0.02443660
   -0.09546965
   -0.07866193
   -0.00723347
   -0.11169074
   -0.11961667
    0.04671134
    0.05028292
    0.07910405
    0.04400594
    0.05217347
    0.07918120
    0.04458220
    0.04783554
    0.03288884
    0.06499681
    0.05738826
    0.05762781
    0.06191720
    0.07051123
    0.07651771
    0.07312716
    0.06793668
    0.05507600
    0.05168175
    0.04275244
    0.06040583
    0.04874850
    0.05341190
    0.07617341
    0.08193579
    0.05288988
    0.05137910
    0.05117158
    0.08561576
    0.07754659
    0.09109942
    0.04787046
    0.04458543
    0.04032240
    0.05328773
    0.05796033
    0.04039722
    0.05709793
    0.19318203
