           1           2   2.0879360485492193     
           2           3   1.0329909770566994     
           3           4  0.97016397353237760     
           4           5   1.3663295399903708     
           5           6   1.4062501932615081     
           6           7   1.0924104988386185     
           7           8  0.97928253569573143     
           6           9   1.2303515366188362     
           9          10   1.0952081648085585     
          10          11  0.97877192432101245     
           9          12   1.3983554821792046     
           4          13   1.4266896528520805     
          12          13   1.3989948046109524     
           3          14  0.93671311264683521     
          14          15   1.0039140753831974     
          15          16   1.0073004875639837     
          16          17  0.93225513105305424     
          17          18  0.92505857523432289     
          18          19   1.0279396799488143     
          19          20   1.4144209657556841     
          17          21  0.92745773693052047     
          20          21   1.3698694370807227     
          22          23   1.7574000536721477     
          22          24  0.12358978614407354     
          23          24   1.0866673254886754     
          24          25  0.97762415899119470     
          23          26   1.0004362299259428     
          26          27   1.1136311657770541     
          27          28  0.97669911283959010     
          20          29   1.1171750286238475     
          26          29   1.6301699474083295     
          27          29  0.10826703587271722     
          17          30  0.96001826610481300     
           3          31  0.90138316975828470     
          31          32   1.0112238996857053     
          31          33   1.0145137326442810     
           5          34  0.95859449756748072     
           8          35  0.97485306068781741     
           8          36  0.97701819926096545     
           8          37  0.97448470407948506     
          11          38  0.97450786722571958     
          11          39  0.97725977893294003     
          11          40  0.97478481785360016     
          12          41  0.96414812797373894     
          13          42  0.95599792831705832     
          14          43  0.96544598522259140     
          14          44  0.97326575487170319     
          15          45  0.96396272913242131     
          15          46  0.97044291339757449     
          16          47  0.94716490493366967     
          16          48  0.97000563896172776     
          18          49  0.95553743285541404     
          18          50  0.95546631911791435     
          19          51  0.96453568648574683     
          22          52  0.97494690345134261     
          21          53  0.96832997207832139     
          22          54  0.96979933494570036     
          25          55  0.97365491927349446     
          25          56  0.97463300479259540     
          25          57  0.97703612659445371     
          28          58  0.97581059978546114     
          28          59  0.97336092461659873     
          28          60  0.97226782921287902     
          29          61  0.95497587754478608     
          30          62  0.97274187756333630     
          30          63  0.97579107891574801     
          30          64  0.97701190818503081     
          31          65  0.95357396755896084     
          32          66  0.98417021597349041     
          32          67  0.98293312793808829     
          32          68  0.98202866050321391     
          33          69  0.97493823816480596     
          33          70  0.98415451161576661     
          33          71  0.97829882339363661     
           1          72  0.91273273684318679     
