   -0.26559561
    0.10007568
    0.00652337
    0.00991088
   -0.07955556
    0.13655989
   -0.23132991
    0.02538901
    0.10163609
   -0.09497438
    0.03594861
   -0.06059976
   -0.04938883
   -0.06551610
   -0.06883062
    0.00669219
    0.01306071
   -0.01727863
   -0.07047724
    0.00048695
   -0.04829518
   -0.06716194
    0.13412612
   -0.21975513
    0.02444283
    0.13400273
   -0.22232463
    0.02623010
   -0.07907749
   -0.07024459
   -0.00725421
   -0.11941410
   -0.11931131
    0.05677765
    0.05662603
    0.08348719
    0.04994705
    0.09254024
    0.10074732
   -0.24822951
    0.08832554
    0.04957532
    0.06012000
    0.05602153
    0.06432806
    0.08011828
    0.00899714
    0.07035089
    0.07063021
    0.06777126
    0.05467479
    0.05683689
    0.04569547
    0.05918548
    0.05498741
    0.05671206
    0.08320624
    0.08293500
    0.05078433
    0.05347313
    0.04895174
    0.07565853
    0.07935982
    0.08430590
    0.03684525
    0.07057470
    0.03430887
    0.05243880
    0.06192782
    0.03503980
    0.05572704
    0.15953681
