           1           2   1.9590852615584364     
           2           3  0.99310797183303201     
           3           4  0.97310217002012434     
           4           5   1.3775294280495392     
           5           6   1.3921290503839512     
           6           7   1.1095913401052817     
           7           8  0.97338039637039819     
           6           9   1.2246197466617794     
           9          10   1.0515240118954174     
          10          11   1.2937822513871857     
           9          12   1.3549979692456746     
           4          13   1.3876315385251095     
          12          13   1.4411490015030028     
           3          14  0.95601914828109047     
          14          15  0.98429669068482917     
          15          16   1.0576037221418570     
          16          17   1.4048416407429325     
          17          18  0.98769158401982138     
          18          19  0.96586638598787578     
          19          20   1.0078245279642297     
          20          21   1.4075008553878883     
          21          22   1.4172252808684958     
          22          23   1.3822062791118968     
          23          24   1.1127287420590375     
          24          25  0.97546205267298847     
          23          26   1.2164250614966934     
          26          27   1.1072163568084754     
          27          28  0.97749536923151370     
          20          29   1.3805199539776647     
          26          29   1.3935258966110253     
          17          30  0.99812448302634416     
           3          31  0.94115175914884108     
          31          32   1.0083553207891915     
          31          33   1.0091049305337656     
           5          34  0.95716063069692714     
           8          35  0.97416836452257882     
           8          36  0.97652193829857215     
           8          37  0.97461214453199807     
          11          38  0.94983262146586722     
          11          39  0.96385154960568920     
          12          41  0.91715958152789701     
          13          42  0.96045362043169435     
          14          43  0.96879401322793446     
          14          44  0.97171769708300826     
          15          45  0.96140500053043421     
          15          46  0.92699964444951999     
           2          47  0.89648321825582733     
          16          48  0.95702472919547399     
          18          49  0.96368425676976999     
          18          50  0.96767918996417834     
          19          51  0.97214388456841272     
          19          52  0.97135192893689037     
          21          53  0.96798608111619722     
          22          54  0.96296042673242854     
          25          55  0.97237596744763377     
          25          56  0.97215120671222310     
          25          57  0.97658423380834913     
          28          58  0.97653022324340100     
          28          59  0.97296191211540584     
          28          60  0.97285034133500181     
          29          61  0.96232855946325668     
          30          62  0.96639223963886345     
          30          63  0.96226827346115829     
          30          64  0.97680219616328245     
          31          65  0.96017443009489090     
          32          66  0.97367408601496075     
          32          67  0.98201236433044781     
          32          68  0.98131079354339557     
          33          69  0.97632475070977653     
          33          70  0.98293341198598472     
          33          71  0.97983267313993838     
           1          72  0.94073207975253892     
