           1           2  0.98596661438998923     
           2           3   1.3774338743815429     
           3           4   1.2712614850184145     
           4           5   1.1824957502646118     
           2           6   1.1606880296398814     
           5           6   1.3704616553187638     
           6           7   1.0739295795284451     
           7           8   1.7043719903597709     
           7           9   1.0520088175095632     
           8           9  0.12921036093013513     
           9          10  0.91893842480114041     
           9          11   1.3771287133123926     
          10          12   1.0514279985660251     
           5          13   1.1769470461201363     
          11          13   1.2819855431940081     
          13          14  0.98247464809186191     
           1          15  0.95551098462215700     
           1          16  0.96482036635460955     
           1          17  0.96112696302877487     
           3          18  0.95358113581846404     
          10          19  0.95275545886063540     
          12          20  0.88162018571577838     
          10          21  0.95674829332701916     
          14          22  0.97043320335555716     
          14          23  0.97169862922060068     
          14          24  0.97204797385158104     
           4          25  0.92068929222508145     
