           1           2   1.9584204300630992     
           2           3  0.99374767349906645     
           3           4  0.97061112621128720     
           4           5   1.3696254923234781     
           5           6   1.3987569913697124     
           6           7   1.1022051761503668     
           7           8  0.97740003840805889     
           6           9   1.2187453563020061     
           9          10   1.1060761234766530     
          10          11  0.97619763340626353     
           9          12   1.3885036492914618     
           4          13   1.4106139137965643     
          12          13   1.4072794756393661     
           3          14  0.95669877192884467     
          14          15  0.98250834376454133     
          15          16   1.0597145719419878     
          16          17   1.4213019113546328     
          17          18  0.98586739858807104     
          18          19  0.96744781126690627     
          19          20   1.0015688641915883     
          20          21   1.3238582261160887     
          21          22   1.4177340514339221     
          22          23   1.3884735336528304     
          23          24   1.1530449968129686     
          24          25  0.97190712967964310     
          23          26   1.0486264104331291     
          26          27   1.5759602867199614     
          20          29   1.4921754750033152     
          26          29   1.1663514669220412     
          17          30  0.99716047170050159     
           3          31  0.94100255642236608     
          31          32   1.0082746899293842     
          31          33   1.0085666984475177     
           5          34  0.95776997327339031     
           8          35  0.97313942057695058     
           8          36  0.97640578470330364     
           8          37  0.97313142840252709     
          11          38  0.97299022059459084     
          11          39  0.97662504173957454     
          11          40  0.97292020844294580     
          12          41  0.96336641777543108     
          13          42  0.96225129929068365     
          14          43  0.96781950411718498     
          14          44  0.97192145336510827     
          15          45  0.96039392340542851     
          15          46  0.92541978374839295     
           2          47  0.89842612767913876     
          16          48  0.95644986121825937     
          18          49  0.96185130422255316     
          18          50  0.96817741845905969     
          19          51  0.97333586556572604     
          19          52  0.96931262955881881     
          21          53  0.96834812499841627     
          22          54  0.95877855713282012     
          25          55  0.96992667064796567     
          25          56  0.96940532840287141     
          25          57  0.97620168306929700     
          28          58  0.98786214582154974     
          28          59  0.99049383038085126     
          28          60  0.99035175511913642     
          29          61  0.96401438291177100     
          30          62  0.96620245877557331     
          30          63  0.96291313834887271     
          30          64  0.97669522492820926     
          31          65  0.95964020032313346     
          32          66  0.97325539607170497     
          32          67  0.98142549578135452     
          32          68  0.98077219852115838     
          33          69  0.97548510369422670     
          33          70  0.98265266112116512     
          33          71  0.97938047647429838     
           1          72  0.94054679966429333     
