   -0.29345325
    0.08506843
   -0.02648416
   -0.04040215
   -0.06833092
    0.12923017
   -0.23604885
    0.03022075
    0.12691110
   -0.23809440
    0.03028266
   -0.07569342
   -0.04440629
   -0.07049267
   -0.06518878
    0.00947851
    0.00461702
   -0.01630711
   -0.07000868
   -0.00074288
   -0.04922693
   -0.06766451
    0.13307476
   -0.22294910
    0.02538833
    0.13281116
   -0.22546340
    0.02738019
   -0.07924989
   -0.06808299
    0.03976358
   -0.13272378
   -0.11842174
    0.05090279
    0.05426336
    0.07858951
    0.04238305
    0.05338743
    0.07829334
    0.03914362
    0.04129902
    0.03851235
    0.06025818
    0.05267770
    0.06778289
    0.07401470
    0.01349488
    0.07137463
    0.06763837
    0.06816328
    0.05445108
    0.05368446
    0.04334761
    0.05759229
    0.05369602
    0.05511748
    0.08177325
    0.08137543
    0.04889284
    0.05179070
    0.04709021
    0.07274197
    0.07954914
    0.08017380
    0.06163156
    0.09139627
    0.07402465
    0.06647002
    0.06147567
    0.05221293
    0.06305260
    0.15149018
