   -0.29096955
    0.09240529
    0.00856657
   -0.01830944
   -0.07404627
    0.11478837
   -0.20897990
    0.02369605
    0.12352814
   -0.24535498
    0.02990107
   -0.08795866
   -0.04941883
   -0.06654660
   -0.06616576
   -0.00966555
   -0.00213185
   -0.01411138
   -0.06965624
   -0.00277484
   -0.05075063
   -0.06910105
    0.13085255
   -0.22918137
    0.02733811
    0.13061644
   -0.23153127
    0.02951168
   -0.08075072
   -0.06740636
    0.00951537
   -0.12244115
   -0.11694202
    0.06831475
    0.05740825
    0.08716755
    0.05320102
    0.05086054
    0.07801290
    0.04529893
    0.04920663
    0.03834217
    0.05371689
    0.05219080
    0.06141682
    0.06970916
    0.01521422
    0.05964197
    0.06302641
    0.06403776
    0.05153568
    0.05261335
    0.04127481
    0.05451401
    0.05044320
    0.05255518
    0.07882722
    0.07843820
    0.04523789
    0.04927741
    0.04351129
    0.06938894
    0.07656644
    0.07568338
    0.07924857
    0.10705931
    0.05827864
    0.06461957
    0.07218064
    0.06150173
    0.06598768
    0.15796488
