           1           2   1.9497210832864631     
           2           3  0.94735820145262462     
           3           4  0.96382497600624628     
           4           5   1.0203471263292221     
           5           6   1.0288404130734323     
           6           7   1.1260964718236033     
           7           8  0.97880240565285292     
           6           9   1.3409638032812761     
           9          10   1.0764264790123428     
          10          11  0.98021574036322490     
           9          12   1.3239396172104234     
           4          13   1.6037108036416321     
          12          13   1.2897689381771658     
           3          14  0.95238690075291599     
          14          15  0.98788144231554031     
          15          16   1.0532471138181061     
          16          17   1.3554248437728154     
          17          18  0.99137066771636562     
          18          19  0.96576354240729301     
          19          20   1.0080223473496970     
          20          21   1.4175525376782363     
          21          22   1.4117615470725120     
          22          23   1.3906148525950719     
          23          24   1.1006303139466176     
          24          25  0.97811570164022077     
          23          26   1.2275905708095813     
          26          27   1.0945415004034011     
          27          28  0.98072942821818232     
          20          29   1.3753787347428894     
          26          29   1.4016602173499595     
          17          30   1.0009590897428802     
           3          31   1.0036050036584840     
          31          32   1.0882110685829876     
          31          33   1.0752290003032827     
           5          34  0.91723584169284211     
           8          35  0.96844748620044141     
           8          36  0.97607058357038468     
           8          37  0.97037938125763501     
          11          38  0.97450045769172644     
          11          39  0.97705744324638777     
          11          40  0.97492885875909485     
          12          41  0.96633365187511910     
          13          42  0.95948444516455433     
          14          43  0.96957410289864954     
          14          44  0.97398247375571778     
          15          45  0.96197663963913649     
          15          46  0.93292423780477129     
           2          47  0.90500905669629861     
          16          48  0.95940438399974204     
          18          49  0.96479432814116872     
          18          50  0.96837710907847130     
          19          51  0.97287077187666227     
          19          52  0.97175461477930358     
          21          53  0.96851344573729237     
          22          54  0.96367597198187749     
          25          55  0.97385169517572945     
          25          56  0.97354866342995394     
          25          57  0.97734565565785658     
          28          58  0.97727225595308664     
          28          59  0.97428367226440238     
          28          60  0.97410277415773305     
          29          61  0.96297853907275188     
          30          62  0.96722287295169163     
          30          63  0.96136279464207020     
          30          64  0.97784255954395305     
           5          65  0.92274053070488538     
          32          66  0.90537292578431605     
          32          67  0.97083251681433980     
          32          68  0.96541322442215105     
          33          69  0.93563293622193611     
          33          70  0.95225471742292300     
          33          71  0.97894473338722054     
           1          72  0.94203477348174902     
