           1           2  0.98986318570276643     
           2           3   1.3414031911818303     
           3           4   1.2476485172236194     
           4           5   1.1893135321431876     
           2           6   1.1425364852094173     
           5           6   1.3099201436684065     
           6           7   1.1274197254358322     
           7           8   1.6461873899181012     
           7           9  0.97876215063891936     
           9          10   1.3329629277754766     
           9          11   1.0214894177280371     
          11          12   1.6834061341284148     
           5          13   1.1836039731187857     
          11          13   1.0837156136876915     
          12          13  0.12436977304314435     
          13          14  0.97363031278031542     
           1          15  0.95448559807839017     
           1          16  0.96088933197878856     
           1          17  0.95903819454006567     
           3          18  0.95452359274624354     
          10          20  0.93194974711369361     
          10          21  0.95602717420893280     
          14          22  0.96704750625243174     
          14          23  0.96786759729872140     
          14          24  0.96209542419893412     
           4          25  0.92054819815454014     
