   -0.28546259
    0.09676927
    0.01466518
    0.00036100
   -0.08029472
    0.12917161
   -0.23183137
    0.02783436
    0.12801454
   -0.23164029
    0.02764625
   -0.07576036
   -0.05559398
   -0.06663320
   -0.06729871
   -0.00200038
    0.00581044
   -0.01545020
   -0.07010690
   -0.00166576
   -0.04988756
   -0.06833814
    0.13206715
   -0.22574396
    0.02618610
    0.13173775
   -0.22833630
    0.02842480
   -0.08034022
   -0.06915492
   -0.03148171
   -0.11754226
   -0.14740459
    0.05058394
    0.05196907
    0.08038761
    0.04621885
    0.05283998
    0.08015640
    0.04691154
    0.05070020
    0.03523316
    0.06034753
    0.05032318
    0.06525221
    0.07677767
    0.01669405
    0.06437458
    0.06529705
    0.06548636
    0.05373495
    0.05430548
    0.04322966
    0.05648594
    0.05218433
    0.05419747
    0.08054657
    0.08008731
    0.04654817
    0.05091171
    0.04512234
    0.07382098
    0.07821368
    0.07814492
    0.05285994
    0.11880291
    0.07000545
    0.06760784
    0.05768500
    0.05689126
    0.06138528
    0.16095511
