           1           2  0.99406300253196234     
           2           3   1.2360429575552132     
           3           4   1.5224246954284553     
           4           5   1.2485987029903112     
           2           6   1.2532398596346901     
           5           6   1.2331772228979099     
           6           7   1.0617314082554055     
           7           8   1.6914907148946532     
           7           9   1.1052830130039775     
           8           9  0.13722778484277318     
           9          10  0.97181412823160085     
           9          11   1.1226392371954352     
           9          12  0.12783170582679068     
          11          12   1.7071532765388269     
           5          13   1.2422754183007465     
          11          13   1.0331539359226478     
          13          14  0.98991574844520325     
           1          15  0.94899677232333679     
           1          16  0.95853233675210725     
           1          17  0.96434283262001785     
           3          18  0.95595015598042188     
          10          19  0.96723467426308651     
          10          20  0.95374915480730027     
          10          21  0.95409915038819493     
          14          22  0.94390845579952654     
          14          23  0.94354616877768938     
          14          24  0.96445883224214946     
