   -0.10391544
    0.02795044
    0.01802983
   -0.04515899
   -0.06090820
    0.12095669
   -0.22858627
    0.02880903
    0.13662284
   -0.22027260
    0.02753582
   -0.03054710
   -0.09132039
   -0.06948410
   -0.07740280
    0.09314399
   -0.14674103
    0.00182662
   -0.07484752
    0.00490187
   -0.04770177
   -0.06739050
    0.13195491
   -0.22412207
    0.02604021
    0.13218166
   -0.22661917
    0.02815026
   -0.07817718
   -0.04978668
   -0.01585101
   -0.11445263
   -0.11447993
    0.06169035
    0.05024809
    0.08146357
    0.05150307
    0.05415224
    0.08189549
    0.05246589
    0.04628021
    0.09060972
    0.05726284
    0.05582692
    0.06359116
    0.06649450
    0.06776705
    0.06356404
    0.02803493
    0.04240442
    0.05846593
    0.05617244
    0.04586971
    0.05644648
    0.05302962
    0.05501775
    0.08068290
    0.07999488
    0.04780293
    0.05233119
    0.04772139
    0.05356758
    0.03923949
    0.05533457
    0.04705694
    0.04069888
    0.04386878
    0.05578968
    0.03860685
    0.04119727
    0.05823515
    0.18727629
