           1           2   1.4150069406708834     
           2           3   1.0251624977771081     
           3           4  0.96189915422441574     
           4           5   1.7523333469876876     
           5           6   1.1365964058528715     
           6           7   1.0915900210819012     
           7           8  0.97902404328355064     
           6           9   1.3985515102017700     
           9          10   1.0836492157356574     
          10          11  0.97884045902484607     
           9          12   1.1403916374770198     
          12          13   2.7562713648391832     
           3          14  0.97906908066205078     
          14          15   1.0072506477122700     
           1          16  0.92570635190471773     
          15          16  0.98567259613860536     
          16          17   1.0329717424654412     
          17          18   1.0001656603141913     
          18          19  0.97470472294976163     
          19          20   1.0127765682833980     
          20          21   1.4015974336509560     
          21          22   1.4212531273876488     
          22          23   1.3806520048886186     
          23          24   1.1054437902834975     
          24          25  0.97719852842416000     
          23          26   1.2219287449784411     
          26          27   1.1001098246601420     
          27          28  0.97941999619253506     
          20          29   1.3839016921301690     
          26          29   1.3925699284816591     
          17          30   1.0046912082113244     
           3          31  0.92365897042244605     
          31          32   1.0108001624946685     
          31          33   1.0088805317199905     
           5          34  0.94705306273226642     
           8          35  0.97561776486307883     
           8          36  0.97494722785646759     
           8          37  0.97033005036608988     
          11          38  0.97281891905517193     
          11          39  0.97675516107419769     
          11          40  0.97321592141609481     
           4          41  0.95826158481196988     
          13          42  0.96869231589936056     
          14          43  0.96824198742154954     
          14          44  0.96785498533469949     
          15          45  0.96649251803533875     
          15          46  0.97132592622541014     
           2          47  0.95696143752051310     
          16          48  0.94301882266290893     
          18          49  0.96439388979602259     
          18          50  0.97146017898990034     
          19          51  0.96876456084076845     
          19          52  0.97106179113283675     
          21          53  0.96813316039482766     
          22          54  0.96316289633186192     
          25          55  0.97258504822994707     
          25          56  0.97263231722762122     
          25          57  0.97696720527966119     
          28          58  0.97698688053689964     
          28          59  0.97329292784896870     
          28          60  0.97321417520184794     
          29          61  0.96181700691214722     
          30          62  0.97579579504347125     
          30          63  0.97423945034378334     
          30          64  0.97833040496753865     
          31          65  0.96558358026660840     
          32          66  0.98358827160023055     
          32          67  0.98175253140954444     
          32          68  0.98162056065218517     
          33          69  0.98248148746498787     
          33          70  0.98069596890740240     
          33          71  0.98076344864723264     
           1          72  0.93391724106090135     
