           1           2  0.99675986508681769     
           2           3   1.3645574141127506     
           3           4   1.2873013205111290     
           4           5   1.1949861865591220     
           2           6   1.1692079280548606     
           5           6   1.3189336965812215     
           6           7   1.0714567755216740     
           7           8   1.6836316583341051     
           7           9   1.0945484091418944     
           8           9  0.12962555271622772     
           9          10  0.97525379123882072     
           9          11   1.1187985205985527     
           9          12  0.12373426657819077     
          11          12   1.6936069625966010     
           5          13   1.2114264014359646     
          11          13   1.0489792494518064     
          12          13  0.10911177888645049     
          13          14  0.97797806858565794     
           1          15  0.94603053197174725     
           1          16  0.95802178704452567     
           1          17  0.95906189502296946     
          10          19  0.96117066257216310     
          10          20  0.94862210161823435     
          10          21  0.94890156471847253     
          14          22  0.96152653479759165     
          14          23  0.96151069177234705     
          14          24  0.96244734162694934     
           4          25  0.92401555007433400     
