           1           2  0.96309263265593970     
           2           3   1.7952308009638946     
           4           5   1.5896739686165648     
           2           6  0.96018339418504239     
           5           6   1.1802819303862784     
           6           7   1.1218507861733324     
           7           8   1.6222721888150939     
           7           9   1.0955812162192471     
           8           9  0.11384212686437598     
           9          10  0.98241451676836966     
           9          11   1.1018102037900932     
           9          12  0.10642991746226488     
          11          12   1.6707051797234866     
           5          13   1.0928461698098366     
          11          13   1.0977516071476294     
          12          13  0.11300196188774331     
          13          14  0.98301486546145311     
           1          15  0.95523636261416600     
           1          16  0.96293414973300884     
           1          17  0.93207222681539748     
           3          18  0.91907908415024075     
          10          19  0.95755573702648533     
          10          20  0.93372756893953379     
          10          21  0.94179742870764116     
          14          22  0.95084327607103769     
          14          23  0.95423647901512587     
          14          24  0.95620033183847697     
           4          25  0.91662947936047789     
