           1           2   1.9542756955160321     
           2           3  0.99518606069695970     
           3           4  0.96906343841851439     
           4           5   1.3671668975119995     
           5           6   1.4031076155104758     
           6           7   1.0959382521142551     
           7           8  0.97892430202403202     
           6           9   1.2245227704208068     
           9          10   1.0985972497053069     
          10          11  0.97815573477106987     
           9          12   1.3939910564599840     
           4          13   1.4168353266449230     
          12          13   1.4023148403531824     
           3          14  0.95719962585400042     
          14          15  0.98278811259546384     
          15          16   1.0584961510627839     
          16          17   1.3979423406676914     
          17          18  0.98784802417100681     
          18          19  0.97170739978620979     
          19          20  0.99725415315690957     
          20          21   1.6107584161102837     
          21          22   1.0484772137827074     
          22          23   1.0386525794077761     
          23          24   1.1672840996505109     
          24          25  0.97006888205992492     
          23          26   1.2923782008871776     
          26          27   1.0788343751650271     
          27          28  0.97775553075281807     
          20          29   1.2435230881482866     
          26          29   1.3445132662644892     
          17          30  0.99867504881251590     
           3          31  0.94344382779999492     
          31          32   1.0084413091212614     
          31          33   1.0090025495708981     
           5          34  0.95787623268710020     
           8          35  0.97378427802638079     
           8          36  0.97687949093939386     
           8          37  0.97377419410538302     
          11          38  0.97368846068325132     
          11          39  0.97710189344107978     
          11          40  0.97385731581753598     
          12          41  0.96384769323424913     
          13          42  0.96258981232293617     
          14          43  0.96876771828572039     
          14          44  0.97241525083559532     
          15          45  0.96086908747037914     
          15          46  0.92804122462308158     
           2          47  0.90013690741621544     
          16          48  0.95768675534139569     
          18          49  0.96046907302341977     
          18          50  0.96832080156623179     
          19          51  0.97532311127080684     
          19          52  0.96475093084216812     
          21          53  0.96126097862880011     
          22          54  0.90781976672960363     
          25          55  0.96836269690203147     
          25          56  0.96783706845960338     
          25          57  0.97557243364382784     
          28          58  0.97853610437517258     
          28          59  0.97343907573250477     
          28          60  0.97316885554747223     
          22          61  0.91428698160163901     
          30          62  0.96651923963384179     
          30          63  0.96221195467457665     
          30          64  0.97703116290869241     
          31          65  0.96071613834963743     
          32          66  0.97477281544076422     
          32          67  0.98217227541251828     
          32          68  0.98182435843659954     
          33          69  0.97703146303991517     
          33          70  0.98328075228297851     
          33          71  0.98066087527696477     
           1          72  0.94260275353535228     
