   -0.26735368
    0.10186915
    0.00644836
    0.00200482
   -0.08029183
    0.12950629
   -0.22889467
    0.02740634
    0.12908435
   -0.22718435
    0.02636240
   -0.07332586
   -0.05179949
   -0.06447808
   -0.06978986
    0.01564055
    0.01086178
   -0.00731080
   -0.13180039
   -0.06933916
   -0.02787799
   -0.06210437
    0.13066685
   -0.22389315
    0.02549680
    0.13839084
   -0.21552626
    0.02617391
   -0.05769377
   -0.06693515
   -0.00706514
   -0.11821829
   -0.11935181
    0.05230853
    0.05421883
    0.08169051
    0.04729413
    0.05578452
    0.08156166
    0.04945932
    0.05364415
    0.04145590
    0.06053074
    0.05451570
    0.06626205
    0.08164152
    0.00735006
    0.07167542
    0.07008020
    0.06556205
    0.04322515
    0.04909093
    0.05586617
    0.06431743
    0.05440324
    0.05587747
    0.08294025
    0.08378827
    0.05508621
    0.05669267
    0.06291803
    0.07650845
    0.07670834
    0.08432588
    0.03747249
    0.06762297
    0.03556929
    0.05177559
    0.06319617
    0.03535436
    0.05469932
    0.15784769
