           1           2   1.9553278914439263     
           2           3  0.99453226669335570     
           3           4  0.96554650787907059     
           4           5   1.4777294742568767     
           5           6   1.1715127309882096     
           6           7   1.5628262094365695     
           6           9   1.0581966777531289     
           9          10   1.1392342375998183     
          10          11  0.97398879331873500     
           9          12   1.3964998140392801     
           4          13   1.3273462029199699     
          12          13   1.4058454842745545     
           3          14  0.95497692460588057     
          14          15  0.97855818328366884     
          15          16   1.0643135224559539     
          16          17   1.4273988488060094     
          17          18  0.98709249439784874     
          18          19  0.96627230007473219     
          19          20   1.0076613258639897     
          20          21   1.4049791493824253     
          21          22   1.4193385304636652     
          22          23   1.3799192407383802     
          23          24   1.1149101421497103     
          24          25  0.97489608956974982     
          23          26   1.2155726465157692     
          26          27   1.1083570419090605     
          27          28  0.97737445613516827     
          20          29   1.3822413634921449     
          26          29   1.3916918945291308     
          17          30  0.99613346149709647     
           3          31  0.94030763635122605     
          31          32   1.0079137446522928     
          31          33   1.0078361146646235     
           5          34  0.95992182976310103     
           8          35  0.99050531060600222     
           8          36  0.98876224562719672     
           8          37  0.99056994209946425     
          11          38  0.97045946129652383     
          11          39  0.97648450824023836     
          11          40  0.97117820952178557     
          12          41  0.95976184258475739     
          13          42  0.96338812546189190     
          14          43  0.96616840884619848     
          14          44  0.97221873621348931     
          15          45  0.95805151078140760     
          15          46  0.92246953381562635     
           2          47  0.90534776544394346     
          16          48  0.95623961484188358     
          18          49  0.96322324943572646     
          18          50  0.96764207370061239     
          19          51  0.97136047563786310     
          19          52  0.97150985891231656     
          21          53  0.96786038111392192     
          22          54  0.96275252541798095     
          25          55  0.97209174432908008     
          25          56  0.97183588143551414     
          25          57  0.97641933622815213     
          28          58  0.97640523947303204     
          28          59  0.97289968023383189     
          28          60  0.97266473314205537     
          29          61  0.96228782618505881     
          30          62  0.96536552536659315     
          30          63  0.96243856343945389     
          30          64  0.97740166593973032     
          31          65  0.95801793145648273     
          32          66  0.97339132850561627     
          32          67  0.98008094455019157     
          32          68  0.98010609572810747     
          33          69  0.97385264632661983     
          33          70  0.98203812371907695     
          33          71  0.97871105991745044     
           1          72  0.94075205998721323     
