           1           2   1.0966729814078560     
           3           4   1.6546975772553500     
           4           5   1.0258986011654778     
           2           6   1.5860351526355843     
           5           6   1.1797764011497029     
           6           7  0.93736006424522755     
           7           8   1.7648332288105508     
           7           9   1.1222475185108378     
           8           9  0.13726662949114143     
           9          10  0.96384575035035069     
           9          11   1.1282868152712366     
           9          12  0.12906995397650009     
          11          12   1.7077760110143239     
           5          13   1.2675965870876837     
          11          13   1.0165578675914009     
          13          14  0.97928052971136559     
           1          15  0.90900542593227140     
           1          16  0.93009667510698735     
           1          17  0.91803603985286064     
           3          18  0.92822772749986804     
          10          19  0.96397341495300370     
          10          20  0.95761025961896806     
          10          21  0.95280104501341889     
          14          22  0.96782434776498172     
          14          23  0.94970512834226839     
          14          24  0.95693236200154486     
           4          25  0.89133188234183003     
