           1           2   1.7517556466352087     
           2           3   1.5458068216461649     
           2           4  0.12599048066255708     
           3           4   1.2878006014415715     
           4           5   1.0784386336605492     
           5           6   1.5305652029085541     
           6           7   1.0940672517970147     
           7           8   1.6814869362248572     
           7           9   1.0885458212533896     
           8           9  0.12654833960896258     
           9          10  0.97504398904315803     
           9          11   1.1447174786672496     
           9          12  0.13125211848027712     
          11          12   1.6787954305419572     
           5          13   1.1828414335662889     
          11          13   1.0476080676892410     
          12          13  0.11852707722690037     
          13          14  0.98277298436588645     
           1          15  0.93526219628107499     
           1          16  0.92415471497259793     
           6          17  0.95295469088118212     
           3          18  0.90963647581764728     
          10          19  0.96449338240541282     
          10          20  0.95746304907309332     
          10          21  0.95631270989551442     
          14          22  0.96602420666105693     
          14          23  0.96596419169050196     
          14          24  0.95470539910643049     
           4          25  0.90195605325257167     
