           1           2   1.4012201181853692     
           2           3   1.0274587236582957     
           3           4  0.98166851607549288     
           4           5   1.3624021323158264     
           5           6   1.4069185520226350     
           6           7   1.0948458231760028     
           7           8  0.97923578075763418     
           6           9   1.2243714401022596     
           9          10   1.1010538285182665     
          10          11  0.97789448646520793     
           9          12   1.3960873344902474     
           4          13   1.4259223786490494     
          12          13   1.4014781170850659     
           3          14  0.92796362710072255     
          14          15   1.0093891246607101     
          15          16  0.99477936649979859     
          16          17   1.0050059454749913     
          17          18   1.0066737202226375     
          18          19  0.97402031358027952     
          19          20   1.0139353401020237     
          20          21   1.4021529747988790     
          21          22   1.4183520501177345     
          22          23   1.3824379316840707     
          23          24   1.1041186864206161     
          24          25  0.97770402862348049     
          23          26   1.2188830267112534     
          26          27   1.1002081336906244     
          27          28  0.97935313400414337     
          20          29   1.3801136783646664     
          26          29   1.3951336480507728     
          17          30   1.0180187424662290     
           3          31  0.94576637584788559     
          31          32   1.0128045601301383     
           1          33  0.99371233897133404     
          31          33  0.98967601602074107     
           5          34  0.96075770783900016     
           8          35  0.97447313804306135     
           8          36  0.97688604543659108     
           8          37  0.97376941366405789     
          11          38  0.97365810704686262     
          11          39  0.97720246426419388     
          11          40  0.97412199248916354     
          12          41  0.96384521624119868     
          13          42  0.96451896775075796     
          14          43  0.96589202713456501     
          14          44  0.97495524741038064     
          15          45  0.96879514222756358     
          15          46  0.97037916807254421     
           2          47  0.95991556238999021     
          16          48  0.96951377924845616     
          18          49  0.95933615354574364     
          18          50  0.97068176814118479     
          19          51  0.97157024389646329     
          19          52  0.96559889541129762     
          21          53  0.96764760604095157     
          22          54  0.96318726748283490     
          25          55  0.97256249775747650     
          25          56  0.97260273783522000     
          25          57  0.97704254095078413     
          28          58  0.97707928505310304     
          28          59  0.97312336500300933     
          28          60  0.97302546177622917     
          29          61  0.96193643055769440     
          30          62  0.97802265156390022     
          30          63  0.96557600229450569     
          30          64  0.97585749539691224     
          31          65  0.96690114262692006     
          32          66  0.98551121545367515     
          32          67  0.97982397896752960     
          32          68  0.98189604899125915     
          33          69  0.96309858151112460     
          33          70  0.95456516773638111     
          16          71  0.95492824033215884     
           1          72  0.93674821002237119     
