   -0.26513031
    0.10316728
    0.00662266
    0.00477054
   -0.08001799
    0.19479071
   -0.37508550
   -0.11197593
    0.12294676
   -0.19986676
    0.02455161
   -0.07365781
   -0.04947211
   -0.06500745
   -0.07248683
    0.01371362
    0.01948350
   -0.01780749
   -0.07086754
    0.00127176
   -0.04774664
   -0.06661769
    0.13493596
   -0.21732632
    0.02354842
    0.13451273
   -0.22041598
    0.02574109
   -0.07886576
   -0.07229291
   -0.00740138
   -0.11768355
   -0.11974901
    0.05897482
    0.08081817
    0.09184087
    0.08006907
    0.06045511
    0.08562854
    0.05278247
    0.04938585
    0.03830288
    0.06682285
    0.05435707
    0.07453913
    0.08652508
    0.00388676
    0.07280157
    0.06976191
    0.06868001
    0.05711013
    0.05811956
    0.04731170
    0.06076687
    0.05627695
    0.05813202
    0.08452263
    0.08400825
    0.05040009
    0.05479759
    0.04933083
    0.08257938
    0.08219611
    0.08197046
    0.04268732
    0.06776285
    0.03763589
    0.05342635
    0.06321806
    0.03661929
    0.05637954
    0.15853427
