           1           2   1.9552443569945805     
           2           3  0.99514280240516539     
           3           4  0.96372978064469983     
           4           5   1.4809561106749463     
           5           6   1.1668151150669843     
           6           7   1.5693893116184228     
           6           9   1.0570816639499294     
           9          10   1.1396321005182346     
          10          11  0.97479679018958487     
           9          12   1.3956455247481221     
           4          13   1.3242716407926416     
          12          13   1.4069670727945873     
           3          14  0.95674657429223897     
          14          15  0.97734016979086147     
          15          16   1.0643258725579288     
          16          17   1.4283878094498204     
          17          18  0.98696222720460569     
          18          19  0.96581568821297692     
          19          20   1.0078080010188679     
          20          21   1.4043798043869284     
          21          22   1.4195190012935948     
          22          23   1.3793040495859703     
          23          24   1.1161111502651739     
          24          25  0.97459946841280898     
          23          26   1.2143346688882739     
          26          27   1.1093550833245802     
          27          28  0.97717156007566586     
          20          29   1.3821397652015996     
          26          29   1.3914558933829078     
          17          30  0.99630539744481739     
           3          31  0.93983881012226389     
          31          32   1.0079097044658312     
          31          33   1.0080540920052607     
           5          34  0.96013612354347566     
           8          35  0.99128003700596390     
           8          36  0.98954660895736757     
           8          37  0.99137671533682648     
          11          38  0.97010598733797182     
          11          39  0.97612747466138694     
          11          40  0.97060471773998802     
          12          41  0.95958050479138302     
          13          42  0.96327673492867671     
          14          43  0.96674189828464607     
          14          44  0.97223026929010159     
          15          45  0.95833370610364477     
          15          46  0.92338457636118632     
           2          47  0.90457778276975787     
          16          48  0.95621673223254533     
          18          49  0.96366196747053445     
          18          50  0.96744629389699655     
          19          51  0.97145762003627734     
          19          52  0.97147925116880296     
          21          53  0.96780401832834617     
          22          54  0.96270015221603156     
          25          55  0.97182718922754618     
          25          56  0.97181436962856349     
          25          57  0.97634074097249912     
          28          58  0.97633683362201451     
          28          59  0.97280087745155841     
          28          60  0.97253716978820015     
          29          61  0.96221307553916247     
          30          62  0.96494697403180152     
          30          63  0.96128369856788787     
          30          64  0.97735483926714750     
          31          65  0.95825802827041429     
          32          66  0.97275113627166998     
          32          67  0.98018395795865976     
          32          68  0.97996469084475413     
          33          69  0.97430215231370110     
          33          70  0.98202531733044740     
          33          71  0.97884269647249034     
           1          72  0.94065910955336041     
