           1           2   1.9575569282402845     
           2           3  0.99347019405035430     
           3           4  0.97178420095348272     
           4           5   1.3684153865476345     
           5           6   1.3998313305657399     
           6           7   1.1011995054657222     
           7           8  0.97754159159372389     
           6           9   1.2194739123134197     
           9          10   1.1044766642836281     
          10          11  0.97690076782316015     
           9          12   1.3898376037692874     
           4          13   1.4114440169262843     
          12          13   1.4044273481094058     
           3          14  0.95552149086927096     
          14          15  0.98088644513260492     
          15          16   1.0564190873101118     
          16          17   1.4678648699981807     
          17          18  0.93045981717615878     
          18          19   1.0555417613501576     
          20          21   1.4470465295739356     
          21          22   1.3568811645807910     
          22          23   1.3905932239418206     
          23          24   1.1027250341094470     
          24          25  0.97556565042982779     
          23          26   1.2167746699067961     
          26          27   1.1054641757947454     
          27          28  0.97541834320185228     
          20          29   1.4727930899711652     
          26          29   1.3306112937885410     
          17          30  0.99712831804950708     
           3          31  0.94224777489865585     
          31          32   1.0081509380071050     
          31          33   1.0086429770006662     
           5          34  0.95788321669006748     
           8          35  0.97329788830740738     
           8          36  0.97648966034826412     
           8          37  0.97316500833277753     
          11          38  0.97287788984064072     
          11          39  0.97670465630000158     
          11          40  0.97325928219447655     
          12          41  0.96347971850482672     
          13          42  0.96241930978554824     
          14          43  0.96774560620781891     
          14          44  0.97207323094147025     
          15          45  0.96112077315153333     
          15          46  0.92750566406936930     
           2          47  0.90551398076232670     
          16          48  0.95454993295657586     
          18          49  0.96110128006906181     
          18          50  0.94637300123178081     
          19          51  0.98239895799883226     
          19          52  0.98198253591148499     
          21          53  0.95813350771936989     
          22          54  0.95179890323047844     
          25          55  0.97189074020272481     
          25          56  0.97182061126886232     
          25          57  0.97632824370928406     
          28          58  0.97616113544236927     
          28          59  0.97290418936773726     
          28          60  0.97183632848789614     
          29          61  0.85748800726835150     
          30          62  0.96594559170278815     
          30          63  0.96095354185973259     
          30          64  0.97687957017221216     
          31          65  0.95958096335849175     
          32          66  0.97376780560822795     
          32          67  0.98156061710580345     
          32          68  0.98103912789796166     
          33          69  0.97494980669373721     
          33          70  0.98256273792866411     
          33          71  0.97969982445860482     
           1          72  0.94106518888260215     
