           1           2  0.92003240319984969     
           2           3   1.4883228625126170     
           2           4  0.22291851587843081     
           3           4   2.3276154999112730     
           2           6  0.94236462564331069     
           5           6   1.5644356889375592     
           6           7   1.0532491594838314     
           7           8   1.6754639504798388     
           7           9   1.1267321838953144     
           8           9  0.15405602350717240     
           9          10  0.96807749626457973     
           9          11   1.1195919498208027     
           9          12  0.14321198067803720     
          11          12   1.7081478264518088     
           5          13   1.2824710954232659     
          11          13   1.0433153337599341     
          12          13  0.11802592093351413     
          13          14  0.97708997876727788     
           1          15  0.96712961336979686     
           1          16  0.97645837824476867     
           1          17  0.94840516122964125     
           4          18  0.88274680175887177     
          10          19  0.97115959035358901     
          10          20  0.96745323194686184     
          10          21  0.96801776405595175     
          14          22  0.97211476811275011     
          14          23  0.96864068008155280     
          14          24  0.96576138639808440     
           5          25  0.95343312851596773     
