           1           2  0.98979431008474639     
           2           3   1.3824470754302647     
           2           4  0.10488134974848412     
           3           4   1.3388029907283228     
           4           5   1.0740455687587322     
           2           6   1.1226209239276388     
           5           6   1.1497212775409227     
           6           7   1.1622268665411741     
           7           8   1.6579547320029679     
           7           9   1.0067576932379327     
           9          10  0.97289606153426766     
          10          11   1.0714899314689688     
          11          12   2.1578772516480198     
           5          13   1.5703507536894721     
          13          14   1.0685254142335276     
           1          15  0.96265880239636403     
           1          16  0.97157704925975152     
           1          17  0.96267418253614379     
           3          18  0.95248855291017542     
           9          19  0.93121359142350546     
          10          20  0.92117673607426576     
          10          21  0.91050715899808676     
          14          22  0.93643362849351397     
          14          23  0.92988917103899582     
          14          24  0.91348038630348649     
           4          25  0.91952131176524798     
