           1           2  0.97179862669977801     
           2           3   1.3975030666643686     
           3           4   1.1985408871570999     
           4           5   1.2540665573948286     
           2           6   1.0657479630488127     
           6           7   1.0695814890286337     
           7           8   1.6209474565095268     
           7           9   1.1527474384127059     
           8           9  0.16544555789115800     
           9          10  0.99199462628452773     
           6          11   1.3997521846562537     
           9          12  0.98477455209379983     
          11          12   1.0961571317091476     
           5          13   1.3375455308712800     
          11          13   1.0921896129540980     
          13          14  0.96781921401120041     
           1          15  0.95929214833422216     
           1          16  0.96744776506373809     
           1          17  0.94606618503637419     
           3          18  0.94859240215978902     
          10          19  0.95798389642166981     
          10          20  0.95949509511317721     
          10          21  0.96002143893046743     
          14          22  0.96683544800835630     
          14          23  0.96557520986215384     
          14          24  0.97313779145681267     
           4          25  0.91414727915840810     
