   -0.27125188
    0.10094978
    0.00632005
    0.00156340
   -0.08032715
    0.12853352
   -0.23239717
    0.02843369
    0.12765188
   -0.23093700
    0.02767595
   -0.07488528
   -0.05343384
   -0.06425780
   -0.06828234
    0.00304063
    0.00459555
   -0.01643015
   -0.06468574
   -0.05137099
   -0.07958897
   -0.02551310
    0.14326790
   -0.21244477
    0.02463171
    0.12313376
   -0.23031740
    0.02882236
   -0.05935679
   -0.06861572
   -0.00725682
   -0.11825171
   -0.11847794
    0.05089623
    0.05286619
    0.07996254
    0.04594586
    0.05420242
    0.07992453
    0.04685364
    0.05092865
    0.03827064
    0.05905255
    0.05252231
    0.06541994
    0.07677900
    0.00550306
    0.06590620
    0.06658276
    0.06726540
    0.05595415
    0.05436674
    0.10204568
    0.04864191
    0.05677214
    0.05727540
    0.08355590
    0.08218942
    0.04889932
    0.05172118
    0.05617829
    0.07401609
    0.07899431
    0.07818302
    0.03609338
    0.06803508
    0.03496092
    0.05000273
    0.06073648
    0.03362516
    0.05344244
    0.15489076
