           1           2   1.9539953653058129     
           2           3  0.99499585697946724     
           3           4  0.96985459803125196     
           4           5   1.3670952671963987     
           5           6   1.4031731111671821     
           6           7   1.0958606777622104     
           7           8  0.97878950925061348     
           6           9   1.2245442648657621     
           9          10   1.0983664458164106     
          10          11  0.97824132429077104     
           9          12   1.3940682737876207     
           4          13   1.4168631687116471     
          12          13   1.4023344260323614     
           3          14  0.95652633847179713     
          14          15  0.98199662543186195     
          15          16   1.0597359832420987     
          16          17   1.3807382648831108     
          17          18  0.99184138690393053     
          18          19  0.95871185146868299     
          19          20   1.0311951799844778     
          21          22   2.7510952211730135     
          22          23   1.1452796991298262     
          23          24   1.0948032355999371     
          24          25  0.97726323828958606     
          23          26   1.3737249666628180     
          26          27   1.0877865712796364     
          27          28  0.98034730041429818     
          20          29   1.7304991935115717     
          26          29   1.1678516153831633     
          17          30  0.99898515842752322     
           3          31  0.94343229674799733     
          31          32   1.0084129900202325     
          31          33   1.0088847683260029     
           5          34  0.95787590439182213     
           8          35  0.97385064654686682     
           8          36  0.97684265443625762     
           8          37  0.97372215587282573     
          11          38  0.97365983722927418     
          11          39  0.97710330731206130     
          11          40  0.97392426751680827     
          12          41  0.96389868489760899     
          13          42  0.96266974671539030     
          14          43  0.96851163933243489     
          14          44  0.97241524554113257     
          15          45  0.96099131579768504     
          15          46  0.92784152902768380     
           2          47  0.90207079992872308     
          16          48  0.95813168371170587     
          18          49  0.96555101724950276     
          18          50  0.96761922915056042     
          19          51  0.96501355816369994     
          19          52  0.97315926061902858     
          21          53  0.96722692072624650     
          20          54  0.95691021376192587     
          25          55  0.97161496824649696     
          25          56  0.97193902265805532     
          25          57  0.97656619144192325     
          28          58  0.97508561716648923     
          28          59  0.97281269343216292     
          28          60  0.97189352722062150     
          29          61  0.95465184581399876     
          30          62  0.96661589196395559     
          30          63  0.96327777655070235     
          30          64  0.97793036405544420     
          31          65  0.96068640303910258     
          32          66  0.97467930816788440     
          32          67  0.98206147535460220     
          32          68  0.98181930413869523     
          33          69  0.97669381637658170     
          33          70  0.98325944059566261     
          33          71  0.98054886866840685     
           1          72  0.94257931461186417     
