           1           2  0.99937472763788138     
           2           3   1.0942039354624933     
           3           4   1.8973040584279155     
           2           6   1.1679634951485469     
           5           6   1.4156622611910619     
           6           7   1.0410046888755373     
           7           8   1.6374613153253783     
           7           9   1.1225569285276054     
           8           9  0.11911985378608526     
           9          10  0.97764568701021348     
           9          11   1.1063808709321943     
           9          12  0.11440221077379643     
          11          12   1.6661118311094529     
           5          13   1.2721787209550190     
          11          13   1.0701793901823808     
          13          14  0.98044751890815185     
           1          15  0.93766398569354403     
           1          16  0.94444258296482975     
           1          17  0.92062943324296198     
           3          18  0.85886183994294629     
          10          19  0.94918278528434408     
          10          20  0.93827170733094412     
          10          21  0.93902271059959930     
          14          22  0.94615376446021404     
          14          23  0.94692678915693751     
          14          24  0.95324543018227315     
           5          25  0.85012517484778127     
