           1           2  0.97095257989265071     
           2           3   1.0939315830318790     
           3           4   1.8454006484861605     
           2           5   1.2681063405385697     
           5           7   1.0371237850339579     
           6           7  0.83218019020184875     
           6           8   1.4431441736760928     
           7           8  0.84070596744880255     
           7           9   1.0248047185308595     
           9          10  0.97694369436863870     
           9          11   1.1773563773637201     
           9          12  0.16824463970546502     
          11          12   1.7303469388468660     
           5          13   1.3537374094702010     
          11          13  0.94949714295756860     
          13          14  0.99460585162113835     
           1          15  0.94782879935643338     
           1          16  0.96874203187269980     
           1          17  0.97056712435676440     
           3          18  0.92215468263061784     
          10          19  0.96490692902988040     
          10          20  0.96709321254302161     
          10          21  0.95624170055891566     
          14          22  0.91354064176400873     
          14          23  0.95957914464377192     
          14          24  0.95648663758753438     
           4          25  0.92330645742250073     
