   -0.25622728
    0.10257432
    0.00791175
    0.00897010
   -0.07705144
    0.13265621
   -0.21993419
    0.02499431
    0.13362716
   -0.21586870
    0.02301178
   -0.06818624
   -0.04506896
   -0.06405077
   -0.06507808
   -0.03290151
    0.09768103
   -0.02660654
   -0.06739469
    0.00994247
   -0.04291381
   -0.06471518
    0.13768263
   -0.20795724
    0.02146774
    0.14062023
   -0.20693082
    0.02155300
   -0.07392831
   -0.08735949
   -0.00725305
   -0.11897827
   -0.11999288
    0.05664214
    0.05786082
    0.08550367
    0.05224979
    0.06029301
    0.08584884
    0.05672413
    0.06097527
    0.04628821
    0.05970860
    0.05422350
    0.05779655
    0.07148200
    0.01881696
    0.05837624
    0.10024707
    0.06627633
    0.05532751
    0.06556308
    0.05381112
    0.06404561
    0.06048469
    0.06171498
    0.08750452
    0.08559316
    0.06984567
    0.06173669
    0.08044801
   -0.26846232
    0.06433075
    0.08273245
    0.04148501
    0.07134032
    0.03724433
    0.05511464
    0.06536493
    0.03949587
    0.05770679
    0.16396379
