           1           2   1.9593146466489753     
           2           3  0.99134232440407866     
           3           4  0.97328652255614467     
           4           5   1.3724774780172917     
           5           6   1.3918042216139912     
           6           7   1.1108808539333463     
           7           8  0.97567439306456316     
           6           9   1.2078280092707550     
           9          10   1.1175320713339640     
          10          11  0.97406007769240543     
           9          12   1.3779683771880851     
           4          13   1.3981400364527972     
          12          13   1.4161883478887771     
           3          14  0.95306971048563338     
          14          15  0.97934799321589472     
          15          16   1.0515424661750832     
          16          17   1.3328101427641834     
          17          18  0.96112456038903427     
          18          19  0.97685895482264307     
          19          20   1.0081650471393551     
          20          21   1.3902190482206933     
          21          22   1.4221515215073417     
          22          23   1.3709555075448927     
          23          24   1.1261579651107003     
          24          25  0.97314866436902803     
          23          26   1.1965321628110743     
          26          27   1.1287165409365489     
          27          28  0.97156323991013116     
          20          29   1.3879555878144507     
          26          29   1.3782153076592185     
          16          30  0.18047134253531288     
          17          30   1.3922420261990263     
           3          31  0.93885651431430017     
          31          32   1.0075178275151790     
          31          33   1.0082524086713383     
           5          34  0.95721897823046853     
           8          35  0.97173961227035155     
           8          36  0.97583739810330927     
           8          37  0.97175981190400651     
          11          38  0.97101417785662303     
          11          39  0.97602641258266998     
          11          40  0.97123076065960146     
          12          41  0.96215501579325491     
          13          42  0.96140997839470344     
          14          43  0.96738352260584004     
          14          44  0.97196510137297476     
          15          45  0.96076496732146055     
          15          46  0.93772779765050229     
           2          47  0.90563192755303212     
          16          48  0.96189528515327649     
          18          49  0.93864932809956503     
          18          50  0.96731977788413004     
          19          51  0.97163598252862360     
          19          52  0.96492311224728777     
          21          53  0.96615970332808865     
          22          54  0.96163618350787705     
          25          55  0.96997278361845807     
          25          56  0.96995355551365392     
          25          57  0.97569709976233721     
          28          58  0.97577516687126220     
          28          59  0.96369204668699981     
          28          60  0.96904693306168577     
          29          61  0.93522213679997557     
          30          63  0.96708359261997012     
          30          64  0.96950742464470363     
          31          65  0.95572713188175551     
          32          66  0.96952718310506270     
          32          67  0.97978171703747785     
          32          68  0.97896563264311554     
          33          69  0.97185230631208075     
          33          70  0.98089468623737175     
          33          71  0.97766629872816613     
           1          72  0.93750174060644020     
