           1           2   2.8302324018447229     
           2           3   1.0222586667801949     
           3           4  0.96928411526376645     
           4           5   1.3757137807285349     
           5           6   1.3890769663245215     
           6           7   1.1141475629333488     
           7           8  0.97502080652160705     
           6           9   1.2051906660107197     
           9          10   1.1181745794003675     
          10          11  0.97442038897670546     
           9          12   1.3770497228142271     
           4          13   1.3954889155851504     
          12          13   1.4173661192781544     
           3          14  0.94140213499135639     
          14          15   1.0078955068745845     
          15          16  0.99405711124383123     
          16          17   1.0073913931115561     
          17          18   1.0112896359877310     
          18          19  0.96580303358471609     
          19          20   1.0162335075627407     
          20          21   1.3781214116716174     
          21          22   1.4321651567278770     
          22          23   1.3638250319930749     
          23          24   1.1282810210498362     
          24          25  0.97258857360430662     
          23          26   1.1989488470563920     
          26          27   1.1216230942191086     
          27          28  0.97470962683230400     
          20          29   1.3882945434657519     
          26          29   1.3804145316433354     
          17          30   1.0180001838790804     
           3          31  0.91976307742912300     
          31          32   1.0079574524393984     
          31          33   1.0090187583300672     
           5          34  0.95742705933643268     
           8          35  0.97154444309446253     
           8          36  0.97578770330280651     
           8          37  0.97101124088628965     
          11          38  0.97068224817788806     
          11          39  0.97599301334509825     
          11          40  0.97128512705059278     
          12          41  0.96228257336375989     
          13          42  0.96129945402812345     
          14          43  0.96776373236215218     
          14          44  0.97073698004030751     
          15          45  0.96909304813281605     
          15          46  0.97118713390320144     
          16          47  0.94006640359407956     
          16          48  0.96762996665644763     
          18          49  0.95234578333266695     
          18          50  0.96900377742563093     
          19          51  0.96807975973052196     
          19          52  0.96631146789224598     
          21          53  0.96604464529844392     
          22          54  0.96131611894490543     
          25          55  0.96976251951184966     
          25          56  0.96910540000410761     
          25          57  0.97553870265480680     
          28          58  0.97569342650462110     
          28          59  0.97066020107920126     
          28          60  0.97055624253286343     
          29          61  0.96084004861010175     
          30          62  0.96842208929860207     
          30          63  0.96363845691807692     
          30          64  0.97759978152381499     
          31          65  0.95838771667819089     
          32          66  0.98057976402794433     
          32          67  0.98087637799196292     
          32          68  0.98072434355115967     
          33          69  0.98018470735123553     
          33          70  0.98125675735564988     
          33          71  0.97874378351396307     
