           1           2   1.6342931741402025     
           3           4   1.9444435003419029     
           2           5  0.93264678628785747     
           3           5   1.0152691629546857     
           2           6  0.91581424092419250     
           5           6  0.83640367363388934     
           6           7  0.88052395661958638     
           7           8   1.7556384824328286     
           7           9   1.2045670317819026     
           8           9  0.16940245023202444     
           9          10  0.97153433665169753     
           9          11   1.0359358157043921     
           9          12  0.10501731363080902     
          11          12   1.7419343448476292     
           6          13   1.0595347975331750     
          11          13   1.0896735726133173     
          12          13  0.14179765220954807     
          13          14  0.98120646058380323     
           5          15  0.92714888743740076     
           1          16  0.94132005020938281     
           1          17  0.94679716499911781     
           3          18  0.92454627589778404     
          10          19  0.96774943488537091     
          10          20  0.96450508494961840     
          10          21  0.95518806067053452     
          14          22  0.96346259092072728     
          14          23  0.97007406267518714     
          14          24  0.96466000505880456     
           4          25  0.92562279394692215     
