           1           2  0.98914263717633322     
           2           3   1.3452915624360955     
           3           4   1.2919404104807204     
           4           5   1.1661019170808182     
           2           6   1.1757999226626319     
           5           6   1.4140201751905079     
           6           7  0.98434637036673611     
           7           8   1.5133010042690487     
           7           9   1.3491787274073086     
           8           9  0.13019479661269553     
           9          10   1.0712966893694518     
          11          12   1.9607501627396076     
           5          13  0.99200769657700394     
          11          13   1.3772430653751713     
          12          13  0.16904149427164952     
          13          14  0.94451177203992875     
           1          15  0.93785173471681016     
           1          16  0.96930959578196385     
           1          17  0.94919152909526017     
           3          18  0.95228103757468097     
          10          19  0.92311718732124315     
          10          20  0.91681507521309591     
          10          21  0.93465909034248884     
          14          22  0.96653319678652760     
          14          23  0.93485062561776555     
          14          24  0.97254472933675018     
           4          25  0.92129751796720694     
