           1           2  0.93808965567432034     
           2           3   1.5696442977613019     
           3           4  0.25125864108669116     
           4           5   1.5785412356360347     
           2           6   1.1818937037662387     
           3           6  0.13743166247877239     
           5           6   1.1219824030655998     
           6           7   1.1005090866787781     
           7           8   1.6339714649540673     
           7           9   1.1127682942804806     
           8           9  0.12218195277937380     
           9          10  0.97747481968325967     
           9          11   1.1012001185059974     
           9          12  0.11271251658422621     
          11          12   1.6880967888303775     
           5          13   1.1616293930356256     
          11          13   1.0807853896265058     
          12          13  0.11153928179241621     
          13          14  0.97584095299551221     
           1          15  0.95064995523421736     
           1          16  0.96167829656024983     
           1          17  0.93183111017710896     
           3          18  0.92907249381325707     
          10          19  0.96063437933343543     
          10          20  0.94556387156174648     
          10          21  0.94621245288678735     
          14          22  0.95045394255338533     
          14          23  0.95025054441019607     
          14          24  0.96194780932040747     
           3          25  0.38020191851180246     
           4          25  0.53779972563182565     
