   -0.26969608
    0.10135470
    0.00636370
    0.00186136
   -0.08031076
    0.12885892
   -0.23152009
    0.02806043
    0.12775514
   -0.23036002
    0.02745162
   -0.07503730
   -0.05368204
   -0.06443962
   -0.06868148
    0.00524072
    0.00744744
   -0.01461374
   -0.06904563
    0.00595763
   -0.03972265
   -0.12413345
    0.10888149
   -0.09905477
    0.04876538
    0.13652187
   -0.23240160
    0.02806839
   -0.08447168
   -0.06942261
   -0.00723324
   -0.11850187
   -0.11832913
    0.05145361
    0.05327770
    0.08047257
    0.04655118
    0.05438075
    0.08036504
    0.04701934
    0.05100284
    0.03824017
    0.05962302
    0.05325117
    0.06543484
    0.07856484
    0.00527023
    0.06793418
    0.06522614
    0.06755190
    0.05687223
    0.05610107
    0.05158113
    0.01543678
    0.00236149
    0.08661193
    0.09734800
    0.08112506
    0.04868469
    0.05270792
    0.04638112
    0.07497944
    0.07959930
    0.07766259
    0.03658461
    0.06866588
    0.03507286
    0.05045558
    0.06023208
    0.03424976
    0.05391516
    0.15582079
