           1           2   1.9557175609644633     
           2           3  0.99483132741643465     
           3           4  0.96980167338473877     
           4           5   1.3672888926010847     
           5           6   1.4025128586415980     
           6           7   1.0973694633553930     
           7           8  0.97835109091647099     
           6           9   1.2235562154623976     
           9          10   1.0991646922452865     
          10          11  0.97800424241223882     
           9          12   1.3939928553072185     
           4          13   1.4156290175816517     
          12          13   1.4012896994155617     
           3          14  0.95713050534765487     
          14          15  0.98102382389320708     
          15          16   1.0590934376230012     
          16          17   1.3909405460689621     
          17          18  0.98951375364256833     
          18          19  0.96584811530198666     
          19          20   1.0045813359571738     
          20          21   1.3505601157280966     
          21          22   1.4618097606793241     
          22          23   1.3547633705155531     
          23          24   1.0422593996891645     
          24          25   1.2901196332720042     
          23          26   1.2020132945922430     
          26          27   1.1048267548818598     
          27          28  0.97304577927532621     
          20          29   1.3928604046671278     
          26          29   1.3857058014724157     
          17          30  0.99841828787776077     
           3          31  0.94231800351438499     
          31          32   1.0083678220094197     
          31          33   1.0090109070132229     
           5          34  0.95789997598652998     
           8          35  0.97375584917912417     
           8          36  0.97677041711086232     
           8          37  0.97365308167675724     
          11          38  0.97368817225709758     
          11          39  0.97702642144131580     
          11          40  0.97382581108463506     
          12          41  0.96388008616101217     
          13          42  0.96267763292830622     
          14          43  0.96858962754742683     
          14          44  0.97246573303318706     
          15          45  0.96161414431221603     
          15          46  0.92784778519861055     
           2          47  0.90034180792774987     
          16          48  0.95770593973974227     
          18          49  0.96401208694000728     
          18          50  0.96801842149494721     
          19          51  0.97214586985312668     
          19          52  0.96896789058003674     
          21          53  0.95705003969824354     
          54          55  0.94022970419348084     
          25          56  0.95804726255492845     
          25          57  0.96546197232673747     
          28          58  0.97684729420265259     
          28          59  0.97518401170469016     
          28          60  0.97445082662106031     
          29          61  0.95964078616367143     
          30          62  0.96634265975916522     
          30          63  0.96134933982568038     
          30          64  0.97764905756380605     
          31          65  0.96036780774304309     
          32          66  0.97433266949940978     
          32          67  0.98197530602609584     
          32          68  0.98158223434378544     
          33          69  0.97690993939166593     
          33          70  0.98317082866245609     
          33          71  0.98033187318686954     
           1          72  0.94215829062483636     
