           1           2  0.98753073313795137     
           2           3   1.3610241999696138     
           3           4   1.2922900425456931     
           4           5   1.1570524101621920     
           2           6   1.1719311733043383     
           5           6   1.2485064038156510     
           6           7   1.0864193507092696     
           7           8   1.6182210689667142     
           7           9   1.1302717182863915     
           8           9  0.12512952761841706     
           9          10  0.99277364780269506     
           9          11   1.0168627552461014     
          11          12   1.6591961651267741     
           5          13   1.3684236553899300     
          11          13   1.1760155189207373     
           1          15  0.94962083331667357     
           1          16  0.95796482855705478     
           1          17  0.95584660736292260     
           3          18  0.95179686420286269     
          10          19  0.94859457667057012     
          10          20  0.93436093251146390     
          10          21  0.93475418769675422     
          14          22  0.97930647633315693     
          14          23  0.97926237933926519     
          14          24  0.97430315444422610     
           4          25  0.91673563055117213     
