           1           2   1.6655941283759641     
           2           3   1.2685662866196046     
           3           4   1.2123518396521171     
           4           5   1.2775271244700495     
           5           6   1.4341970146726710     
           6           7   1.0930846834913424     
           7           8  0.97884021316087699     
           6           9   1.2051438699468018     
           9          10   1.1126704235459546     
          10          11  0.97568242769712554     
           9          12   1.3563536253451507     
           4          13   1.3028508577183910     
          12          13   1.4578000903654409     
          14          15   1.0681532697030387     
          15          16   1.0635790023495877     
          16          17   1.4295886817778189     
          17          18  0.98614802472541951     
          18          19  0.96481079791147817     
          19          20   1.0084099998218059     
          20          21   1.4071915795630314     
          21          22   1.4186123689948567     
          22          23   1.3815312698728339     
          23          24   1.1122747656870682     
          24          25  0.97532832894551280     
          23          26   1.2183779137722355     
          26          27   1.1046242913030091     
          27          28  0.97840196797852685     
          20          29   1.3801797779084433     
          26          29   1.3943276796733965     
          17          30   1.0012555064133020     
           3          31   1.0101603460234947     
          31          32  0.96880696427814195     
          31          33  0.99066549888319111     
           5          34  0.95299890415575950     
           8          35  0.97365671060483094     
           8          36  0.97661639401152844     
           8          37  0.97352204044399449     
          11          38  0.97270113674053815     
          11          39  0.97677243220802756     
          11          40  0.97322382481832126     
          12          41  0.96284029701422313     
          13          42  0.96252065345345827     
          14          43  0.98065900016132468     
          14          44  0.97913887518425513     
          15          45  0.91250838193648898     
          15          46  0.88424649947790690     
           2          47  0.92687777173549191     
          16          48  0.95668641690914558     
          18          49  0.96516564022897289     
          18          50  0.96738069985942909     
          19          51  0.97100824542853126     
          19          52  0.97147303698651810     
          21          53  0.96797918010517425     
          22          54  0.96286854153256363     
          25          55  0.97206576537369027     
          25          56  0.97257355308523985     
          25          57  0.97658314622703246     
          28          58  0.97663346462619838     
          28          59  0.97329856912213142     
          28          60  0.97311734631473024     
          29          61  0.96235365363456193     
          30          62  0.96346865714919039     
          30          63  0.95873175785443010     
          30          64  0.97804705234656542     
          31          65  0.95521788581867972     
          32          66  0.97406107211195558     
          32          67  0.98316255611666192     
          32          68  0.98037619147853661     
          33          69  0.96741505871983158     
          14          70  0.13798035701659295     
          33          70  0.83898692354380433     
          33          71  0.97701380636895796     
           1          72  0.95033047393088488     
