           1           2  0.98440179727665988     
           2           3   1.4034407982514849     
           3           4   1.2867398349843870     
           4           5   1.1925678599070051     
           2           6   1.1491372037117116     
           5           6   1.3251951528794632     
           6           7   1.1118565292815994     
           7           8   1.6698309705642629     
           7           9  0.99723462892629200     
           8           9  0.11272750101156900     
           9          10   1.3400599247031748     
           9          11   1.0135411626948430     
          11          12   1.7142577248884669     
           5          13   1.1949677875351372     
          11          13   1.0860087065130895     
          12          13  0.13599659781931395     
          13          14  0.96999345157796457     
           1          15  0.95642118188818070     
           1          16  0.96245806353757501     
           1          17  0.96079261644715952     
           3          18  0.95178519614754431     
          10          19  0.95659656400780102     
          10          20  0.96095329381636385     
          14          22  0.97245147592954528     
          14          23  0.97160781561435705     
          14          24  0.96463637173754746     
           4          25  0.91770279905360763     
