   -0.26215234
    0.10188290
    0.01282054
    0.01666882
   -0.09911669
    0.14204701
   -0.20860759
    0.02357484
    0.12950676
   -0.22216184
    0.02611843
   -0.07874146
   -0.05052359
   -0.06699956
   -0.06996694
    0.01667060
    0.01780285
   -0.01750963
   -0.07103245
    0.00127176
   -0.04755073
   -0.06645075
    0.13502568
   -0.21718742
    0.02345864
    0.13447803
   -0.22045661
    0.02584727
   -0.07892090
   -0.07206263
   -0.00709539
   -0.11818597
   -0.11818034
   -0.20045447
    0.06203190
    0.08047267
    0.08976017
    0.05746970
    0.08445459
    0.05028809
    0.05616342
    0.04512462
    0.08828164
    0.05369686
    0.07247300
    0.09292654
    0.00574920
    0.07490456
    0.06909649
    0.06867922
    0.05791846
    0.05763890
    0.04793019
    0.06112399
    0.05648212
    0.05832313
    0.08460769
    0.08398736
    0.05026377
    0.05458796
    0.04888037
    0.08177346
    0.08060556
    0.08173630
    0.05199516
    0.06957286
    0.03701611
    0.05432990
    0.05953230
    0.03959631
    0.05762787
    0.15908075
