           1           2   1.9537788299695262     
           2           3  0.99534372316634345     
           3           4  0.96924231290237495     
           4           5   1.3668263527373372     
           5           6   1.4041639922277176     
           6           7   1.0944077998898454     
           7           8  0.97885126196996575     
           6           9   1.2264554739849938     
           9          10   1.0957456322491179     
          10          11  0.97895624775928081     
           9          12   1.3958563035478624     
           4          13   1.4184351680304645     
          12          13   1.4002564650713856     
           3          14  0.95667715034458289     
          14          15  0.98241438864951303     
          15          16   1.0590192289831755     
          16          17   1.3703867296202659     
          17          18  0.99361676633123808     
          18          19  0.95847803615475469     
          19          20   1.0184646898507799     
          20          21   1.6416982227725521     
          21          22   1.2552977047055243     
          22          23   1.4010961499299230     
          23          24   1.1009878117412821     
          24          25  0.97357322504715571     
          23          26   1.2364009613604252     
          26          27   1.1759372094033675     
          26          28  0.22610590629550192     
          27          28   1.2746549235323945     
          20          29   1.0222845142671200     
          26          29   1.0166928744891823     
          17          30  0.99956146571989013     
           3          31  0.94407490532490823     
          31          32   1.0084613558326996     
          31          33   1.0091350142011077     
           5          34  0.95792026193018864     
           8          35  0.97416630291113138     
           8          36  0.97693887215066766     
           8          37  0.97381650323509450     
          11          38  0.97391521356285704     
          11          39  0.97722695756355793     
          11          40  0.97421086840084925     
          12          41  0.96406229724655201     
          13          42  0.96264460110974559     
          14          43  0.96907019294907981     
          14          44  0.97259996788478387     
          15          45  0.96137874060422746     
          15          46  0.92838978595265975     
           2          47  0.90063721776339045     
          16          48  0.95853950431816404     
          18          49  0.96570174660031272     
          18          50  0.96772533740731437     
          19          51  0.96890813445022661     
          19          52  0.97288329044762489     
          21          53  0.96518909543288522     
          22          54  0.96522336356066907     
          25          55  0.97448949951316033     
          25          56  0.97445508117972346     
          25          57  0.97704410338273207     
          28          58  0.96874032185045311     
          29          59  0.93653840252449738     
          28          60  0.96923365520579674     
          29          61  0.92669250666919567     
          30          62  0.96681831443695909     
          30          63  0.96223636681778713     
          30          64  0.97803435572071007     
          31          65  0.96060640911744111     
          32          66  0.97520419474841713     
          32          67  0.98229081392083128     
          32          68  0.98207595292606698     
          33          69  0.97721578738105230     
          33          70  0.98336420436701544     
          33          71  0.98087934770042040     
           1          72  0.94301977289587091     
