           1           2  0.98174900982863655     
           2           3   1.4181549066686576     
           3           4   1.3071833096584760     
           4           5   1.1569182525248467     
           2           6   1.1694250584794479     
           5           6   1.3294277226411955     
           6           7   1.0719392885476959     
           7           8   1.6771779619731393     
           7           9   1.0881725398836035     
           8           9  0.14362122594509177     
           9          10  0.96112903242902636     
           9          11   1.1683321387253851     
           9          12  0.15327769441266656     
          11          12   1.7323715706813627     
           5          13   1.1745361967443941     
          11          13  0.93111081171358845     
          13          14   1.2926218905738520     
           1          15  0.95714820212766172     
           1          16  0.95938067407024386     
           1          17  0.95854732570083911     
           3          18  0.94997282454215426     
          10          19  0.96888871893885342     
          10          20  0.96849964373774733     
          10          21  0.96857239351900781     
          14          22  0.96993810191541685     
          14          23  0.93624465594636030     
           4          25  0.91693403701225551     
