           1           2  0.99052373143734840     
           2           3   1.3778257173297592     
           3           4   1.2639646873975532     
           4           5   1.1940809199472135     
           2           6   1.1647251339312616     
           5           6   1.3565355060468267     
           6           7   1.0963051341951096     
           7           8  0.94399839569612876     
           7           9   1.7391414767609552     
           8           9  0.10725175615651397     
           9          10   1.0409036726691001     
           8          11   1.0843873138911346     
           8          12  0.13368302813833055     
          11          12   1.7569688220879089     
           5          13   1.1941654085436828     
          11          13   1.0206122033151210     
          12          13  0.12606578380891631     
          13          14  0.97507716509077169     
           1          15  0.95590491659536458     
           1          16  0.97357514025135417     
           1          17  0.95322782392395844     
           3          18  0.95282623236923525     
          10          19  0.95585588463879212     
          10          20  0.96024521366818105     
          10          21  0.93605879480348819     
          14          22  0.97141518684572348     
          14          23  0.97184153881973701     
          14          24  0.96554496086525776     
           4          25  0.91873345087092007     
