   -0.26560871
    0.10157942
    0.00642501
    0.00198666
   -0.08014624
    0.12977505
   -0.22843147
    0.02704964
    0.12909632
   -0.22668335
    0.02624523
   -0.07405195
   -0.05252729
   -0.06492472
   -0.06997944
    0.01045450
    0.01630490
   -0.01743641
   -0.07105897
    0.01328292
   -0.04676532
   -0.02483754
   -0.05118545
   -0.29197401
    0.18145306
    0.15669720
   -0.24481709
    0.02584710
   -0.06502393
   -0.07100213
   -0.00736075
   -0.11850327
   -0.11954026
    0.05252763
    0.05456020
    0.08215696
    0.04798915
    0.05612563
    0.08213740
    0.04923094
    0.05329862
    0.03982492
    0.06166915
    0.05496896
    0.06783404
    0.08244674
    0.00633948
    0.07294515
    0.06916689
    0.06879720
    0.05644234
    0.05813189
    0.03884925
    0.05533857
    0.06486979
    0.04859273
    0.05391039
    0.07506658
    0.04856844
    0.06552015
    0.05041256
    0.07923619
    0.07904610
    0.08327497
    0.03792849
    0.06857391
    0.03557534
    0.05210066
    0.06268302
    0.03545768
    0.05542552
    0.15863766
