           1           2   1.9583329017457061     
           2           3  0.99392154259920074     
           3           4  0.97083194559771124     
           4           5   1.3687086959857930     
           5           6   1.3998275111483545     
           6           7   1.1011779753379951     
           7           8  0.97746289585513024     
           6           9   1.2198137012119594     
           9          10   1.1041904719863831     
          10          11  0.97675688675659178     
           9          12   1.3899373035209219     
           4          13   1.4125903258133363     
          12          13   1.4056589673359681     
           3          14  0.95566967795312840     
          14          15  0.98251401479199274     
          15          16   1.0606968001414641     
          16          17   1.4185951482263164     
          17          18  0.98568471766332533     
          18          19  0.96753093283002123     
          19          20   1.0050732677810175     
          20          21   1.3992170717185199     
          21          22   1.4142927314012497     
          22          23   1.4691522461645570     
          24          25   1.9690673384622919     
          23          26   1.3208075565261044     
          26          27   1.0998900350187162     
          27          28  0.97468101598340140     
          20          29   1.4187116607089005     
          26          29   1.3481975207428458     
          17          30  0.99777693986121674     
           3          31  0.94223816707991337     
          31          32   1.0081932055567151     
          31          33   1.0086987806340388     
           5          34  0.95772247966156510     
           8          35  0.97333964249374272     
           8          36  0.97645707232829637     
           8          37  0.97314472733027635     
          11          38  0.97309654584188143     
          11          39  0.97671560687498160     
          11          40  0.97322421826408301     
          12          41  0.96353252649650201     
          13          42  0.96231829847594785     
          14          43  0.96800621645102458     
          14          44  0.97204823969127663     
          15          45  0.95996540257281748     
          15          46  0.92534880373775807     
           2          47  0.90013634801791942     
          16          48  0.95635702091711006     
          18          49  0.96456089552875379     
          18          50  0.96635984864476732     
          19          51  0.96918106687528938     
          19          52  0.97318018214427005     
          21          53  0.96837226367415041     
          22          54  0.96736338687718060     
          23          55  0.96599652081459730     
          25          56  0.94093116426548107     
          25          57  0.94020268378806926     
          28          58  0.97791281648205231     
          28          59  0.97335932347400456     
          28          60  0.96895161481480763     
          29          61  0.96186852189460781     
          30          62  0.96643706662476170     
          30          63  0.96251775599559086     
          30          64  0.97727741899178677     
          31          65  0.95942000671626826     
          32          66  0.97369831685601782     
          32          67  0.98150580486186401     
          32          68  0.98103956092021627     
          33          69  0.97537276504890436     
          33          70  0.98260748221692107     
          33          71  0.97963568620317698     
           1          72  0.94086996804503364     
