   -0.28864841
    0.09747974
    0.00343071
    0.00993708
   -0.07909242
    0.12837864
   -0.23167805
    0.02835772
    0.12833945
   -0.22959041
    0.02700403
   -0.07396568
   -0.05471842
   -0.06816024
   -0.06785809
   -0.02489009
    0.02244238
    0.00924535
   -0.07082269
    0.00199440
   -0.05068956
   -0.06764824
    0.13280824
   -0.22324924
    0.02515227
    0.13289784
   -0.22534213
    0.02726602
   -0.07904093
   -0.07238131
   -0.00737232
   -0.11605459
   -0.11175330
    0.04994903
    0.05288158
    0.08003064
    0.04680771
    0.05575919
    0.08007501
    0.04753408
    0.05184089
    0.06745876
    0.05511068
    0.04621365
    0.05153534
    0.04976710
    0.01108591
    0.06683264
    0.07642596
    0.07371028
    0.08641128
    0.06709560
    0.04575018
    0.05887164
    0.05336650
    0.05556623
    0.08227917
    0.08212264
    0.04804842
    0.05220685
    0.04658278
    0.07998537
    0.08309037
    0.08118956
    0.04186849
    0.05859955
    0.04245116
    0.05203936
    0.04202069
    0.03799368
    0.05236680
    0.15529744
