   -0.26522198
    0.10394022
    0.01061622
    0.00689515
   -0.07631277
    0.13102832
   -0.22655546
    0.02745889
    0.13171082
   -0.22288233
    0.02563316
   -0.06858125
   -0.04602271
   -0.06096013
   -0.04439813
   -0.01578625
    0.06139574
   -0.01935495
   -0.06876573
    0.00264760
   -0.04602246
   -0.06623579
    0.13486861
   -0.21784710
    0.02393604
    0.13421879
   -0.22162421
    0.02653121
   -0.07906413
   -0.06990902
   -0.00727729
   -0.11792650
   -0.11901839
    0.05294085
    0.05466805
    0.08180037
    0.04865559
    0.05713590
    0.08220837
    0.05208955
    0.05717103
    0.04560490
    0.06764855
    0.05447976
   -0.00859258
    0.05105298
    0.00941366
    0.05951751
    0.07214342
    0.07085010
    0.05724648
    0.05864669
    0.05038100
    0.06096089
    0.05648650
    0.05745613
    0.08359781
    0.08309198
    0.04966483
    0.05370537
    0.04777960
    0.00897774
    0.07616220
    0.07536739
    0.03821847
    0.06970697
    0.03581328
    0.05189146
    0.06428256
    0.03569310
    0.05494678
    0.16002059
