           1           2   1.9567894037123075     
           2           3  0.99090581551805634     
           3           4  0.97308257363833783     
           4           5   1.3736161939551472     
           5           6   1.3964375902312061     
           6           7   1.1013855703075413     
           7           8  0.97789350600512082     
           6           9   1.2173749161473975     
           9          10   1.1076293261214472     
          10          11  0.97655682517586773     
           9          12   1.3830255013852222     
           4          13   1.4040509524429570     
          12          13   1.4151131858749229     
           3          14  0.92353561166392295     
          14          15   1.0447554727649713     
          15          16   1.7117664634370389     
          16          17   1.1210397341824971     
          17          18  0.97957170581165676     
          18          19  0.97061111561438274     
          19          20   1.0086103315863177     
          20          21   1.4086529588890679     
          21          22   1.4156216812909139     
          22          23   1.3819284419105735     
          23          24   1.1147185657911571     
          24          25  0.97511307399913250     
          23          26   1.2128036244673486     
          26          27   1.1068954413061673     
          27          28  0.97801444074924426     
          20          29   1.3771129622612055     
          26          29   1.3960088932700314     
          17          30   1.4120667847137645     
           3          31  0.94865990993438043     
          31          32   1.0063474849908263     
          31          33   1.0081938378314927     
           5          34  0.95692478893342559     
           8          35  0.97303932850675479     
           8          36  0.97640134414529323     
           8          37  0.97252254242705161     
          11          38  0.97215002049254517     
          11          39  0.97665032189074652     
          11          40  0.97252994546686211     
          12          41  0.96277245127346567     
          13          42  0.96176446696267992     
          14          43  0.94715528626773904     
          14          44  0.96986361114486663     
          15          46  0.95609413661957621     
           2          47  0.92967754060478613     
          16          48  0.95645288245618754     
          18          49  0.96537513930825647     
          18          50  0.96799212444220850     
          19          51  0.97379004707643801     
          19          52  0.96629671210380863     
          21          53  0.96724556083359226     
          22          54  0.96264732570256772     
          25          55  0.97164607038657480     
          25          56  0.97194697721568779     
          25          57  0.97643311706471203     
          28          58  0.97645759621810946     
          28          59  0.97304304619415349     
          28          60  0.97249906133273090     
          29          61  0.96205372645449116     
          45          62  0.99829560721571919     
          30          63  0.96800412880778897     
          30          64  0.97241878169486640     
          31          65  0.95781808368640953     
          32          66  0.97227962262765777     
          32          67  0.98093001039725991     
          32          68  0.98086770682041025     
          33          69  0.97404046015324608     
          33          70  0.98228021471890470     
          33          71  0.97942084116433648     
           1          72  0.93985106444459832     
