           1           2  0.98779257586030034     
           2           3   1.3410749793880645     
           3           4   1.2461200742531080     
           4           5   1.1874935651784675     
           2           6   1.1649281075437243     
           5           6   1.3582335472041267     
           6           7   1.0323286038068629     
           7           8   1.6681437478892369     
           7           9   1.1283387112263632     
           9          11   1.4827099207363719     
           9          12  0.10031944566213027     
          10          12  0.93155326081599477     
          11          12   1.1836082102240628     
           5          13   1.1699702992957854     
          11          13   1.0946097091397200     
          13          14  0.97708855064326050     
           1          15  0.95585544026589309     
           1          16  0.96061976927994774     
           1          17  0.95785883155351481     
           3          18  0.95505259739452231     
          10          19  0.96406478467929524     
          10          20  0.96203748631519692     
          10          21  0.96183495801127161     
          14          22  0.96753313263950569     
          14          23  0.96736231801971950     
          14          24  0.96750565544182088     
           4          25  0.92195002454413622     
