   -0.26725848
    0.10131103
    0.00639859
    0.00170617
   -0.08058436
    0.12910200
   -0.22899849
    0.02735680
    0.12853958
   -0.22723478
    0.02623984
   -0.07408554
   -0.05214971
   -0.06398285
   -0.07041159
    0.01661702
    0.01369575
   -0.00721051
   -0.13512081
   -0.06896805
   -0.02592618
   -0.06117123
    0.13115333
   -0.22360464
    0.02510952
    0.13781566
   -0.21706395
    0.02700587
   -0.05885118
   -0.06852253
   -0.00705268
   -0.11844848
   -0.11967895
    0.05241161
    0.05457543
    0.08187806
    0.04697721
    0.05606169
    0.08187452
    0.04907618
    0.05384234
    0.04157851
    0.06159161
    0.05487766
    0.06622492
    0.08175474
    0.00705908
    0.07334735
    0.06356763
    0.06923066
    0.04524558
    0.04428506
    0.06221846
    0.06689599
    0.05552629
    0.05654802
    0.08308942
    0.08338380
    0.05202425
    0.05519827
    0.05972479
    0.07639751
    0.07841069
    0.08412919
    0.03761421
    0.06802644
    0.03552205
    0.05199456
    0.06328095
    0.03568774
    0.05505313
    0.15808822
