           1           2   1.9570814060633352     
           2           3  0.99292030617314442     
           3           4  0.97294951901162130     
           4           5   1.3687444381382412     
           5           6   1.3993680357454334     
           6           7   1.1002499565255031     
           7           8  0.97793101947414507     
           6           9   1.2205822741073566     
           9          10   1.1033349035203015     
          10          11  0.97701189739058292     
           9          12   1.3899822133602715     
           4          13   1.4106883088536182     
          12          13   1.4041097105934062     
           3          14  0.95522351688756602     
          14          15  0.98147448227248379     
          15          16   1.0527432575449964     
          16          17   1.4758272644667083     
          17          18  0.90467370494464538     
          18          19   1.0720747317769399     
          20          21   1.4581426392807826     
          21          22   1.3516923149414479     
          22          23   1.3917860254320376     
          23          24   1.1025274598123480     
          24          25  0.97601110291868576     
          23          26   1.2201196714401925     
          26          27   1.1062420620244857     
          27          28  0.97599636095160236     
          20          29   1.4455431174766233     
          26          29   1.3331560580828428     
          17          30  0.99754161705712951     
           3          31  0.94182541588767621     
          31          32   1.0081965706583045     
          31          33   1.0084531913560755     
           5          34  0.95815025199665427     
           8          35  0.97318588638122083     
           8          36  0.97653849610779264     
           8          37  0.97339313298305319     
          11          38  0.97303266497674201     
          11          39  0.97675988468504649     
          11          40  0.97332986700026525     
          12          41  0.96346857686699994     
          13          42  0.96234240160766849     
          14          43  0.96759232983021359     
          14          44  0.97238237819270845     
          15          45  0.96176856602929017     
          15          46  0.92831425770726206     
           2          47  0.90532887940532092     
          16          48  0.95549012814023637     
          18          49  0.96098659512087525     
          18          50  0.96064369402296279     
          19          51  0.98373871045273198     
          19          52  0.98386271343954268     
          21          53  0.95752281798222960     
          22          54  0.95300816991856119     
          25          55  0.97192978676721453     
          25          56  0.97190059261239647     
          25          57  0.97643403469242440     
          28          58  0.97591362198448406     
          28          59  0.97252896834991476     
          28          60  0.97213544924442474     
          29          61  0.94947311274831092     
          30          62  0.96559376458474588     
          30          63  0.96066604540186240     
          30          64  0.97649116912561273     
          31          65  0.95997816509938860     
          32          66  0.97369690900444383     
          32          67  0.98152109449669089     
          32          68  0.98105172038206501     
          33          69  0.97515652094758176     
          33          70  0.98273468612958759     
          33          71  0.97962323916158545     
           1          72  0.94105942136143172     
