           1           2   1.3277974000917714     
           2           3   1.2462923871196914     
           3           4   1.2649800902994728     
           4           5   1.1767193379197991     
           2           6   1.0917731143260172     
           5           6   1.3636347418964809     
           6           7   1.0733518496751218     
           7           8   1.6937371109363575     
           7           9   1.1032849594317558     
           8           9  0.15044705457342594     
           9          10  0.96754034455201543     
           9          11   1.1286613322791361     
           9          12  0.14085886286243449     
          11          12   1.7168933594476830     
           5          13   1.2286073033666529     
          11          13   1.0230074257401283     
          12          13  0.12130270219245562     
          13          14  0.97512914620223035     
           1          16  0.96658346234007519     
           1          17  0.94747109669268559     
           3          18  0.95406002041815929     
          10          19  0.97016947815757149     
          10          20  0.96534150989066636     
          10          21  0.96598167456697337     
          14          22  0.97047848495888067     
          14          23  0.97060591681464548     
          14          24  0.96330664876730376     
           4          25  0.91842652791281754     
