   -0.26314051
    0.10132961
    0.00656465
    0.00318712
   -0.07958336
    0.13061361
   -0.22668867
    0.02644300
    0.12953829
   -0.22525460
    0.02581920
   -0.07443352
   -0.05316582
   -0.06546728
   -0.06970524
    0.01045008
    0.01500991
   -0.01662113
   -0.06955371
    0.00373545
   -0.04240410
   -0.06077746
    0.20110246
   -0.35519165
   -0.10835302
    0.12988971
   -0.19401185
    0.02418891
   -0.07928011
   -0.07174063
   -0.00733924
   -0.11946922
   -0.11869475
    0.05347389
    0.05535850
    0.08299325
    0.04891640
    0.05673690
    0.08296852
    0.04916129
    0.05337802
    0.03931397
    0.06166229
    0.05492918
    0.06687955
    0.08278203
    0.00807519
    0.07263550
    0.06895997
    0.06870466
    0.05675768
    0.05646821
    0.04681095
    0.06857882
    0.08407256
    0.08477390
    0.09551689
    0.08745651
    0.05334838
    0.05781316
    0.04371412
    0.07813365
    0.08064291
    0.08128769
    0.03875464
    0.07091114
    0.03625193
    0.05284575
    0.06002395
    0.03556082
    0.05625136
    0.16009974
