   -0.26361089
    0.10254844
    0.00723225
    0.00372407
   -0.08001736
    0.12223315
   -0.20517409
    0.02583778
    0.19522688
   -0.37677888
   -0.10609918
   -0.07124623
   -0.04714834
   -0.06402239
   -0.06969698
    0.01149291
    0.01978779
   -0.01780797
   -0.07086006
    0.00109874
   -0.04814849
   -0.06685900
    0.13464500
   -0.21804186
    0.02386613
    0.13454518
   -0.22064903
    0.02560200
   -0.07868863
   -0.07420185
   -0.00626631
   -0.11806001
   -0.11903432
    0.04748209
    0.05794574
    0.08396763
    0.05125766
    0.09049740
    0.09097546
    0.08917414
    0.06314296
    0.03849619
    0.06183439
    0.05325895
    0.06850655
    0.08264616
    0.00673426
    0.07214436
    0.07107585
    0.06811716
    0.05639848
    0.05799504
    0.04603529
    0.06005265
    0.05587397
    0.05752427
    0.08410822
    0.08377751
    0.05135716
    0.05457336
    0.05015795
    0.07962484
    0.08528594
    0.08378935
    0.03828036
    0.06926438
    0.03794399
    0.05303886
    0.06244764
    0.03493858
    0.05549032
    0.15935644
