           1           2   1.9587796270196225     
           2           3  0.99333701175249112     
           3           4  0.97380995867583520     
           4           5   1.3625517385853991     
           5           6   1.4145158333128096     
           6           7   1.1326699111083682     
           7           8  0.97552677205415594     
           6           9   1.0550987987099627     
           9          10   1.5743654669935849     
           9          12   1.1605727771208554     
           4          13   1.3240854905898274     
          12          13   1.5204932024827778     
           3          14  0.95492017741645840     
          14          15  0.97940080507392890     
          15          16   1.0609287714866089     
          16          17   1.4260153324667932     
          17          18  0.98730841584970985     
          18          19  0.96633553160424579     
          19          20   1.0078273150091315     
          20          21   1.4041578712390590     
          21          22   1.4197417105871442     
          22          23   1.3795770214998568     
          23          24   1.1149651203241246     
          24          25  0.97493969439983807     
          23          26   1.2153614317329091     
          26          27   1.1094552394993977     
          27          28  0.97696099449571017     
          20          29   1.3831414372869872     
          26          29   1.3906766225114391     
          17          30  0.99622187726806888     
           3          31  0.93863754379970310     
          31          32   1.0081809974601939     
          31          33   1.0089050224089040     
           5          34  0.95400497341776802     
           8          35  0.97120933888861261     
           8          36  0.97623934163273718     
           8          37  0.97069428392749557     
          11          38  0.98959285034285105     
          11          39  0.98954890085068870     
          11          40  0.98982407152940388     
          12          41  0.96404505396495321     
          13          42  0.95658582887269517     
          14          43  0.96861978436456675     
          14          44  0.97218321469510394     
          15          45  0.96113784246127143     
          15          46  0.92627782452586493     
           2          47  0.89972513891615091     
          16          48  0.95595826905911219     
          18          49  0.96298393209765898     
          18          50  0.96766978742832421     
          19          51  0.97098567352924237     
          19          52  0.97175108222781115     
          21          53  0.96796279113914718     
          22          54  0.96279185213045471     
          25          55  0.97197329750607797     
          25          56  0.97194562657894124     
          25          57  0.97641824317921777     
          28          58  0.97638108725519668     
          28          59  0.97271415790417415     
          28          60  0.97259984208652761     
          29          61  0.96208590448617193     
          30          62  0.96533112058016624     
          30          63  0.95622498588994320     
          30          64  0.97693680257142668     
          31          65  0.95844986374463392     
          32          66  0.97256947629297552     
          32          67  0.98057530682507565     
          32          68  0.98038820872606325     
          33          69  0.97513368448881044     
          33          70  0.98220219410109888     
          33          71  0.97922366986043408     
           1          72  0.94037141845591410     
