   -0.27113271
    0.10118067
    0.00616634
    0.00148981
   -0.08048550
    0.12811895
   -0.23311473
    0.02833095
    0.12675620
   -0.23179969
    0.02783660
   -0.07589715
   -0.05392744
   -0.06395922
   -0.06896080
    0.00406559
    0.00653184
   -0.01771226
   -0.06867132
   -0.01334400
   -0.06354271
   -0.02542524
    0.12597458
   -0.21298205
    0.02412783
    0.11624914
   -0.20991925
    0.02418921
   -0.06002666
   -0.07094375
   -0.00733815
   -0.11811509
   -0.11868286
    0.05122845
    0.05295310
    0.08003296
    0.04631874
    0.05410629
    0.07992895
    0.04580349
    0.05025928
    0.03750536
    0.05998754
    0.05282472
    0.06537550
    0.07766512
    0.00353076
    0.06752552
    0.06443546
    0.07162859
    0.05811756
    0.05220388
    0.04096420
    0.05295304
    0.05918712
    0.05989302
    0.08596488
    0.08728600
    0.05428610
    0.06035821
    0.04821608
    0.07499849
    0.08022258
    0.07722534
    0.03602502
    0.06786289
    0.03461577
    0.05003991
    0.06115752
    0.03398444
    0.05342925
    0.15486173
