           1           2   1.9549203826663850     
           2           3  0.99469390155423687     
           3           4  0.97060154078787397     
           4           5   1.3668237140413277     
           5           6   1.4034435491177795     
           6           7   1.0957875667173891     
           7           8  0.97828407485541380     
           6           9   1.2252610738915204     
           9          10   1.0973332964447453     
          10          11  0.97848327143255209     
           9          12   1.3949181346823847     
           4          13   1.4170722775366738     
          12          13   1.3991457412770469     
           3          14  0.95628651563522871     
          14          15  0.97845226792235884     
          15          16   1.0604322161496813     
          16          17   1.3876184044085305     
          17          18  0.98906474921287346     
          18          19  0.98440116484127294     
          19          20  0.98926097303178973     
          20          21   1.0063536248824609     
          21          22   1.6715045536289952     
          22          23   1.0652904809209560     
          23          24   1.1226732309342584     
          24          25  0.96194948513426415     
          23          26   1.4628131518367142     
          26          27   1.1232345910933788     
          27          28  0.96515102881573800     
          20          29  0.94445696794414080     
          22          29  0.96214213870873455     
          26          29  0.96406781727223168     
          17          30  0.99842881695064611     
           3          31  0.94336761672608516     
          31          32   1.0083454073337328     
          31          33   1.0090364710940525     
           5          34  0.95807621782911423     
           8          35  0.97413588733586920     
           8          36  0.97679526812693940     
           8          37  0.97367216293895043     
          11          38  0.97374950609992705     
          11          39  0.97710036330751582     
          11          40  0.97411566636076319     
          12          41  0.96395540006297753     
          13          42  0.96261307638849170     
          14          43  0.96842897985967102     
          14          44  0.97285204029012629     
          15          45  0.96200203400880824     
          15          46  0.92986639479331235     
           2          47  0.90280394123061625     
          16          48  0.95747075757206945     
          18          49  0.96164147399592981     
          18          50  0.96682826616963380     
          19          51  0.97457662644722798     
          19          52  0.97148539711856663     
          21          53  0.96796625097449673     
          29          54  0.96008911695997334     
          25          55  0.97533774091453451     
          25          56  0.97504263121343526     
          25          57  0.97794169317327539     
          28          58  0.97728952240575451     
          28          59  0.97554935950054367     
          28          60  0.97454819368276380     
          20          61  0.94722328862184391     
          30          62  0.96743835889173391     
          30          63  0.95862541189169859     
          30          64  0.97788368454559116     
          31          65  0.96041306115410330     
          32          66  0.97495011896687722     
          32          67  0.98208956772892986     
          32          68  0.98186037630257350     
          33          69  0.97658090243220586     
          33          70  0.98333928752750999     
          33          71  0.98054396212478967     
           1          72  0.94267479563399670     
