   -0.27630060
    0.10309563
    0.00625979
    0.00146919
   -0.07927404
    0.12852134
   -0.23254163
    0.02884634
    0.12889976
   -0.23017447
    0.02796301
   -0.07161077
   -0.04930127
   -0.06438986
   -0.06282553
   -0.04821732
    0.07957781
   -0.05422648
   -0.06470220
   -0.00729228
   -0.04286752
   -0.07068183
    0.12954099
   -0.23735145
    0.02598764
    0.12523668
   -0.19729007
    0.02082316
   -0.07467567
   -0.07717771
   -0.00716355
   -0.11540942
   -0.12046421
    0.05103544
    0.05262480
    0.07937257
    0.04560015
    0.05390765
    0.07931643
    0.04791251
    0.05149123
    0.04181651
    0.05504385
    0.05620464
    0.05876438
    0.05877001
    0.00774326
    0.05299076
    0.08016670
    0.04924907
    0.06684405
    0.05509490
    0.05604032
    0.06346424
    0.05302415
    0.05435625
    0.08167502
    0.09136700
    0.05721222
    0.06028505
    0.08083353
    0.08353593
    0.07919504
    0.08637164
    0.03548732
    0.06073696
    0.03408311
    0.04918442
    0.06767017
    0.03576059
    0.05242641
    0.15105824
