           1           2   1.9492724323516784     
           2           3  0.99352814019447477     
           3           4  0.97826086793270650     
           4           5   1.3714981572718676     
           5           6   1.3996632106574445     
           6           7   1.0941833163692849     
           7           8  0.97950060309285125     
           6           9   1.2251290016467844     
           9          10   1.0984350444767998     
          10          11  0.97845780165757745     
           9          12   1.3893838990317555     
           4          13   1.4090298009352806     
          12          13   1.4106102926419111     
           3          14  0.95011447201173538     
          14          15   1.0027502257725538     
          15          16   1.0492534212385443     
          16          17   1.3380035510383033     
          16          18  0.21405798954997707     
          17          18   1.3304914714226830     
          18          19   1.0219575093608999     
          19          20   1.0118615220649658     
          20          21   1.6118726977053270     
          21          22   1.2943620959946305     
          22          23   1.3353036062215271     
          23          24   1.0890365814817911     
          24          25  0.97599237688866747     
          23          26   1.3220148761612576     
          26          27   1.1465270053074168     
          27          28  0.97550575002306605     
          20          29   1.0293218478477415     
          26          29   1.0339078751382900     
          17          30  0.98688947756605139     
           3          31  0.94357995018661867     
          31          32   1.0086577816927904     
          31          33   1.0077217837592625     
           5          34  0.95776547391800659     
           8          35  0.97367293925033471     
           8          36  0.97689096490809302     
           8          37  0.97351783291918315     
          11          38  0.97344522455838356     
          11          39  0.97719463497041137     
          11          40  0.97362597966719855     
          12          41  0.96366875266782670     
          13          42  0.96223157266491588     
          14          43  0.96758651695468967     
          14          44  0.97094929184003020     
          15          45  0.94774456796337603     
          15          46  0.93685367772130901     
           2          47  0.92534205640341638     
          16          48  0.96021804423785251     
          29          49  0.91707567866299711     
          18          50  0.96330987939220991     
          19          51  0.93712425725574477     
          19          52  0.95125806209777652     
          21          53  0.96441756271229284     
          22          54  0.96476130255953640     
          25          55  0.97397271378488237     
          25          56  0.97382147293925825     
          25          57  0.97662212339362675     
          28          58  0.97560973570931742     
          28          59  0.96951544457911965     
          28          60  0.96797570487200135     
          29          61  0.91843925169057461     
          30          62  0.96999825396681760     
          30          63  0.96612493124306686     
          30          64  0.97311856063109714     
          31          65  0.96098900509500118     
          32          66  0.97734072052389798     
          32          67  0.98136963349498885     
          32          68  0.98205721362441067     
          33          69  0.97366092888377165     
          33          70  0.98264818938732579     
          33          71  0.97970595380337644     
           1          72  0.94393208249631266     
