           1           2   1.8365526926575908     
           2           3   1.5439818698959431     
           2           4  0.14680586412501001     
           3           4   1.3403601152448865     
           4           5   1.0470942454262331     
           5           6   1.5729336898540738     
           6           7   1.0766727575617219     
           7           8   1.7011261891982747     
           7           9   1.0947492533352849     
           8           9  0.14212366235377399     
           9          10  0.97096766474511198     
           9          11   1.1487991188048572     
           9          12  0.14037935854821901     
          11          12   1.6883349003314203     
           5          13   1.1846012381181235     
          11          13   1.0358844829650726     
          12          13  0.12418231133132082     
          13          14  0.98325998860511610     
           1          15  0.92775241259598984     
           1          16  0.92109770405737101     
           6          17  0.95475277021716498     
           3          18  0.90208288661513791     
          10          19  0.97000759472123776     
          10          20  0.96608914002693347     
          10          21  0.96525742117288937     
          14          22  0.96787000179539628     
          14          23  0.96881490805725190     
          14          24  0.95437557368810544     
           4          25  0.89641277556078980     
