           1           2  0.98588881858530242     
           2           3   1.3792181399429930     
           3           4   1.2668697009389089     
           4           5   1.1939789524478432     
           2           6   1.1468412325657869     
           5           6   1.3279725791697226     
           6           7   1.1158018082177508     
           7           8   1.6747561803553981     
           7           9  0.98671550170917799     
           8           9  0.10763151866060805     
           9          10   1.3411418243727016     
           9          11   1.0169087425690480     
          11          12   1.7073873871586789     
           5          13   1.1905650779762480     
          11          13   1.0871561245388515     
          12          13  0.13450608575442952     
          13          14  0.97022687558145992     
           1          15  0.95716635409934858     
           1          16  0.96255147767516602     
           1          17  0.96158944697780768     
           3          18  0.95316733335552750     
          10          19  0.95847746198584027     
          10          20  0.95604259535153302     
          14          22  0.97193259307105573     
          14          23  0.97119681986667816     
          14          24  0.96464487502929863     
           4          25  0.91899194298476394     
