           1           2  0.98436090177087410     
           2           3   1.3857580576189745     
           3           4   1.2895283115278560     
           4           5   1.1655952827008698     
           2           6   1.1652101497158898     
           5           6   1.3388866901854455     
           6           7   1.0740585205451707     
           7           8   1.6757025921975681     
           7           9   1.0811497932521703     
           8           9  0.13800318470909428     
           9          10  0.96230844345059463     
           9          11   1.1702159944657287     
           9          12  0.15134857468907387     
          11          12   1.7295748618802880     
           5          13   1.1644851984295401     
          11          13  0.93033975189422435     
          13          14   1.3033001192166631     
           1          15  0.95422414257212806     
           1          16  0.96313065518345686     
           1          17  0.95898567324005890     
           3          18  0.95132266957921419     
          10          19  0.96744090577027952     
          10          20  0.96540011920707569     
          10          21  0.96606888390673729     
          14          22  0.96900266935483537     
          14          24  0.95746312842716641     
           4          25  0.91784892403767282     
