           1           2   1.1160109073977440     
           3           4   1.6846384443994653     
           3           5  0.10219096396407670     
           4           5  0.99324251008166053     
           2           6   1.6496205225777825     
           5           6   1.1341039682487752     
           6           7  0.93614364418630081     
           7           8   1.7940793781116304     
           7           9   1.1091960292588257     
           8           9  0.14127338759366828     
           9          10  0.95534873937983644     
           9          11   1.1638872336481856     
           9          12  0.14735367059943361     
          11          12   1.7319879809160170     
           5          13   1.3600913698788906     
          11          13  0.96421693515899176     
          13          14  0.98158742126147669     
           1          15  0.90003792315826003     
           1          16  0.94870360127091824     
           1          17  0.89670954041864603     
           3          18  0.93678332843082646     
          10          19  0.96885834006740512     
          10          20  0.96675735298478394     
          10          21  0.96525112927407619     
          14          22  0.96544357795042313     
          14          23  0.94647659039138343     
          14          24  0.95706193342678614     
           4          25  0.89869741059915653     
