   -0.27425665
    0.08172877
    0.00857666
    0.00994103
   -0.07102022
    0.13606392
   -0.22509793
    0.02516554
    0.13674495
   -0.21279699
    0.02356980
   -0.06750336
   -0.04112814
   -0.07307349
   -0.08366771
   -0.13142521
    0.05931542
   -0.01894969
   -0.06425637
    0.00529326
   -0.04487132
   -0.06541183
    0.13559478
   -0.21514098
    0.02323736
    0.13519558
   -0.21870877
    0.02530939
   -0.07678763
   -0.06931678
   -0.00450107
   -0.11337523
   -0.11253504
    0.06350034
    0.05617913
    0.08358887
    0.05509062
    0.05969916
    0.08543272
    0.05224080
    0.05440431
    0.05037968
    0.04126907
    0.04978671
    0.03813369
    0.06563954
    0.01593105
    0.05011593
    0.05713470
    0.06293960
    0.05941185
    0.05100627
    0.05166641
    0.06159241
    0.05791692
    0.05900114
    0.08482349
    0.08412725
    0.05228995
    0.05605067
    0.05166457
    0.08947080
    0.06492631
    0.07282444
    0.04661272
    0.07706547
    0.04217156
    0.05680482
    0.06981765
    0.03879096
    0.05520418
    0.15338218
