           1           2   1.6915544784912115     
           2           3   1.2440161378914296     
           3           4   1.2154498579044373     
           4           5   1.2874720973965046     
           5           6   1.4299047118759987     
           6           7   1.1063972340815795     
           7           8  0.97502699454450792     
           6           9   1.1950259204336584     
           9          10   1.1241664636857551     
          10          11  0.97432606196176819     
           9          12   1.3496543708760698     
           4          13   1.2952026101300487     
          12          13   1.4674362035266832     
          14          15   2.0167214689073045     
          16          17   1.7229392747358856     
          17          18  0.94929217566736035     
          18          19  0.97478692313849702     
          19          20   1.0086236816880305     
          20          21   1.3949409769083094     
          21          22   1.4245330001280367     
          22          23   1.3741155369951739     
          23          24   1.1180359915639053     
          24          25  0.97429725690815672     
          23          26   1.2108908732279529     
          26          27   1.1115106485543749     
          27          28  0.97645416483628689     
          20          29   1.3865957151725763     
          26          29   1.3867136797949660     
          17          30  0.99198008495935475     
           3          31   1.0148178531836696     
          31          32  0.97437432090085641     
          31          33  0.97880125137776230     
           5          34  0.95457022604658581     
           8          35  0.97223874893192153     
           8          36  0.97631823726799860     
           8          37  0.97150053808529591     
          11          38  0.97204659817099026     
          11          39  0.97633289255305400     
          11          40  0.97239370027766003     
          12          41  0.96230995321789159     
          13          42  0.96326243853476401     
          14          43  0.96862088354950560     
          14          44  0.97286846065243437     
          15          45  0.97081048920696267     
          15          46  0.92504863362762124     
           2          47  0.92300302540733459     
          16          48  0.94357082517056945     
          18          49  0.96946756104771281     
          18          50  0.96927249907621926     
          19          51  0.96825828777786538     
          19          52  0.97211558149820776     
          21          53  0.96724274197951665     
          22          54  0.96240969012334421     
          25          55  0.97100942319182459     
          25          56  0.97143216177253788     
          25          57  0.97623378557243434     
          28          58  0.97637041319636286     
          28          59  0.97231221500340759     
          28          60  0.97207360712228041     
          29          61  0.96163798949206336     
          30          62  0.97720152081628575     
          30          63  0.97091687922330561     
          30          64  0.96943305355286835     
          31          65  0.95293066956946315     
          32          66  0.96640326363609397     
          32          67  0.98387451226530476     
          32          68  0.97725728085085195     
          33          69  0.97188764326868327     
          33          70  0.98229758211999252     
          33          71  0.97891270871481739     
           1          72  0.94442884922567161     
