   -0.26669121
    0.10167107
    0.00650434
    0.00240281
   -0.08017594
    0.12930413
   -0.23021875
    0.02762776
    0.12838361
   -0.22872327
    0.02683665
   -0.07453921
   -0.05333736
   -0.06484973
   -0.06845028
    0.00466074
    0.00727289
   -0.01523034
   -0.06735440
    0.01256044
   -0.03805747
   -0.08783837
    0.12273538
   -0.29089505
    0.03473774
    0.14799372
   -0.20177575
    0.02013856
   -0.08121876
   -0.06974928
   -0.00717026
   -0.11881149
   -0.11837724
    0.05210110
    0.05397841
    0.08114096
    0.04705522
    0.05540170
    0.08107863
    0.04784746
    0.05239381
    0.03999008
    0.05959066
    0.05386074
    0.06513763
    0.07897431
    0.00715573
    0.06806775
    0.06795912
    0.07114961
    0.05857642
    0.05762520
    0.05713883
    0.06822205
    0.05006459
    0.04498833
    0.07372976
    0.08962468
    0.06190859
    0.06030027
    0.05242521
    0.07343407
    0.08062318
    0.07744868
    0.03722443
    0.06972118
    0.03559003
    0.05116334
    0.06022090
    0.03475681
    0.05470515
    0.15825971
