           1           2   1.3048312875088692     
           1           3  0.17680682264094255     
           2           3   1.2495282686469107     
           3           4   1.1753284664405586     
           4           5   1.2604317065089736     
           2           6   1.0714317540541483     
           5           6   1.2330389347021042     
           6           7   1.2949234631045301     
           7           8   1.1591545937029120     
           7           9   1.2034819892115629     
           9          10  0.96862622877202786     
           9          11   1.0696905481879071     
           9          12  0.12590061761885502     
          11          12   1.7153090250278700     
           5          13   1.1785526011553777     
          11          13   1.0701826525971119     
          12          13  0.13540316169803934     
          13          14  0.97431971657021654     
           1          15  0.95501232037150541     
           1          16  0.97100294900254680     
           8          17  0.82566712470656489     
           3          18  0.95989045936588313     
          10          19  0.97141081910740401     
          10          20  0.96395932099757731     
          10          21  0.96324529104576717     
          14          22  0.97046319269649006     
          14          23  0.97011566344454947     
          14          24  0.96545488431607229     
           4          25  0.92388431814070127     
