   -0.29100257
    0.09329594
    0.00894703
    0.00079720
   -0.13972251
    0.14795788
   -0.26785606
    0.03217285
    0.15030883
   -0.25529497
    0.03320309
   -0.16273696
   -0.04794330
   -0.06694147
   -0.07172971
    0.00043063
    0.00816220
   -0.01557450
   -0.07009448
   -0.00128179
   -0.04991614
   -0.06834065
    0.13237646
   -0.22472434
    0.02598577
    0.13230522
   -0.22699225
    0.02774610
   -0.07980503
   -0.07096694
    0.03038342
   -0.12651530
   -0.11997493
    0.05670463
    0.05652620
    0.06485284
    0.04578488
    0.05421679
    0.06394035
    0.05057427
    0.04510289
    0.04340655
    0.06443712
    0.05271856
    0.08121028
    0.07744635
    0.01819399
    0.06396428
    0.06642277
    0.06468452
    0.05354989
    0.05575705
    0.04266114
    0.05644769
    0.05250861
    0.05443915
    0.08099181
    0.08071674
    0.04800807
    0.05172638
    0.04692492
    0.07727903
    0.08567063
    0.07900585
    0.05491757
    0.11435468
    0.07098240
    0.07175599
    0.08285072
    0.06922423
    0.07190860
    0.16147287
