           1           2   1.9449158904637422     
           2           3  0.94702081634339985     
           3           4  0.94008019503855245     
           4           6   1.0213506600282063     
           5           6   1.7677359915071715     
           5           7  0.11094181984398174     
           6           7   1.0596401804087492     
           7           8  0.97608554950648962     
           9          10   1.0607340337134334     
          10          11  0.97912809479333929     
           9          12   1.7431636219750706     
          10          12  0.10288236512615287     
           4          13   1.7522084473432429     
           9          13   1.0216683986063548     
           3          14  0.95764680254044654     
          14          15  0.98475842223119259     
          15          16   1.0573422275899693     
          16          17   1.3900566927826243     
          17          18  0.98972162910103434     
          18          19  0.96570685381656818     
          19          20   1.0079215409824240     
          20          21   1.4121227019107372     
          21          22   1.4147648723185597     
          22          23   1.3864273681544308     
          23          24   1.1063177918281775     
          24          25  0.97684227648394217     
          23          26   1.2224168379645877     
          26          27   1.1010656897763744     
          27          28  0.97895045896737198     
          20          29   1.3787070607456506     
          26          29   1.3970439171191169     
          17          30  0.99812951955589102     
           3          31   1.0085896953246722     
          31          32   1.0954815541291110     
          31          33   1.0795740317399705     
           5          34  0.96840331435424076     
           8          35  0.97544101321120280     
           8          36  0.97872811820993222     
           8          37  0.97527916039798113     
          11          38  0.97248096268088802     
          11          39  0.97982602956981002     
          11          40  0.97303730106898412     
          12          41  0.95929168737748616     
          13          42  0.95347554057462891     
          14          43  0.96749791899977411     
          14          44  0.97391001625996665     
          15          45  0.95678324738525689     
          15          46  0.92823498363382417     
           2          47  0.90252003076354126     
          16          48  0.95772110311927683     
          18          49  0.96446796280538527     
          18          50  0.96799600637633243     
          19          51  0.97214550647109899     
          19          52  0.97205994033435639     
          21          53  0.96831399772408588     
          22          54  0.96337740284738449     
          25          55  0.97308359647211407     
          25          56  0.97304039876343573     
          25          57  0.97697566973010219     
          28          58  0.97690960903929269     
          28          59  0.97368339407203508     
          28          60  0.97347780226333469     
          29          61  0.96267404757201780     
          30          62  0.96515849080677329     
          30          63  0.96102992400008747     
          30          64  0.97755290529898187     
           5          65  0.95790152579440657     
          32          66  0.89646217238517623     
          32          67  0.96174560072342408     
          32          68  0.97012662689325413     
          33          69  0.92563210193076240     
          33          70  0.95538993315903142     
          33          71  0.97641422110264542     
           1          72  0.94044605776389112     
