           1           2  0.98627920576976491     
           2           3   1.4397231914186701     
           3           4   1.2813648185856863     
           4           5   1.1726014629892088     
           2           6   1.1507882934427762     
           5           6   1.3055593584073286     
           6           7   1.0844858581081120     
           7           8   1.7627785247895080     
           7           9   1.0024896215065058     
           9          10   1.8529355674148382     
           9          11  0.25015365036707404     
           9          12  0.11135048629365180     
          11          12   1.7796768899379292     
           5          13   1.2918522880821077     
          11          13  0.93033557360878461     
          13          14  0.97608332751653670     
           1          15  0.95056250626671623     
           1          16  0.96993421462253648     
           1          17  0.96073448727804556     
           3          18  0.95068330644157684     
          10          19  0.94443986318988515     
          11          20  0.91114567490748610     
          10          21  0.94846983320098988     
          14          22  0.97518267209698628     
          14          23  0.96872734553187190     
          14          24  0.96334577919923037     
           4          25  0.91787576263890547     
