           1           2  0.97079101745107377     
           2           3   1.0977348452702806     
           3           4   1.8426607242057900     
           2           5   1.2648839949314137     
           5           7   1.0377393106960999     
           6           7  0.83011353312937930     
           6           8   1.4434356921410809     
           7           8  0.84234040841739311     
           7           9   1.0246819186060265     
           9          10  0.97687459904729901     
           9          11   1.1782190127854675     
           9          12  0.16842420826104029     
          11          12   1.7299139168077591     
           5          13   1.3546131373046171     
          11          13  0.94904945211040392     
          13          14  0.99445499135750381     
           1          15  0.95098194797041014     
           1          16  0.96872007919990466     
           1          17  0.97102855204756033     
           3          18  0.92170289753199852     
          10          19  0.96459741856229608     
          10          20  0.96719663451433235     
          10          21  0.95634976085111800     
          14          22  0.91370709244999837     
          14          23  0.95960708087673319     
          14          24  0.95646627023236552     
           4          25  0.92318632121670663     
