   -0.26829159
    0.10151695
    0.00631271
    0.00247413
   -0.07985091
    0.12967131
   -0.22951652
    0.02748103
    0.12873247
   -0.22793903
    0.02675001
   -0.07474470
   -0.05345238
   -0.06494858
   -0.06893900
    0.00566147
    0.00923967
   -0.01636226
   -0.07222308
    0.00243040
   -0.04408173
   -0.06710986
    0.13995675
   -0.22459857
    0.02274830
    0.10539908
   -0.09519045
    0.03613890
   -0.06808314
   -0.07038505
   -0.00748131
   -0.11869304
   -0.11831616
    0.05214627
    0.05390265
    0.08136825
    0.04752924
    0.05522625
    0.08151947
    0.04828212
    0.05190601
    0.03783192
    0.06006706
    0.05304518
    0.06652197
    0.07955721
    0.00501384
    0.06807032
    0.06730751
    0.06691308
    0.05811745
    0.05923042
    0.05237701
    0.06406028
    0.05628070
    0.05808815
    0.08490280
    0.10648083
    0.07201949
   -0.15017290
    0.05417182
    0.07667035
    0.07980875
    0.07975621
    0.03719799
    0.06925661
    0.03550990
    0.05102515
    0.05997350
    0.03414438
    0.05438890
    0.15619804
