           1           2   1.9534143478426766     
           2           3  0.99578654395108523     
           3           4  0.96828388174162561     
           4           5   1.3670581119073100     
           5           6   1.4042690774335282     
           6           7   1.0945886009689554     
           7           8  0.97891306444728765     
           6           9   1.2263131997519294     
           9          10   1.0959613402729755     
          10          11  0.97893939092467153     
           9          12   1.3959485894893451     
           4          13   1.4186146545244549     
          12          13   1.4005151924982102     
           3          14  0.95709510711984813     
          14          15  0.98365310665956374     
          15          16   1.0579325033829472     
          16          17   1.3739593854651475     
          17          18  0.98997834342068958     
          18          19  0.96907896451515652     
          19          20   1.0040155202163084     
          20          21   1.6650792121091087     
          21          22   1.0387838035390360     
          22          23   1.0197483034510428     
          23          24   1.1757190965956978     
          23          25  0.22388489138146686     
          24          25   1.2789364023686982     
          23          26   1.2316098875848802     
          26          27   1.0937825087223443     
          27          28  0.97654642122769242     
          20          29   1.2122676491599653     
          26          29   1.4214630481567483     
          17          30  0.99972486892742729     
           3          31  0.94417970671549345     
          31          32   1.0084879290523909     
          31          33   1.0092235042093398     
           5          34  0.95771894919763678     
           8          35  0.97415522477907313     
           8          36  0.97695688543525383     
           8          37  0.97382118677607754     
          11          38  0.97396030124803423     
          11          39  0.97723098935287478     
          11          40  0.97417640366541969     
          12          41  0.96409396534326575     
          13          42  0.96261914317634634     
          14          43  0.96929252651897513     
          14          44  0.97252176570595450     
          15          45  0.96137787993722601     
          15          46  0.92821350858477103     
           2          47  0.89750699356957531     
          16          48  0.95851168903499639     
          18          49  0.96508215959485533     
          18          50  0.96814644354398793     
          19          51  0.97348414437875463     
          19          52  0.97012533150181379     
          21          53  0.96759579896763226     
          22          54  0.92257195185855534     
          22          55  0.93096871006531579     
          25          56  0.96880037443245648     
          25          57  0.96842673394968171     
          28          58  0.97699714130527660     
          28          59  0.97496119134667880     
          28          60  0.97497777596903779     
          29          61  0.96456403131518520     
          30          62  0.96706044920440570     
          30          63  0.96225388732488892     
          30          64  0.97793435630741921     
          31          65  0.96053312674500524     
          32          66  0.97504863558472732     
          32          67  0.98230325102982263     
          32          68  0.98213341855049874     
          33          69  0.97769570375436854     
          33          70  0.98343185054679227     
          33          71  0.98094889063059210     
           1          72  0.94303940421102339     
