   -0.21439651
    0.02269324
    0.00798210
   -0.03025880
   -0.07998519
    0.12124377
   -0.23794231
    0.02930535
    0.12465471
   -0.23568083
    0.02995460
   -0.10209540
    0.03335445
   -0.07083325
   -0.07274686
    0.00215091
   -0.01562223
   -0.02313992
   -0.07194034
   -0.01292080
   -0.05577634
   -0.07214915
    0.12860519
   -0.23613112
    0.02892324
    0.12778086
   -0.23823842
    0.03154184
   -0.08588867
   -0.07727634
   -0.01697869
   -0.10943458
   -0.11415108
    0.05089835
    0.04889625
    0.07791477
    0.04482379
    0.04799612
    0.07885218
    0.04184920
    0.04362198
    0.16636065
    0.06105522
    0.05582872
    0.06094334
    0.05645351
    0.04971036
    0.07404166
    0.07319064
    0.07286070
    0.05199117
    0.05609755
    0.03386130
    0.05183722
    0.04706121
    0.04946827
    0.07667282
    0.07662238
    0.04019542
    0.04585041
    0.03673124
    0.09214486
    0.08673450
    0.08910085
    0.04725477
    0.03135564
    0.03917953
    0.05077847
    0.03273724
    0.04225661
    0.05610536
    0.24606229
