           1           2   1.0012606826346429     
           2           3  0.96169005933565543     
           3           4  0.98335656704645169     
           4           5   1.3800442062037113     
           5           6   1.3924125209850535     
           6           7   1.0892288188116386     
           7           8  0.98007758304559156     
           6           9   1.2413904814958852     
           9          10   1.0917574954972253     
          10          11  0.98080746946925179     
           9          12   1.3874549213198142     
           1          13   1.0109224568922321     
           4          13   1.3735780398779105     
          12          13   1.3673959506262272     
           3          14  0.97816121281630719     
          14          15   1.0015223243350229     
           2          16  0.95223719525749240     
          15          16  0.99712977147134318     
          16          17  0.93687847755725195     
          17          18  0.94588664358713870     
          18          19  0.99418623366233949     
          19          20  0.99692918200494973     
          20          21   1.4362013334108163     
          21          22   1.3992290143929471     
          22          23   1.4009735917355446     
          23          24   1.0942208478156967     
          24          25  0.97926226599495714     
          23          26   1.2352105833053821     
          26          27   1.0865134522755409     
          27          28  0.98283769526765596     
          20          29   1.3660734378530524     
          26          29   1.4101352575798338     
          17          30  0.97309785688824990     
           3          31  0.96143060605360553     
          31          32   1.0083641546646542     
          31          33   1.0084999162979627     
           5          34  0.96157736105813929     
           8          35  0.97513611736944128     
           8          36  0.97739517770483220     
           8          37  0.97525150532608151     
          11          38  0.97523655507753471     
          11          39  0.97731132823289313     
          11          40  0.97536991326000588     
          12          41  0.96330856828211331     
           1          42  0.94086080840648212     
          14          43  0.97327548403095288     
          14          44  0.97044867030503534     
          15          45  0.96819488506760476     
          15          46  0.97579065660872411     
           2          47  0.96692627072439474     
          16          48  0.96405628381657160     
          18          49  0.96880658222005411     
          18          50  0.96984130165953286     
          19          51  0.97007543629413040     
          19          52  0.96999476256097117     
          21          53  0.96917763759591324     
          22          54  0.96439960964602178     
          25          55  0.97510144672191712     
          25          56  0.97501431332657051     
          25          57  0.97776189060156848     
          28          58  0.97755052201478609     
          28          59  0.97543366825213806     
          28          60  0.97515036105937281     
          29          61  0.96368997042534410     
          30          62  0.97655515523162950     
          30          63  0.97524353266593677     
          30          64  0.97443596146009959     
          31          65  0.96429276977877210     
          32          66  0.98549678233846616     
          32          67  0.98330757159212889     
          32          68  0.98435252176671739     
          33          69  0.98401760864696020     
          33          70  0.98247613936168787     
          33          71  0.98175078721750042     
           1          72  0.19296180045654543     
          17          72  0.71363000503952390     
