           1           2  0.98397026618859496     
           2           3   1.3839399984526144     
           3           4   1.2868017188053296     
           4           5   1.1648227974124770     
           2           6   1.1647536158032832     
           5           6   1.3366904187146609     
           6           7   1.0759968737054355     
           7           8   1.6719125224131888     
           7           9   1.0810603919721080     
           8           9  0.13774165130830929     
           9          10  0.96279455534574410     
           9          11   1.1703564478078730     
           9          12  0.15125597575868016     
          11          12   1.7243421698136390     
           5          13   1.1656361848089265     
          11          13  0.93394817863762136     
          13          14   1.2983320762159067     
           1          15  0.95786320146733328     
           1          16  0.95984776253526549     
           1          17  0.95926076629485801     
           3          18  0.95178786228203194     
          10          19  0.96765493431850280     
          10          20  0.96601919773614242     
          10          21  0.96626114545422626     
          14          22  0.97003937009634411     
          14          23  0.95792997836743987     
           4          25  0.91841558039458004     
