   -0.28372987
    0.09603590
    0.01473908
    0.00093518
   -0.07997724
    0.12940238
   -0.23210472
    0.02787103
    0.12787959
   -0.23213402
    0.02778826
   -0.07580372
   -0.05552870
   -0.06690447
   -0.06721375
   -0.00282846
    0.00400751
   -0.01534183
   -0.06991828
   -0.00174339
   -0.05001612
   -0.06843776
    0.13191163
   -0.22619951
    0.02634419
    0.13163246
   -0.22868139
    0.02851480
   -0.08034742
   -0.06877264
   -0.03261122
   -0.11968628
   -0.14418967
    0.05039180
    0.05152860
    0.08028316
    0.04676615
    0.05261158
    0.07996676
    0.04652561
    0.05042958
    0.03471265
    0.05971376
    0.04951456
    0.06505962
    0.07620080
    0.01899601
    0.06390341
    0.06519512
    0.06496999
    0.05308442
    0.05394894
    0.04271471
    0.05614893
    0.05203876
    0.05388382
    0.08032870
    0.07989148
    0.04646391
    0.05078633
    0.04516634
    0.07321409
    0.07806415
    0.07776905
    0.04963263
    0.12131311
    0.07380156
    0.06600571
    0.06112455
    0.05841173
    0.06308630
    0.16146008
