           1           2   1.9514275025666461     
           2           3  0.94838438429927585     
           3           4  0.93798937754854805     
           4           5   1.3656417771541558     
           5           6   1.4052607916554709     
           6           7   1.0970751257794287     
           7           8  0.97859111718746805     
           6           9   1.2263742822097727     
           9          10   1.0976109797340325     
          10          11  0.97839216704637655     
           9          12   1.3989898175909357     
           4          13   1.4273522924738318     
          12          13   1.3951230354345880     
           3          14  0.96246418690410407     
          14          15  0.98626701379009274     
          15          16   1.0568902297272509     
          16          17   1.3754297187766491     
          17          18  0.98993435242534511     
          18          19  0.96560659516358571     
          19          20   1.0080195023441667     
          20          21   1.4139381870123087     
          21          22   1.4140092644063680     
          22          23   1.3875457139138039     
          23          24   1.1045827260056054     
          24          25  0.97714646833688912     
          23          26   1.2244322400954251     
          26          27   1.0983509357556922     
          27          28  0.97978715929428450     
          20          29   1.3773850281310307     
          26          29   1.3988304630975543     
          17          30  0.99988119815535004     
           3          31   1.0318567101602292     
          31          32   1.1300510266500456     
           5          34  0.96006359457966717     
           8          35  0.97409089209291000     
           8          36  0.97696007391230455     
           8          37  0.97430624514462694     
          11          38  0.97422595509647825     
          11          39  0.97711849982461152     
          11          40  0.97429048828835474     
          12          41  0.96394075400365919     
          13          42  0.96325407316442146     
          14          43  0.97141240967864750     
          14          44  0.97495738735374649     
          15          45  0.96184297791662898     
          15          46  0.92912453804614303     
           2          47  0.90211824396343665     
          16          48  0.95794176644509510     
          18          49  0.96482449288660788     
          18          50  0.96810725158164501     
          19          51  0.97222790211923316     
          19          52  0.97202183715045043     
          21          53  0.96840899777403555     
          22          54  0.96345391374132217     
          25          55  0.97324903932418572     
          25          56  0.97327876418306691     
          25          57  0.97709056225398316     
          28          58  0.97704376907806245     
          28          59  0.97392543656246833     
          28          60  0.97372984036457189     
          29          61  0.96268533730246253     
          30          62  0.96664871765143412     
          30          63  0.96175036521342738     
          30          64  0.97775336730768103     
          31          65  0.97032119702290487     
          32          66  0.87944967409311081     
          32          67  0.94534396319197878     
          32          68  0.97610206055710647     
          33          69  0.99345104346280777     
          33          70  0.99426962521343243     
          33          71  0.99354903222044910     
           1          72  0.93877546734252260     
