           1           2  0.99180810356333793     
           2           3   1.5385395900263521     
           2           4  0.10412114354777881     
           3           4   1.2607002927228685     
           4           5   1.1436968681681716     
           5           6   1.0480178017081019     
           2           7  0.76725370936969783     
           6           7  0.83007881908121683     
           7           8   1.4206790367822386     
           7           9  0.82912473496294781     
           9          10  0.99403079827242480     
           6          11  0.82123779220357696     
           9          11   1.2442440739592131     
           9          12  0.18621329721654983     
          11          12   1.7664284663545076     
           5          13   1.4576011558367252     
          13          14   1.7392909837266275     
           1          15  0.94975809823944457     
           1          16  0.97135952718571705     
           1          17  0.94964586340216672     
           3          18  0.93723840355438814     
          10          19  0.95363800394589182     
          10          20  0.96194860142088723     
          10          21  0.95504463711173093     
          14          22  0.92571339570956945     
          14          23  0.93605050969248060     
           6          24  0.93163485202214635     
           4          25  0.91308767070976149     
