   -0.08875372
   -0.00935769
    0.01258018
   -0.02320414
   -0.07652795
    0.11519869
   -0.22145549
    0.02816305
    0.12873281
   -0.24405199
    0.02866461
   -0.09809446
   -0.05867385
   -0.06876679
   -0.06775480
   -0.01950233
   -0.00886739
   -0.01397887
   -0.06949419
   -0.00408954
   -0.05202805
   -0.07011775
    0.12925783
   -0.23336154
    0.02868934
    0.12918253
   -0.23529623
    0.03066939
   -0.08141133
   -0.06536065
   -0.02251786
   -0.00852443
   -0.11755882
    0.04843804
    0.05142362
    0.08004520
    0.04729300
    0.04788782
    0.07709917
    0.04384853
    0.04544899
    0.05054218
    0.05663988
    0.05548292
    0.06215568
    0.07018809
    0.05099828
    0.05347259
    0.05976655
    0.06144907
    0.05022831
    0.05164248
    0.03914870
    0.05211859
    0.04837172
    0.05065808
    0.07690986
    0.07659269
    0.04340398
    0.04788861
    0.04209267
    0.06867128
    0.07522215
    0.07242241
    0.05434994
    0.06916416
    0.05637536
    0.05777253
    0.04695420
    0.05313126
    0.05489374
    0.17741910
