           1           2   1.3338815733782989     
           2           3   1.0248980851336391     
           3           4  0.96508909942722199     
           4           5   1.5436885239466860     
           5           6   1.2998874314982656     
           6           7   1.1046639755322560     
           7           8  0.98036307096146569     
           6           9   1.1373062007884300     
           9          10   1.0811447931784595     
          10          11  0.98094721314112487     
           9          12   1.5878611561386222     
          10          12  0.10449459338661526     
           4          13   1.0295203515650164     
          12          13   1.0351991332384332     
           3          14  0.96513459991010819     
          14          15  0.98488625163699262     
          15          16   1.0579085979645333     
          16          17   1.3379649959665996     
          17          18  0.99120655474132169     
          18          19  0.96543402187194516     
          19          20   1.0084558215276238     
          20          21   1.4214472641887945     
          21          22   1.4091556076338494     
          22          23   1.3943616285976363     
          23          24   1.0951024443816242     
          24          25  0.97940012207043958     
          23          26   1.2320793181596414     
          26          27   1.0896158783377294     
          27          28  0.98189530888088228     
          20          29   1.3730700687384632     
          26          29   1.4049462359787106     
          17          30   1.0022780320107649     
           3          31  0.93371083598890081     
           1          32  0.99820640527633864     
          31          32  0.98966417826535724     
          31          33   1.0120473747839713     
           5          34  0.95613675130343623     
           8          35  0.97302390638802549     
           8          36  0.97682473514692603     
           8          37  0.97311398798788828     
          11          38  0.97523496593026548     
          11          39  0.97760525475402460     
          11          40  0.97529312049937000     
          12          41  0.96447190183756204     
          13          42  0.93026460691509827     
          14          43  0.96868494943628947     
          14          44  0.97329066072812620     
          15          45  0.96105741735570149     
          15          46  0.93259312010007545     
           2          47  0.96323989852687364     
          16          48  0.96100511164137870     
          18          49  0.96648269653396279     
          18          50  0.96867974629201936     
          19          51  0.97297414469609911     
          19          52  0.97194190293988991     
          21          53  0.96872143876354344     
          22          54  0.96403488012013550     
          25          55  0.97430101190482832     
          25          56  0.97423407087231129     
          25          57  0.97763964489331401     
          28          58  0.97754787637663454     
          28          59  0.97471452046771545     
          28          60  0.97450372726843770     
          29          61  0.96321194473044724     
          30          62  0.96595295949929183     
          30          63  0.96745307863106944     
          30          64  0.97780344567461097     
          31          65  0.96881971132546174     
          32          66  0.96537404003518312     
          13          67  0.92534003920580288     
          32          68  0.95526786539289121     
          33          69  0.98530986477620830     
          33          70  0.98157491894489468     
          33          71  0.98037480888735229     
           1          72  0.94100554879814857     
