           1           2   1.3795763915522334     
           1           3  0.11731601065963145     
           2           3   1.2336916321629181     
           3           4   1.1985159184802794     
           4           5   1.2257814071733741     
           2           6  0.97744023026498783     
           5           6   1.0168963237705180     
           6           7  0.86886480187624082     
           7           8   1.7329565916244181     
           7           9   1.1658488493167198     
           8           9  0.14312163233787861     
           9          10  0.96203756348342417     
           9          11   1.0730292216889126     
           9          12  0.10718525446152877     
          11          12   1.6825912892671975     
           5          13   1.2076544983968971     
          11          13   1.0462501991022337     
          12          13  0.10687623822598294     
          13          14  0.97145390952286848     
           1          15  0.96300225995723543     
           6          16  0.91227129708120591     
           1          17  0.96284640083277739     
           3          18  0.95482482092494614     
          10          19  0.96708566325042156     
          10          20  0.95778433823497711     
          10          21  0.95930351640120426     
          14          22  0.96342699882628524     
          14          23  0.97111430755153283     
          14          24  0.96038300450190772     
           4          25  0.91959919877749863     
