           1           2   2.0386864848301864     
           3           4   1.0534335683069243     
           4           5   1.1847960256451233     
           3           6   1.5207459561334220     
           4           6  0.11704881770501163     
           5           6   1.0252458321646427     
           6           7   1.1038699179712561     
           7           8   1.7160385125824686     
           7           9   1.0365560016565203     
           8           9  0.12407935845735479     
           9          10  0.96101168265589043     
           9          11   1.2057317391815050     
           9          12  0.15919005148504992     
          11          12   1.7475080490915547     
           5          13   1.4726450721754238     
          11          13  0.89749137463909057     
          13          14  0.97548922880037170     
           1          15  0.93443121404471741     
           2          16  0.91716236254989003     
           1          17  0.90632597501599399     
           3          18  0.95329063695659111     
          10          19  0.96855671506738250     
          10          20  0.96987207822687049     
          10          21  0.96981286519382359     
          14          22  0.95975477631327344     
          14          23  0.95450984653775806     
          14          24  0.96065951571145236     
           4          25  0.92710443756803673     
