   -0.32462159
    0.03284002
    0.01359681
    0.01348739
   -0.07486092
    0.13218185
   -0.22255790
    0.02666925
    0.13361638
   -0.21807603
    0.02396325
   -0.06700218
   -0.04602128
   -0.06601669
   -0.06670136
    0.00825161
   -0.03514802
   -0.00924198
   -0.07175936
    0.00789984
   -0.04397674
   -0.06511509
    0.13576062
   -0.21429427
    0.02303251
    0.13566507
   -0.21778833
    0.02524454
   -0.07722357
   -0.06014267
   -0.00918543
   -0.11789875
   -0.11134186
    0.05251820
    0.05540944
    0.08273147
    0.05115412
    0.05984248
    0.08335206
    0.05516388
    0.06031186
    0.08999550
    0.05688066
    0.04849548
    0.04327889
    0.03432611
    0.06494020
    0.05230013
    0.05830713
    0.06092580
    0.05575569
    0.05716643
    0.05294897
    0.06178351
    0.05794272
    0.05948904
    0.08496042
    0.08425813
    0.05244651
    0.05603128
    0.05126865
    0.06416911
    0.06598917
    0.06832257
    0.04584887
    0.09271161
    0.04365293
    0.05765108
    0.04717225
    0.03963649
    0.05166925
    0.14595680
