           1           2   1.1387225544001744     
           2           3  0.91499906400573194     
           3           4  0.99053358983174422     
           4           5   1.3753163733922176     
           5           6   1.3916313482798277     
           6           7   1.1046224167512144     
           7           8  0.97782130274742296     
           6           9   1.2084477080235265     
           9          10   1.1129108493524531     
          10          11  0.97556673238505043     
           9          12   1.3743501433897996     
           4          13   1.3884850226105605     
          12          13   1.4219239849543441     
           3          14  0.94050926172717164     
          14          15   1.0406267274851213     
          15          16   1.6536675873448898     
          16          17   1.2219697913186951     
          17          18   1.0059781241015100     
          18          19  0.96074847297223942     
          19          20   1.0143185869664524     
          20          21   1.3951327575713159     
          21          22   1.4221177119871957     
          22          23   1.3748427216935197     
          23          24   1.1184745878321183     
          24          25  0.97447471014671005     
          23          26   1.2072631501662667     
          26          27   1.1118659063059440     
          27          28  0.97680826319957159     
          20          29   1.3798999568145869     
          26          29   1.3907895142134732     
          17          30   1.0068118675436120     
           3          31  0.94685214012697971     
          31          32   1.0110664891338739     
          31          33   1.0075796902411991     
           5          34  0.95633825217587254     
           8          35  0.97197623377999420     
           8          36  0.97626536132539710     
           8          37  0.97178123251245763     
          11          38  0.97098092145019366     
          11          39  0.97646401664969684     
          11          40  0.97146230463852334     
          12          41  0.96161957694021227     
          13          42  0.94755749809100109     
          14          43  0.95479994787446887     
          14          44  0.96640247769887921     
          15          45  0.96198272126380902     
           2          46  0.94518981315646688     
           2          47  0.89783943571685443     
          16          48  0.95436281386096433     
          18          49  0.96356404107438187     
          18          50  0.96843752138548467     
          19          51  0.97318506792428972     
          19          52  0.96752791553014106     
          21          53  0.96691910751164412     
          22          54  0.96227791460138024     
          25          55  0.97111137454894403     
          25          56  0.97091504948349228     
          25          57  0.97620900351203177     
          28          58  0.97626386749451410     
          28          59  0.97217355671698846     
          28          60  0.97175087891286704     
          29          61  0.96159435895110168     
          30          62  0.96747235086088368     
          30          63  0.96952388465042494     
          30          64  0.97947471081328030     
          31          65  0.94682671041664845     
          32          66  0.89828367987045354     
          32          67  0.97913703612871528     
          32          68  0.97662514149449853     
          33          69  0.98115423489243969     
          33          70  0.98109914603877824     
          33          71  0.98047869921758934     
           1          72  0.94892280038159937     
