           1           2   1.9593416575136751     
           2           3  0.99314805531636852     
           3           4  0.97306947724052584     
           4           5   1.3768119538501722     
           5           6   1.3929660573611242     
           6           7   1.1095177251770862     
           7           8  0.97294979409825466     
           6           9   1.2236374857380714     
           9          10   1.0514762393816268     
          10          11   1.2931802079914483     
           9          12   1.3553971054226477     
           4          13   1.3873138283836663     
          12          13   1.4406890594468917     
           3          14  0.95622046914471437     
          14          15  0.98365976426706525     
          15          16   1.0580294453724350     
          16          17   1.4043202699295516     
          17          18  0.98779635982002179     
          18          19  0.96582424645105835     
          19          20   1.0078448778831941     
          20          21   1.4073920066242134     
          21          22   1.4174795767566417     
          22          23   1.3820270982370138     
          23          24   1.1125819965883641     
          24          25  0.97546132795034590     
          23          26   1.2169104828564770     
          26          27   1.1069687427617789     
          27          28  0.97757604665043019     
          20          29   1.3806903310506802     
          26          29   1.3934133235822763     
          17          30  0.99819415844623283     
           3          31  0.94108855956095672     
          31          32   1.0083321308438247     
          31          33   1.0091193987717897     
           5          34  0.95708273241520558     
           8          35  0.97441637860672636     
           8          36  0.97654480968419077     
           8          37  0.97447525526619727     
          11          39  0.96385040602483985     
          11          40  0.94971526618389168     
          12          41  0.91140765293455761     
          13          42  0.96056816204677498     
          14          43  0.96890243582743185     
          14          44  0.97186074260027988     
          15          45  0.96144262302813988     
          15          46  0.92709624731947171     
           2          47  0.89814679289367705     
          16          48  0.95705884490171800     
          18          49  0.96362330182909850     
          18          50  0.96768796971446813     
          19          51  0.97210831048092539     
          19          52  0.97139758101374940     
          21          53  0.96799261678063409     
          22          54  0.96294172230046571     
          25          55  0.97229727848917347     
          25          56  0.97225584738061066     
          25          57  0.97658966751043785     
          28          58  0.97653909438362541     
          28          59  0.97300116350690979     
          28          60  0.97286109133322762     
          29          61  0.96231682883673075     
          30          62  0.96630981712735720     
          30          63  0.96205603099529835     
          30          64  0.97686823536912648     
          31          65  0.96005142753880035     
          32          66  0.97364739509552467     
          32          67  0.98180533535473413     
          32          68  0.98138629310213654     
          33          69  0.97637521297721008     
          33          70  0.98302985999432679     
          33          71  0.97985160205249844     
           1          72  0.94080954203132028     
