           1           2   1.3544340189377539     
           2           3   1.0367879907945572     
           3           4  0.94559854116183040     
           4           5   1.3642180567627109     
           5           6   1.4071439468176465     
           6           7   1.0924311241235920     
           7           8  0.97985089977490114     
           6           9   1.2300647426339482     
           9          10   1.0939952705482066     
          10          11  0.97926422827518433     
           9          12   1.4015737908764538     
           4          13   1.4276202756797329     
          12          13   1.3928901019541589     
           3          14  0.95986451918074112     
          14          15  0.98065056412255813     
          15          16   1.0588389942037055     
          16          17   1.3566792404457251     
          17          18  0.99195679657971991     
          18          19  0.96612663855349523     
          19          20   1.0077831626911424     
          20          21   1.4184052795986091     
          21          22   1.4113980169129072     
          22          23   1.3916088365193962     
          23          24   1.0986755719381380     
          24          25  0.97851096979409957     
          23          26   1.2296246578135408     
          26          27   1.0930353599346525     
          27          28  0.98100963931581175     
          20          29   1.3757424589772340     
          26          29   1.4019067402935657     
          17          30   1.0008285377815243     
           3          31  0.94130738594349905     
          31          32   1.0761488151010681     
          31          33  0.97410967810672844     
           5          34  0.95781173548254817     
           8          35  0.97476357949239112     
           8          36  0.97709036954405226     
           8          37  0.97458533661646285     
          11          38  0.97478976679940765     
          11          39  0.97740436188203550     
          11          40  0.97488753778165438     
          12          41  0.96446154158075137     
          13          42  0.96372490158490332     
          14          43  0.96940334945472828     
          14          44  0.97358016844127493     
          15          45  0.96263048057479228     
          15          46  0.93354760678539550     
           2          47  0.95046158763469102     
          16          48  0.95970079395013008     
          18          49  0.96510891194765813     
          18          50  0.96836945183442213     
          19          51  0.97211159276797821     
          19          52  0.97246044035824819     
          21          53  0.96870367808316193     
          22          54  0.96387550309382986     
          25          55  0.97396990398393757     
          25          56  0.97391317041514358     
          25          57  0.97742391268093143     
          28          58  0.97733915264968507     
          28          59  0.97444053659147534     
          28          60  0.97425112364024657     
          29          61  0.96296467506317884     
          30          62  0.96708633496368090     
          30          63  0.96023871647132530     
          30          64  0.97820860877223526     
          31          65  0.91675216398342796     
           1          66  0.92029269729104224     
          32          67  0.97771320050597221     
          32          68  0.98040581024934781     
          33          69  0.98412653882587198     
          33          70  0.98443925414962408     
          33          71  0.98265685237592404     
           1          72  0.94456570462779510     
