           1           2  0.98694861388261457     
           2           3   1.3676558387574125     
           3           4   1.2646755997123709     
           4           5   1.1844028965990352     
           2           6   1.1574119624898538     
           5           6   1.3617690468242010     
           6           7   1.0806242883515442     
           7           8   1.6705067907506366     
           7           9   1.0826016918543049     
           8           9  0.12945167545220934     
           9          11   1.4148326305272916     
          10          12   1.9555025740348420     
           5          13   1.1852252585132690     
          11          13   1.2637151780837717     
          13          14  0.98383340657980745     
           1          15  0.96165046077765459     
           1          16  0.96109833170660830     
           1          17  0.96347695049412496     
           3          18  0.95489081024480860     
           9          19  0.81683584930131081     
          10          20  0.93737154451768023     
          10          21  0.93124145721236185     
          14          22  0.97138760736330432     
          14          23  0.97118807844773802     
          14          24  0.97145317486639160     
           4          25  0.92163475139724671     
