           1           2  0.96888256313877552     
           1           3  0.96601228629773128     
           2           3  0.96575971595682264     
           4           5   1.6261134517436817     
           2           6   1.3787573797260551     
           5           6   1.0910461890408167     
           6           7   1.0476551198317878     
           7           8   1.6411415295753113     
           7           9   1.1126138458461368     
           8           9  0.11881703538997608     
           9          10  0.97970224293994679     
           9          11   1.0973574449527637     
           9          12  0.10216578248711633     
          11          12   1.6576437010698246     
           5          13   1.1048190996799012     
          11          13   1.0973840200230593     
          12          13  0.10762197453050459     
          13          14  0.98220135247765294     
           3          15  0.94097752034352322     
           1          16  0.93821839465772672     
           1          17  0.93954086139235637     
           3          18  0.93939237092460737     
          10          19  0.95133474586981182     
          10          20  0.94074900631262670     
          10          21  0.93740447304454455     
          14          22  0.95138650619153819     
          14          23  0.95188219545944674     
          14          24  0.95166847370547158     
           4          25  0.91850461332073885     
