   -0.26767825
    0.10055199
    0.00642963
    0.00175537
   -0.07994758
    0.12925372
   -0.23034783
    0.02766930
    0.12860255
   -0.22848226
    0.02688194
   -0.07452722
   -0.05333364
   -0.06532664
   -0.06920689
    0.00802894
    0.00993434
   -0.01610715
   -0.07062236
   -0.00038198
   -0.04897204
   -0.06748206
    0.13346177
   -0.22174689
    0.02490815
    0.13306316
   -0.22451202
    0.02714066
   -0.07948985
   -0.06974582
   -0.00795356
   -0.11981359
   -0.11800997
    0.05155818
    0.05373718
    0.08121786
    0.04708785
    0.05527372
    0.08114734
    0.04790891
    0.05201783
    0.03921114
    0.06040071
    0.05442150
    0.06598864
    0.07973753
    0.00749330
    0.06970024
    0.06687265
    0.06716535
    0.05599169
    0.05562288
    0.04501315
    0.05855750
    0.05435464
    0.05591866
    0.08246328
    0.08195807
    0.04859935
    0.05255291
    0.04708955
    0.07696664
    0.07854386
    0.08017020
    0.03907326
    0.07148449
    0.03612555
    0.05034398
    0.05565207
    0.05695001
    0.03478859
    0.15684586
