           1           2  0.97870768679132025     
           2           3   1.1274162593464701     
           2           4  0.10663667367014158     
           3           4   1.8428705024025591     
           2           6   1.1161935846702131     
           5           6   1.4469072414756519     
           6           7   1.1809269691160669     
           1           8  0.94577187031989784     
           7           8   1.1915144627823298     
           7           9   1.3446045311324479     
           9          10  0.96714423860839982     
           9          11  0.99849776642308607     
           9          12  0.11989936297993176     
          11          12   1.7196418864554412     
           5          13   1.2277478530847641     
          11          13   1.1276072386294964     
          12          13  0.15165760691778229     
          13          14  0.97076597084587846     
           1          15  0.94403072358829765     
           4          16  0.93465244314642226     
           1          17  0.94501513928781389     
           3          18  0.93001000548207280     
          10          19  0.97365179163056970     
          10          20  0.95589904440867146     
          10          21  0.95823212635133115     
          14          22  0.96571555947486032     
          14          23  0.96580685580209669     
          14          24  0.96658041549194451     
           5          25  0.95294870670861986     
