           1           2  0.98760314553566531     
           2           3   1.3470861631764244     
           3           4   1.2705202572120564     
           4           5   1.1731091802887466     
           2           6   1.1593534901483311     
           5           6   1.3262891415397688     
           6           7   1.0868107630662869     
           7           8   1.6437665765056191     
           7           9   1.0727310308149614     
           8           9  0.12177034414493035     
           9          10  0.97054836805424494     
           9          11   1.1535451507161554     
           9          12  0.13677853213892580     
          11          12   1.7059254901750820     
           5          13   1.1535537226721426     
          11          13  0.95185723208179662     
          13          14   1.2876233764021743     
           1          15  0.95303408334923145     
           1          16  0.95798490067078146     
           1          17  0.95629902527789368     
           3          18  0.95238003940033544     
          10          19  0.95730185740468476     
          10          20  0.95100635806333844     
          10          21  0.95294752338650612     
          14          22  0.96686092890056452     
          14          24  0.95554770497186037     
           4          25  0.91778900340080882     
