           1           2  0.98357439554916781     
           2           3   1.3817383289962646     
           3           4   1.2973951001949715     
           4           5   1.1845535845561130     
           2           6   1.2045023553307224     
           5           6   1.4215825560173962     
           6           7  0.95914477696834122     
           7           8   1.6264715244638266     
           7           9  0.39252295279364402     
           8           9  0.13756920983127241     
           9          10   1.7469049447095801     
           9          11   1.0104243214672735     
          11          12   1.7279188296238681     
           5          13   1.1410036515891058     
          11          13   1.0959292242167074     
          12          13  0.14273557848931628     
          13          14  0.97487423655817640     
           1          15  0.96792244505577818     
           1          16  0.95536052437343222     
           1          17  0.95748867771643209     
           3          18  0.95216864330855422     
          10          19  0.94248159146928923     
           7          20  0.88845531568391634     
          10          21  0.94402469821549639     
          14          22  0.96912205883190095     
          14          23  0.97374727974191022     
          14          24  0.96541212212349126     
           4          25  0.91722671887471308     
