           1           2  0.98777361364375804     
           2           3   1.3304249295759702     
           3           4   1.2575104941281643     
           4           5   1.1781339596941969     
           2           6   1.1536657998519295     
           5           6   1.3356077379104234     
           6           7   1.1061392366847072     
           7           8   1.6383326055260541     
           7           9   1.0371610929082105     
           8           9  0.13476455992864572     
           9          10  0.96994565435354907     
           9          11   1.2436084160839613     
          11          12   1.1444704926065903     
           5          13   1.1109617026359713     
          11          13   1.1555902839530086     
          11          14  0.11203030893012736     
          13          14   1.1861264713438566     
           1          15  0.96025372257905117     
           1          16  0.96301904131812810     
           1          17  0.96150929929471918     
           3          18  0.95553411122284337     
          10          19  0.96468790907256796     
          10          20  0.96562990812041116     
          10          21  0.96478835937860308     
          14          22  0.97436954056699354     
          14          23  0.96164337976048753     
          12          24  0.82709996636392891     
           4          25  0.91967159840230417     
