           1           2  0.93606523047692602     
           2           3   1.0609498511427753     
           3           4   1.8808167732422749     
           2           6   1.3647244383217565     
           5           6   1.5587318818329403     
           5           7  0.87738820798548034     
           7           8   1.7098930952248115     
           7           9   1.1803573818271060     
           8           9  0.13435883390628905     
           9          10  0.97430770867851058     
           9          11   1.0573103392470806     
           9          12  0.10583800278480671     
          11          12   1.7197336030310897     
           5          13   1.1451521094872665     
          11          13   1.0787159347507040     
          12          13  0.10560831832553130     
          13          14  0.99327954160448384     
           1          15  0.95307924070735495     
           1          16  0.95130722481811025     
           1          17  0.94969750946225884     
           3          18  0.92416673292444063     
          10          19  0.96876067812971489     
          10          20  0.95091930873947139     
          10          21  0.95190631575472717     
          14          22  0.95421585498511097     
          14          23  0.95442130178580609     
          14          24  0.96482311743122129     
           4          25  0.92169281358443389     
