           1           2  0.98287736279090243     
           2           3   1.4158461497363153     
           3           4   1.3163188483988022     
           4           5   1.1795460053081745     
           2           6   1.1699409190099310     
           5           6   1.3340861735261345     
           6           7   1.0857947799514296     
           7           8   1.7010322354203300     
           7           9   1.0749895501082305     
           8           9  0.15163757719022916     
           9          10  0.97161765602442962     
           9          11   1.2020147715685932     
          11          12   1.2097665086085156     
           5          13   1.2693897094051367     
          11          13   1.3848742730164960     
          12          14  0.93253663459864888     
           1          15  0.95930720928196744     
           1          16  0.96166558632393584     
           1          17  0.96334747636205265     
           3          18  0.95127381931788968     
          10          19  0.96759114838153182     
          10          20  0.96692311954420718     
          10          21  0.96729582616561327     
          14          22  0.97290420103036945     
          14          23  0.97245421658616560     
          14          24  0.97481113853436840     
           4          25  0.91533930635953120     
