           1           2  0.98393123913257552     
           2           3   1.3845636997314836     
           3           4   1.2875441436965984     
           4           5   1.1651009342497811     
           2           6   1.1646771861978338     
           5           6   1.3375120238177991     
           6           7   1.0753646132493881     
           7           8   1.6737433943803843     
           7           9   1.0803522058203003     
           8           9  0.13786292775129305     
           9          10  0.96257505991883618     
           9          11   1.1704087902158937     
           9          12  0.15150891653902943     
          11          12   1.7263053870967586     
           5          13   1.1647021129378567     
          11          13  0.93271959775466506     
          13          14   1.2995814762438416     
           1          15  0.95785170196376335     
           1          16  0.95962152151487623     
           1          17  0.95943164315084284     
           3          18  0.95167346659734275     
          10          19  0.96764068699540184     
          10          20  0.96613766837070902     
          10          21  0.96595637421671077     
          14          22  0.96928610784217850     
          14          23  0.93431620691624484     
           4          25  0.91815099393111554     
