           1           2   1.0138210887029764     
           2           3   1.0055705285957262     
           3           4  0.89126560449002901     
           2           5  0.17104301914184933     
           3           5  0.89763487473372783     
           4           5   1.0404982842472681     
           2           6   1.2665621189782712     
           5           6   1.1126705248367692     
           6           7   1.2264392528494452     
           7           8   1.7515562124951600     
           7           9  0.78705050495852447     
           9          10  0.95319435559628196     
           9          11   1.5647314018331517     
           9          12  0.11222506369336646     
          11          12   1.1214588629867617     
          11          13   1.1294828150637533     
          12          13  0.84609797961154831     
          13          14   1.0016677785572774     
           1          15  0.94332629944469826     
           1          16  0.95180612417004773     
           1          17  0.96588530481027834     
           3          18  0.96239268431503577     
          10          19  0.95654651074029284     
          10          20  0.97196181123133529     
          10          21  0.96105303928874986     
          14          22  0.96847642117823218     
          14          23  0.93322526968168018     
          14          24  0.96457911920122519     
           4          25  0.93091038240733281     
