           1           2  0.98934885114194904     
           2           3   1.3871963525785838     
           3           4   1.2572541801466450     
           4           5   1.2006972695213003     
           2           6   1.1339374468429131     
           5           6   1.2805962304991909     
           6           7   1.2408164980190279     
           7           9   1.3547552419241717     
           8          10   1.0621124735894487     
           9          10  0.91146240970652326     
           9          11   1.0792204877699350     
           9          12  0.11664891081587850     
          11          12   1.7124225726602784     
           5          13   1.2336066880515597     
          11          13   1.0463838845464213     
          12          13  0.13041011819142889     
          13          14  0.97392455454624405     
           1          15  0.95746637664618661     
           1          16  0.96457766173693171     
           1          17  0.96921274525955570     
           3          18  0.95441418702401848     
           8          19  0.87588064725997117     
          10          20  0.95144861282508442     
          10          21  0.94903829009665641     
          14          22  0.96938189737058522     
          14          23  0.97068813774682949     
          14          24  0.96443703538896730     
           4          25  0.91956119340161491     
