           1           2  0.99014454690128817     
           2           3   1.3883353120506570     
           3           4   1.2573589259492679     
           4           5   1.2022853587324736     
           2           6   1.1328941163112078     
           5           6   1.2813249547946757     
           6           7   1.2417607975561080     
           7           9   1.3483115670389829     
           8          10   1.0606792014735797     
           9          10  0.92982165648366122     
           9          11   1.0784169069655467     
           9          12  0.11620747952440971     
          11          12   1.7116498119207364     
           5          13   1.2302371148211482     
          11          13   1.0497683885742166     
          12          13  0.13300373308372776     
          13          14  0.97396765581376543     
           1          15  0.95475941058659408     
           1          16  0.96780168520262144     
           1          17  0.96754741139767120     
           3          18  0.95423817655906040     
          10          19  0.92933645273526966     
           8          20  0.83937048873317555     
          10          21  0.94417745510819662     
          14          22  0.96958143097563165     
          14          23  0.97040712854529754     
          14          24  0.96466392367609444     
           4          25  0.91938786249185589     
