           1           2  0.98957565143663162     
           2           3   1.3867024580762215     
           3           4   1.2559863502700452     
           4           5   1.2029682882360098     
           2           6   1.1350147232477017     
           5           6   1.2813093871089061     
           6           7   1.2384459643555374     
           7           9   1.3575931472120328     
           8          10   1.0590027272136648     
           9          10  0.91487400979257616     
           9          11   1.0744616490496619     
           9          12  0.11629043885463269     
          11          12   1.7127328272143221     
           5          13   1.2304832204645850     
          11          13   1.0502920536371056     
          12          13  0.13094190999506453     
          13          14  0.97372949857112956     
           1          15  0.95616313077690662     
           1          16  0.96600148802891184     
           1          17  0.96888817566784424     
           3          18  0.95452284632966367     
          10          19  0.95131573881012432     
          10          20  0.95097896130315185     
           8          21  0.87794419998399620     
          14          22  0.97034695229862888     
          14          23  0.96992603186260651     
          14          24  0.96472505410359910     
           4          25  0.91948957300346823     
