           1           2  0.96309219809077684     
           2           3   1.7952313157634316     
           4           5   1.5896741710182130     
           2           6  0.96018451033432872     
           5           6   1.1802816096516919     
           6           7   1.1218506293635135     
           7           8   1.6222717841728074     
           7           9   1.0955815695754547     
           8           9  0.11384197123761577     
           9          10  0.98241435198103977     
           9          11   1.1018108258201949     
           9          12  0.10642989643539311     
          11          12   1.6707047812176357     
           5          13   1.0928461571624879     
          11          13   1.0977514384897582     
          12          13  0.11300194874550935     
          13          14  0.98301497538024629     
           1          15  0.95523680046241133     
           1          16  0.96293404972561192     
           1          17  0.93207174456662689     
           3          18  0.91907950409147632     
          10          19  0.95755568298032390     
          10          20  0.93372752536317094     
          10          21  0.94179758282777182     
          14          22  0.95084282109696228     
          14          23  0.95423685034974093     
          14          24  0.95620023963353495     
           4          25  0.91662926985589399     
