           1           2   1.9582950992063053     
           2           3  0.99430283959410137     
           3           4  0.96959766690620786     
           4           5   1.3685324107019430     
           5           6   1.4001933969303000     
           6           7   1.1013719441091403     
           7           8  0.97739955638325882     
           6           9   1.2198708709170714     
           9          10   1.1038536870296523     
          10          11  0.97693857872799095     
           9          12   1.3906915708632868     
           4          13   1.4128611871300598     
          12          13   1.4041626849216784     
           3          14  0.95680469154850689     
          14          15  0.98185533630784094     
          15          16   1.0600493240268487     
          16          17   1.4128897118510078     
          17          18  0.98682369621669208     
          18          19  0.96582696534273671     
          19          20   1.0072827271962024     
          20          21   1.4043395028388603     
          21          22   1.4503704906590758     
          22          23   1.3415116666114213     
          23          24   1.1167222798991370     
          24          25  0.97428008780498521     
          23          26   1.3108185076419170     
          27          28   1.9948688025520207     
          20          29   1.3750475877969333     
          26          29   1.4873095563434120     
          17          30  0.99764867842761440     
           3          31  0.94204272098663555     
          31          32   1.0082280062744444     
          31          33   1.0088979386682004     
           5          34  0.95767311462438853     
           8          35  0.97336260431360100     
           8          36  0.97647511792542019     
           8          37  0.97317931758951803     
          11          38  0.97312149725007535     
          11          39  0.97673574239361638     
          11          40  0.97336005913792190     
          12          41  0.96359904339246549     
          13          42  0.96237409635728022     
          14          43  0.96841298301643453     
          14          44  0.97210070715074914     
          15          45  0.96071748689116732     
          15          46  0.92602663328886825     
           2          47  0.89883163583136894     
          16          48  0.95661981457774203     
          18          49  0.96350114711984403     
          18          50  0.96795059606865896     
          19          51  0.97271239159200751     
          19          52  0.97075276144105882     
          21          53  0.96761813298146371     
          22          54  0.96405575746333783     
          25          55  0.97246748474709110     
          25          56  0.97248515151192216     
          25          57  0.97638106628482690     
          28          58  0.93592118002437796     
          28          59  0.93603942477064384     
          26          60  0.95930887491224293     
          29          61  0.96740075345534970     
          30          62  0.96634572691472731     
          30          63  0.96149359148236280     
          30          64  0.97727705635759288     
          31          65  0.95936994174822088     
          32          66  0.97354516719882567     
          32          67  0.98157672221901382     
          32          68  0.98102106665735400     
          33          69  0.97592461200008107     
          33          70  0.98265065912792215     
          33          71  0.97980588856762230     
           1          72  0.94104851380880405     
