           1           2   1.6605692739130840     
           2           3   1.2750884088228649     
           3           4   1.2277973979860997     
           4           5   1.2754159373356484     
           5           6   1.4431415429799177     
           6           7   1.0848575095213904     
           7           8  0.98242270422828815     
           6           9   1.2038927767285168     
           9          10   1.1125702141112521     
          10          11  0.97606592128994540     
           9          12   1.3500742541328448     
           4          13   1.2881878520842678     
          12          13   1.4707920339491318     
           3          14   1.0290616386137228     
          14          15  0.92392908494956383     
          15          16   1.0690028721632998     
          16          17   1.4324862673723764     
          17          18  0.98940485531147726     
          18          19  0.96676137297942322     
          19          20   1.0080494515873175     
          20          21   1.4101468189910769     
          21          22   1.4168262007393420     
          22          23   1.3852642735837783     
          23          24   1.1054569559839507     
          24          25  0.97711436658136819     
          23          26   1.2241079057483015     
          26          27   1.1004773673740005     
          27          28  0.97909200542177954     
          20          29   1.3813165089163848     
          26          29   1.3952188700655137     
          17          30  0.99615515755970130     
          31          32   1.1130565321385602     
          31          33   1.1102424946601437     
           5          34  0.95594459612872540     
           8          35  0.97416048518199028     
           8          36  0.97698158412590785     
           8          37  0.97379580320248449     
          11          38  0.97289664689152877     
          11          39  0.97723763495076943     
          11          40  0.97286661041398093     
          12          41  0.96219570174506619     
          13          42  0.93961122331581581     
          14          43  0.95786250041718302     
          14          44  0.97247839108445244     
          15          45  0.96605213364759235     
          15          46  0.95566303677737197     
           2          47  0.93322319485249183     
          16          48  0.95952226047159761     
          18          49  0.96224664467262155     
          18          50  0.96775450039301147     
          19          51  0.97025200833720093     
          19          52  0.97234499355133719     
          21          53  0.96840245536870395     
          22          54  0.96339760108546468     
          25          55  0.97322658729347500     
          25          56  0.97300159718623025     
          25          57  0.97705241718490221     
          28          58  0.97696939321158871     
          28          59  0.97358594763369855     
          28          60  0.97361859875212275     
          29          61  0.96233707419087111     
          30          62  0.96563250246321508     
          30          63  0.95491122078855883     
          30          64  0.97779320799366598     
          31          65  0.97163227770684557     
          32          66  0.97699460704337648     
          32          67  0.94548654599446391     
          32          68  0.91875107947243329     
          33          69  0.98084087303983791     
          33          70  0.94107784620176926     
          33          71  0.92533192011945675     
           1          72  0.95046496279793646     
