   -0.26715710
    0.10069399
    0.00655765
    0.00287351
   -0.07939979
    0.12984377
   -0.22953819
    0.02743480
    0.12858257
   -0.22852220
    0.02688967
   -0.07495745
   -0.05381454
   -0.06528284
   -0.06889437
    0.00782909
    0.01012356
   -0.01624716
   -0.07045679
   -0.00033170
   -0.04883114
   -0.06746179
    0.13350229
   -0.22166165
    0.02489411
    0.13309969
   -0.22450726
    0.02714215
   -0.07955496
   -0.07071290
   -0.00742676
   -0.11966664
   -0.11775576
    0.05218276
    0.05395124
    0.08135187
    0.04770105
    0.05496530
    0.08127326
    0.04788105
    0.05143422
    0.03767603
    0.06018188
    0.05372400
    0.06557193
    0.07983649
    0.00812548
    0.06962645
    0.06725212
    0.06702849
    0.05515059
    0.05568984
    0.04504874
    0.05860464
    0.05432716
    0.05598237
    0.08247274
    0.08196031
    0.04860775
    0.05249828
    0.04709255
    0.07612297
    0.08010160
    0.07953501
    0.03760949
    0.07100162
    0.03602568
    0.05113538
    0.05768023
    0.03438653
    0.05465291
    0.15726412
