           1           2   1.9570124837738909     
           2           3  0.99511138057107185     
           3           4  0.96790700711901256     
           4           5   1.3686530564886994     
           5           6   1.4013031031563326     
           6           7   1.1000867415481024     
           7           8  0.97771309640679549     
           6           9   1.2214143761817753     
           9          10   1.1015599473506474     
          10          11  0.97747728404699374     
           9          12   1.3929135524796066     
           4          13   1.4144388413698836     
          12          13   1.4014371892476993     
           3          14  0.95808065772750584     
          14          15  0.98062369720870501     
          15          16   1.0590602470206132     
          16          17   1.3986158187703113     
          17          18  0.98818685671429674     
          18          19  0.96672770575222744     
          19          20   1.0077007142169960     
          20          21   1.4091201899414876     
          21          22   1.4169788062236233     
          22          23   1.3832165541036523     
          23          24   1.1104960797555556     
          24          25  0.97581535773496741     
          23          26   1.2195093506985046     
          26          27   1.1038462542588103     
          27          28  0.97849397336766408     
          20          29   1.3801731528250354     
          26          29   1.3948840366196085     
          17          30  0.99827834584999242     
           3          31  0.94224262569928696     
          31          32   1.0083380769029102     
          31          33   1.0090742696533168     
           5          34  0.95753439965890497     
           8          35  0.97357535747547441     
           8          36  0.97660685898628929     
           8          37  0.97339802556067601     
          11          38  0.97351977906644849     
          11          39  0.97685734346291753     
          11          40  0.97359362489385548     
          12          41  0.96382002663217770     
          13          42  0.96247209891864871     
          14          43  0.96887520610073707     
          14          44  0.97205216593817922     
          15          45  0.96217335496015133     
          15          46  0.92800884873426359     
           2          47  0.89365580507740017     
          16          48  0.95703857005951876     
          18          49  0.96382319517002757     
          18          50  0.96775427994011376     
          19          51  0.97174479502795374     
          19          52  0.97180720729190517     
          21          53  0.96811311758577689     
          22          54  0.96305741261259348     
          25          55  0.97254835957878494     
          25          56  0.97253992741651130     
          25          57  0.97671907787400314     
          28          58  0.97669602547323586     
          28          59  0.97336919970840752     
          28          60  0.97318532239477917     
          29          61  0.96245908224471122     
          30          62  0.96636012929474724     
          30          63  0.95964324939727108     
          30          64  0.97756900066602059     
          31          65  0.95973397964634222     
          32          66  0.97241382283843447     
          32          67  0.98208341847198899     
          32          68  0.98113570514318671     
          33          69  0.97800113410977940     
          33          70  0.98279155260780859     
          33          71  0.98031884498376154     
           1          72  0.94140418583050323     
