           1           2   1.9584347611494921     
           2           3  0.99389812511306930     
           3           4  0.97060984728766508     
           4           5   1.3679697648629339     
           5           6   1.4003752720149059     
           6           7   1.1003949975390050     
           7           8  0.97776661048725688     
           6           9   1.2202990410655368     
           9          10   1.1035077457891191     
          10          11  0.97705449034950187     
           9          12   1.3905673167014423     
           4          13   1.4126222274595419     
          12          13   1.4045405982754291     
           3          14  0.95641958448082909     
          14          15  0.98210412262280722     
          15          16   1.0602412085401069     
          16          17   1.4136814329277776     
          17          18  0.98608003497033647     
          18          19  0.96485490854302380     
          19          20   1.0076307653544549     
          20          21   1.3978536453602155     
          21          22   1.4558711737977745     
          22          23   1.3380087961018485     
          23          24   1.1132799876563546     
          24          25  0.97499213970377019     
          23          26   1.3156142163023001     
          27          28   1.9948659844905379     
          20          29   1.3804735592573962     
          26          29   1.4808644367776895     
          17          30  0.99817103375677374     
           3          31  0.94185373343301793     
          31          32   1.0082074839364477     
          31          33   1.0088012646050346     
           5          34  0.95784491223480761     
           8          35  0.97329491484983666     
           8          36  0.97653543702249457     
           8          37  0.97329225400416575     
          11          38  0.97301398590506172     
          11          39  0.97678954944938645     
          11          40  0.97342963532030446     
          12          41  0.96351942282864833     
          13          42  0.96242364085107712     
          14          43  0.96836000717254267     
          14          44  0.97211329208317965     
          15          45  0.96025815925224745     
          15          46  0.92539776675992502     
           2          47  0.90282324192996910     
          16          48  0.95712174552048945     
          18          49  0.96542373789408220     
          18          50  0.96675146129828071     
          19          51  0.97021551777537574     
          19          52  0.97309843484235603     
          21          53  0.96786862808159257     
          22          54  0.96392863987256605     
          25          55  0.97256409335910354     
          25          56  0.97233823499608873     
          25          57  0.97701390122790643     
          28          58  0.93746427065842997     
          28          59  0.93709803856319507     
          26          60  0.96518094526122800     
          29          61  0.96700111369104658     
          30          62  0.96541291185584943     
          30          63  0.96258907175806496     
          30          64  0.97689433338473208     
          31          65  0.95951986850409066     
          32          66  0.97392744155486877     
          32          67  0.98152234685894224     
          32          68  0.98104031251525614     
          33          69  0.97559707742165425     
          33          70  0.98259549016140313     
          33          71  0.97979534713193950     
           1          72  0.94102433267435281     
