           1           2  0.99002082437609829     
           2           3   1.3777037569460169     
           3           4   1.2643180194834620     
           4           5   1.1941292069235649     
           2           6   1.1652527291226016     
           5           6   1.3565026576029380     
           6           7   1.0955493627570956     
           7           8  0.94410692581424049     
           7           9   1.7390485382515384     
           8           9  0.10703553577214327     
           9          10   1.0412780155399883     
           8          11   1.0844963367016103     
           8          12  0.13378521479742875     
          11          12   1.7569562203538733     
           5          13   1.1941799891496592     
          11          13   1.0205074035255626     
          12          13  0.12599224557285585     
          13          14  0.97505106404248587     
           1          15  0.95686080920253591     
           1          16  0.97291271649604927     
           1          17  0.95238037578832313     
           3          18  0.95286700795266566     
          10          19  0.95274828829196867     
          10          20  0.96154688641939745     
          10          21  0.93710081298574799     
          14          22  0.97191367728416023     
          14          23  0.97134251461793064     
          14          24  0.96558874842141551     
           4          25  0.91870560493852360     
