           1           2   1.4268154103775230     
           1           3  0.16635453113211157     
           2           3   1.2356805840589926     
           3           4   1.1873507397826959     
           3           5  0.10024303879577751     
           4           5   1.2816193834249119     
           2           6  0.97749147807639591     
           5           6   1.0164362583538114     
           6           7  0.86657456013216105     
           7           8   1.7655738166060686     
           7           9   1.1844093273255751     
           8           9  0.15806133218660923     
           9          10  0.95508882531421291     
           9          11   1.0714592396533655     
           9          12  0.11342901374786019     
          11          12   1.7195545719189989     
           5          13   1.2188654188845265     
          11          13   1.0388379828517442     
          12          13  0.11284147965642971     
          13          14  0.96856386440113051     
           1          15  0.96414876931036542     
           1          16  0.96387053050139382     
           6          17  0.91288985172703430     
           3          18  0.95594769931591206     
          10          19  0.97331462596421892     
          10          20  0.96673721222915088     
          10          21  0.96892847679358263     
          14          22  0.96774787715801436     
          14          23  0.97419071290005965     
          14          24  0.96368866889485272     
           4          25  0.91799002508548122     
