   -0.26963883
    0.09962333
    0.00612652
    0.00944388
   -0.07946730
    0.13624026
   -0.23117854
    0.02511494
    0.10115790
   -0.10054197
    0.03592075
   -0.06243405
   -0.05175067
   -0.06558779
   -0.06865711
    0.00432361
    0.01028583
   -0.01661326
   -0.07055005
   -0.00028233
   -0.04890246
   -0.06747852
    0.13359532
   -0.22122358
    0.02481337
    0.13333031
   -0.22385763
    0.02683830
   -0.07948298
   -0.06960336
   -0.00733711
   -0.11934702
   -0.11890206
    0.05775765
    0.05628206
    0.08396429
    0.05045873
    0.07432088
    0.10654075
   -0.14817452
    0.05846348
    0.04611158
    0.05959256
    0.05540123
    0.06329784
    0.07963895
    0.00512225
    0.06914827
    0.06750710
    0.06763483
    0.05525441
    0.05585769
    0.04493725
    0.05858459
    0.05439502
    0.05609005
    0.08266140
    0.08234898
    0.04914749
    0.05298974
    0.04765248
    0.07626529
    0.07607676
    0.08127356
    0.03602152
    0.07030862
    0.03286563
    0.05188445
    0.06119147
    0.03488514
    0.05509706
    0.15716577
