           1           2   1.9570567245347608     
           2           3  0.99354872616846179     
           3           4  0.97371056337453510     
           4           5   1.3731049974493474     
           5           6   1.3951921952392938     
           6           7   1.1100824215862719     
           7           8  0.97297553902871736     
           6           9   1.2239541779968526     
           9          10   1.0556524704646895     
          10          11   1.2754046200381988     
           9          12   1.3547273171530327     
           4          13   1.3920188789779617     
          12          13   1.4373673874503976     
           3          14  0.95742487070020266     
          14          15  0.98223705018798524     
          15          16   1.0590301433695830     
          16          17   1.3965194604765570     
          17          18  0.98829112618512238     
          18          19  0.96652137963599349     
          19          20   1.0075148077163965     
          20          21   1.4087201584892139     
          21          22   1.4170042220600898     
          22          23   1.3831021629073248     
          23          24   1.1110266548855008     
          24          25  0.97573625938080488     
          23          26   1.2186716112867235     
          26          27   1.1050412080867762     
          27          28  0.97809499505635367     
          20          29   1.3804534960939858     
          26          29   1.3943101944354117     
          17          30  0.99877672068470191     
           3          31  0.94059965651148936     
          31          32   1.0085811775745464     
          31          33   1.0092718348082395     
           5          34  0.95727301658095221     
           8          35  0.97453286938700523     
           8          36  0.97651313580211430     
           8          37  0.97455551871912460     
          11          38  0.96493910159118590     
          11          39  0.96239113628467243     
          12          41  0.96141932625494508     
          13          42  0.96181239714026734     
          14          43  0.96889623081799225     
          14          44  0.97188726219904598     
          15          45  0.96179321697783959     
          15          46  0.92795680565810112     
           2          47  0.90341610932612859     
          16          48  0.95733987197536541     
          18          49  0.96354074378810628     
          18          50  0.96774834175226554     
          19          51  0.97176009726451595     
          19          52  0.97188368035558026     
          21          53  0.96811770571266587     
          22          54  0.96307584698891857     
          25          55  0.97250592851795870     
          25          56  0.97251021338724675     
          25          57  0.97668719862690367     
          28          58  0.97663099101553352     
          28          59  0.97327611650552659     
          28          60  0.97307715139464956     
          29          61  0.96242645844702768     
          30          62  0.96646391568196333     
          30          63  0.96294844815900693     
          30          64  0.97728991802072751     
          31          65  0.96062291467139171     
          32          66  0.97445073762665535     
          32          67  0.98232689463904976     
          32          68  0.98163121771682360     
          33          69  0.97699854486803051     
          33          70  0.98309376590114228     
          33          71  0.98013278295390494     
           1          72  0.94210024419692262     
