   -0.28742549
    0.09738972
    0.00362669
    0.01113831
   -0.07861714
    0.12919733
   -0.22949877
    0.02788190
    0.12941629
   -0.22705175
    0.02651629
   -0.07287466
   -0.05220787
   -0.06845578
   -0.06663435
   -0.02650442
    0.03918382
   -0.02032710
   -0.06889924
    0.00024173
   -0.04887171
   -0.06749759
    0.13393022
   -0.22012365
    0.02450460
    0.13396344
   -0.22263272
    0.02627333
   -0.07905846
   -0.05901308
   -0.00727704
   -0.11647263
   -0.11190584
    0.05073263
    0.05364693
    0.08089636
    0.04775467
    0.05674186
    0.08102409
    0.04904168
    0.05347569
    0.06779880
    0.05499788
    0.04620225
    0.05119071
    0.05039824
    0.01298627
    0.06848684
    0.07363928
    0.07134678
    0.05634649
    0.05604718
    0.04429714
    0.05885674
    0.05489984
    0.05637901
    0.08310112
    0.08278634
    0.05035741
    0.05356233
    0.04962127
    0.08290547
    0.08263708
    0.07878839
    0.04230991
    0.05950841
    0.04264499
    0.05266782
    0.04245552
    0.03820077
    0.05281878
    0.15653268
