           1           2   1.9280769246942273     
           2           3   1.0023055345679708     
           3           4  0.97895862642832343     
           4           5   1.3666237053847254     
           5           6   1.4015511575875883     
           6           7   1.0979613106068882     
           7           8  0.97864096809827639     
           6           9   1.2176640671718379     
           9          10   1.1028323817760124     
          10          11  0.97732108852938837     
           9          12   1.3882747918219018     
           4          13   1.4131736442340899     
          12          13   1.4060848706228162     
           3          14  0.97029706829828988     
          14          15   1.0054835145584284     
          15          16  0.98429653502786763     
          16          17  0.98370230500523592     
          17          18  0.99178438066904095     
          18          19  0.96358988473898055     
          19          20   1.0081996451877668     
          20          21   1.4074072330914389     
          21          22   1.4174551573060461     
          22          23   1.3821263291752826     
          23          24   1.1122099879226437     
          24          25  0.97558595098522582     
          23          26   1.2173106818896078     
          26          27   1.1067874690305344     
          27          28  0.97761448580355792     
          20          29   1.3809374071259040     
          26          29   1.3934162640809939     
          17          30   1.4608701082333060     
           3          31  0.91447764311800062     
          31          32   1.0121048461571600     
          31          33   1.0085795358552199     
           5          34  0.95712727196703418     
           8          35  0.97317091364471220     
           8          36  0.97657512857766515     
           8          37  0.97287788846749956     
          11          38  0.97274346116141996     
          11          39  0.97687615851951504     
          11          40  0.97304125141224629     
          12          41  0.96326822941234291     
          13          42  0.95102765499803699     
          14          43  0.96921660016612377     
          14          44  0.97005444159240251     
          15          45  0.96955177512061308     
          15          46  0.97162453393697534     
           2          47  0.93392669137318107     
          16          48  0.96967033914140721     
          18          49  0.96757669011950087     
          18          50  0.96075325368507991     
          19          51  0.96821294567511351     
          19          52  0.97203004661702108     
          21          53  0.96798859152797645     
          22          54  0.96293753519874736     
          25          55  0.97235639014998332     
          25          56  0.97225927639542853     
          25          57  0.97662615027873412     
          28          58  0.97658052544712748     
          28          59  0.97301604379381934     
          28          60  0.97289924323591981     
          29          61  0.96228446752038832     
          30          62  0.97021339187299971     
          30          63  0.96782867824592467     
          16          64  0.94860479661077801     
          31          65  0.95699518127370142     
          32          66  0.97500188996946846     
          32          67  0.98192481681570876     
          32          68  0.98015158447678763     
          33          69  0.98273792690007378     
          33          70  0.98281887118282629     
          33          71  0.98162848834339489     
           1          72  0.94241012127434987     
