           1           2   1.8244228575010659     
           2           3  0.99126077303680737     
           3           4  0.95488954798370018     
           4           5   1.3692763110209363     
           5           6   1.4040995670282739     
           6           7   1.0949384026785454     
           7           8  0.97896115972788256     
           6           9   1.2296041894978234     
           9          10   1.0942512915294280     
          10          11  0.97958673081310643     
           9          12   1.4009484949273903     
           4          13   1.4216311261622503     
          12          13   1.3922345495509494     
           3          14  0.97042335463483331     
          14          15  0.99769047389774912     
           2          16  0.94160134925147521     
          15          16   1.0006662896851197     
          16          17  0.89540034758601605     
          17          18  0.92989402055823400     
          18          19  0.99654204158961135     
          19          20  0.99358627185519433     
          20          21   1.4294846804124230     
          21          22   1.4050554136515474     
          22          23   1.3954361268260773     
          23          24   1.1030220009035883     
          24          25  0.97698600308375561     
          23          26   1.2303126683840580     
          26          27   1.0950227372598420     
          27          28  0.98047316784474181     
          20          29   1.3719634850600972     
          26          29   1.4042993607828005     
          17          30  0.96315703047467682     
           3          31  0.94421035713778301     
          31          32   1.0091590198435678     
          31          33   1.0095847507685520     
           5          34  0.95691343255185890     
           8          35  0.97463547535165795     
           8          36  0.97706346007063050     
           8          37  0.97439761850376572     
          11          38  0.97442460923985263     
          11          39  0.97737395668798810     
          11          40  0.97504190957880144     
          12          41  0.96465589131066087     
          13          42  0.96245676945516723     
          14          43  0.96939024860447653     
          14          44  0.96998416521578501     
          15          45  0.96853889898164924     
          15          46  0.97480344906590344     
          17          47  0.89699390607068030     
          16          48  0.94929506768790151     
          18          49  0.96789330109902538     
          18          50  0.96858060048297323     
          19          51  0.96804433256983735     
          19          52  0.97022565400357652     
          21          53  0.96899009474829378     
          22          54  0.96385294820932987     
          25          55  0.97440438406631702     
          25          56  0.97435096860327752     
          25          57  0.97728914248298471     
          28          58  0.97711350566497213     
          28          59  0.97487529855093147     
          28          60  0.97473417287231934     
          29          61  0.96329330440400829     
          30          62  0.97285418709754556     
          30          63  0.95761756726615255     
          30          64  0.97564196693511884     
          31          65  0.96371063506929922     
          32          66  0.97921677110300887     
          32          67  0.98330342347345290     
          32          68  0.98283789692384482     
          33          69  0.98345816955981347     
          33          70  0.98039114227178903     
          33          71  0.98204027316605058     
           1          72  0.94154553865385016     
