           1           2   1.3247827901811378     
           2           3   1.2210178013221826     
           3           4   1.2950211131435521     
           4           5   1.1552748697583275     
           2           6   1.1187118677342687     
           5           6   1.4097830041230766     
           6           7  0.94569878309234812     
           7           8   1.2963541282524522     
           7           9  0.86871640081730217     
           8           9  0.12298947747269580     
           9          10   1.0010270509379084     
           9          11   1.1779364518651816     
           9          12  0.14348444690135792     
          11          12   1.6952387310850501     
           5          13   1.2040756618657582     
          11          13  0.99774494376575440     
          12          13  0.11460586073885473     
          13          14  0.98004309495370689     
           7          15  0.76258985853108119     
           1          16  0.96410847990136195     
           1          17  0.94910374813359155     
           3          18  0.95251578029501227     
          10          19  0.95898440648963179     
          10          20  0.95107806263471595     
          10          21  0.93578331245357971     
          14          22  0.97022582207709007     
          14          23  0.96573153508818299     
          14          24  0.96295572029328202     
           4          25  0.91686395466595083     
