           1           2  0.99275180902186444     
           2           3   1.4173092472191124     
           2           4  0.10710264015829611     
           3           4   1.3097852404281625     
           4           5   1.0482251142196977     
           2           6   1.0906766153354630     
           5           6   1.1407863987923064     
           6           7   1.2773755147529222     
           6           8  0.11484471504163099     
           7           8   1.7387401166055567     
           7           9  0.69919458912861499     
           9          10  0.93155615366597144     
           9          11   1.6045835143023695     
           9          12  0.24372962139967563     
          11          12   2.0784416018811118     
           5          13   1.6273008919399197     
          13          14   1.0348018554680858     
           1          15  0.95817837770832037     
           1          16  0.97463219762572206     
           1          17  0.95780623620419614     
           3          18  0.95117418649558105     
          10          19  0.96307194453617861     
          10          20  0.96625702773287769     
          10          21  0.97503289845426955     
          14          22  0.94950126078338482     
          14          23  0.96076942538866272     
          14          24  0.96907438043982119     
           4          25  0.92508508796908828     
