           1           2  0.98387579996112084     
           2           3   1.3837181326968579     
           3           4   1.2873948454588586     
           4           5   1.1649447654982636     
           2           6   1.1648209213286944     
           5           6   1.3376037590006067     
           6           7   1.0757808525133159     
           7           8   1.6724618690964630     
           7           9   1.0806763027640658     
           8           9  0.13773540503845499     
           9          10  0.96275355109706784     
           9          11   1.1706614347839708     
           9          12  0.15107529248654789     
          11          12   1.7232076101083660     
           5          13   1.1625121613759262     
          11          13  0.93415927821244182     
          13          14   1.2997684836997556     
           1          15  0.95783119007631445     
           1          16  0.95987116429202390     
           1          17  0.95941645042862667     
           3          18  0.95171734367910221     
          10          19  0.96766322456476772     
          10          20  0.96594894525543051     
          10          21  0.96622671174987595     
          14          22  0.96840525081898032     
          14          23  0.91553462762310422     
           4          25  0.91842435211534013     
