   -0.26915405
    0.10098775
    0.00633553
    0.00209149
   -0.08011762
    0.12907722
   -0.23091209
    0.02781629
    0.12789415
   -0.22974159
    0.02728189
   -0.07514501
   -0.05365431
   -0.06455585
   -0.06880055
    0.00471067
    0.00710059
   -0.01566642
   -0.07207263
    0.00619415
   -0.04913726
   -0.05552993
    0.10352750
   -0.09208886
    0.03743322
    0.13998500
   -0.22751225
    0.02461853
   -0.07935782
   -0.07013409
   -0.00730050
   -0.11854702
   -0.11853734
    0.05175722
    0.05358941
    0.08085919
    0.04690446
    0.05472564
    0.08076376
    0.04703429
    0.05107838
    0.03785251
    0.06007997
    0.05296889
    0.06579135
    0.07842121
    0.00549388
    0.06731832
    0.06667913
    0.06706794
    0.05838723
    0.05833398
    0.05152402
    0.06275872
    0.11893887
    0.07152662
   -0.13170451
    0.08508076
    0.05153099
    0.05468982
    0.05328685
    0.07585152
    0.07968694
    0.07832074
    0.03682488
    0.06860227
    0.03522028
    0.05091261
    0.06063176
    0.03411232
    0.05412252
    0.15588647
