           1           2   1.9556553938172632     
           2           3  0.99494519770523893     
           3           4  0.96937759745021135     
           4           5   1.3676058671178792     
           5           6   1.4021452207335654     
           6           7   1.0982400795776543     
           7           8  0.97808432736868789     
           6           9   1.2229552386605211     
           9          10   1.0999531232564816     
          10          11  0.97787734968896700     
           9          12   1.3934480881241376     
           4          13   1.4156244967453544     
          12          13   1.4016294712934478     
           3          14  0.95711319942299611     
          14          15  0.98032340770657178     
          15          16   1.0601463036099255     
          16          17   1.3861713766579831     
          17          18  0.99131282749168392     
          18          19  0.96625374953942234     
          19          20   1.0109239316794574     
          20          21   1.3930948832687067     
          21          22   1.4444384827359094     
          22          23   1.3559597652009512     
          23          24   1.0513767906631266     
          24          25   1.2907954894515781     
          23          26   1.2275610113813815     
          26          27   1.1143103668457763     
          27          28  0.97287469588947895     
          20          29   1.3854848976980347     
          26          29   1.3884202957770277     
          17          30  0.99832327215995942     
           3          31  0.94261935468104119     
          31          32   1.0083325811717969     
          31          33   1.0090306885315539     
           5          34  0.95783824415118068     
           8          35  0.97371789831802535     
           8          36  0.97669648074560866     
           8          37  0.97353002779058717     
          11          38  0.97355419856002556     
          11          39  0.97695681380158372     
          11          40  0.97379063422546452     
          12          41  0.96385444886643445     
          13          42  0.96258632876277017     
          14          43  0.96857332139893093     
          14          44  0.97240563824259207     
          15          45  0.96145062727689257     
          15          46  0.92838304631312751     
           2          47  0.89897377326495842     
          16          48  0.95754925831050819     
          18          49  0.96377821826073051     
          18          50  0.96782188870892827     
          19          51  0.97103623177494791     
          19          52  0.97142770183127269     
          21          53  0.96730300376529421     
          22          54  0.96152084369724733     
          25          55  0.92085811809459228     
          25          56  0.96371384048423647     
          28          58  0.97659671695674588     
          28          59  0.97490130750678139     
          28          60  0.97462178839350344     
          29          61  0.96223042246603918     
          30          62  0.96691985207565145     
          30          63  0.96092446453571589     
          30          64  0.97793454975412808     
          31          65  0.96014680461848756     
          32          66  0.97427745747967420     
          32          67  0.98195225011391807     
          32          68  0.98148563723641358     
          33          69  0.97658893090770893     
          33          70  0.98302401121219984     
          33          71  0.98031491295469497     
           1          72  0.94210195166190891     
