   -0.27124994
    0.09954421
    0.01199682
   -0.04511819
   -0.06195210
    0.12191546
   -0.22952209
    0.02923844
    0.13346467
   -0.22245853
    0.02775777
   -0.02811975
   -0.09301123
   -0.06479431
   -0.06789905
    0.00317184
    0.00878977
   -0.01613262
   -0.07029729
   -0.00110399
   -0.04925170
   -0.06781008
    0.13290815
   -0.22349823
    0.02543462
    0.13240166
   -0.22642082
    0.02787798
   -0.07997438
   -0.06927862
   -0.00877600
   -0.11795071
   -0.12066637
    0.06213015
    0.05489231
    0.08105240
    0.04775546
    0.05518270
    0.08198822
    0.05000367
    0.03652681
    0.09300434
    0.06067963
    0.05719952
    0.06487149
    0.07966023
    0.00053086
    0.06872083
    0.06611732
    0.06755207
    0.05406137
    0.05469953
    0.04427771
    0.05776688
    0.05349878
    0.05513198
    0.08162068
    0.08105619
    0.04737018
    0.05157678
    0.04582402
    0.07576771
    0.07740705
    0.07918714
    0.03535060
    0.06617163
    0.03322294
    0.05007215
    0.06416919
    0.03465870
    0.05413836
    0.15588701
