           1           2   1.9592355234422172     
           2           3  0.99056365471694974     
           3           4  0.99147582945257950     
           4           5   1.7297146788635349     
           5           6   1.1615035002871830     
           6           7   1.0906969358609020     
           7           8  0.98048928348784814     
           6           9   1.3842818800387193     
           9          10   1.0780923886869385     
          10          11  0.97964037197180975     
           9          12   1.1445789156133286     
          12          13   2.7442280255110920     
           3          14  0.94048467954623316     
          14          15  0.98663552487105033     
          15          16   1.0602913983119320     
          16          17   1.3945119685358613     
          17          18  0.98813201682164675     
          18          19  0.96578847700090775     
          19          20   1.0078876928844953     
          20          21   1.4113489209543006     
          21          22   1.4157205602315517     
          22          23   1.3850493485637045     
          23          24   1.1082554265800333     
          24          25  0.97628546784787673     
          23          26   1.2215714613929518     
          26          27   1.1012126716421959     
          27          28  0.97917177204385208     
          20          29   1.3784935853255311     
          26          29   1.3970163352131730     
          17          30  0.99895105866192602     
           3          31  0.95174547588345926     
          31          32   1.0085863643624919     
          31          33   1.0083924860673876     
           5          34  0.95016823282738327     
           8          35  0.97045407358162639     
           8          36  0.97486731069461297     
           8          37  0.97339328689339066     
          11          38  0.97333794077748381     
          11          39  0.97642960461349004     
          11          40  0.97242217973342515     
           4          41  0.94683025423884293     
          13          42  0.96882295261462725     
          14          43  0.97037104794600693     
          14          44  0.97155677592372391     
          15          45  0.96005687114028859     
          15          46  0.92471005042459298     
           2          47  0.91194710244179422     
          16          48  0.95774671849583148     
          18          49  0.96499259681026095     
          18          50  0.96779379494234430     
          19          51  0.97202074947342787     
          19          52  0.97168533262847157     
          21          53  0.96819922581383555     
          22          54  0.96319368355416046     
          25          55  0.97284798387290605     
          25          56  0.97285178493926439     
          25          57  0.97687685224761567     
          28          58  0.97685118675420735     
          28          59  0.97368137905647956     
          28          60  0.97343553562384433     
          29          61  0.96263412688457273     
          30          62  0.96698623490439473     
          30          63  0.96278676225661008     
          30          64  0.97780216671609255     
          31          65  0.95928112329131232     
          32          66  0.97600502785510768     
          32          67  0.98244171720746820     
          32          68  0.98239456408085202     
          33          69  0.97550512451611371     
          33          70  0.98313907254001098     
          33          71  0.98078096037290974     
           1          72  0.94225006264869293     
