           1           2   1.9598999815362763     
           2           3  0.99354934212816404     
           3           4  0.97105916159794403     
           4           5   1.3692124065811324     
           5           6   1.3990474750493638     
           6           7   1.1023491734364810     
           7           8  0.97702396821987547     
           6           9   1.2192045711840784     
           9          10   1.1049290280828632     
          10          11  0.97647920470279104     
           9          12   1.3895420347253744     
           4          13   1.4112517050619726     
          12          13   1.4051014770063786     
           3          14  0.95582645164475910     
          14          15  0.98168433824430879     
          15          16   1.0600506640973268     
          16          17   1.4109621725811663     
          17          18  0.98753542205551770     
          18          19  0.96854692157299505     
          19          20   1.0004320572511523     
          20          21   1.4174120864593647     
          21          22   1.3294488102383599     
          22          23   1.5553387966808483     
          24          25   1.1803164540276683     
          23          26   1.3520553011544840     
          26          27   1.1118840653476445     
          27          28  0.97528995301856558     
          20          29   1.4181106327375226     
          26          29   1.2915679548102177     
          17          30  0.99741666321548261     
           3          31  0.94128072107220906     
          31          32   1.0081546624705631     
          31          33   1.0086946334692259     
           5          34  0.95783672596516456     
           8          35  0.97329201178463620     
           8          36  0.97635390922279908     
           8          37  0.97303743479941363     
          11          38  0.97307116738413302     
          11          39  0.97662779951316270     
          11          40  0.97317141739506496     
          12          41  0.96349167722701246     
          13          42  0.96222668716183046     
          14          43  0.96796425459618796     
          14          44  0.97212267497003768     
          15          45  0.96081345889910597     
          15          46  0.92547388629096083     
           2          47  0.89764908344982142     
          16          48  0.95662344927458409     
          18          49  0.96301201477965881     
          18          50  0.96781372509755959     
          19          51  0.97205295997601904     
          19          52  0.97120683573920286     
          21          53  0.96063257226630827     
          22          54  0.89005407310513907     
          25          55  0.89827607383405006     
          25          56  0.89772277241407938     
          25          57  0.89165091195745794     
          28          58  0.97585455044220293     
          28          59  0.97365486118045941     
          28          60  0.97351469266167778     
          29          61  0.95218976045819692     
          30          62  0.96643153541333726     
          30          63  0.96150643362173938     
          30          64  0.97728934915200483     
          31          65  0.95907517219982941     
          32          66  0.97318200320241144     
          32          67  0.98137805173088355     
          32          68  0.98073378912311093     
          33          69  0.97528917041852048     
          33          70  0.98253190092809062     
          33          71  0.97932825478538799     
           1          72  0.94013406691958068     
