           1           2  0.97564887021416968     
           2           3   1.3296780529137666     
           3           4   1.1879947339035961     
           4           5   1.2779444248469964     
           2           6   1.1558475089384335     
           6           7  0.84415350683208223     
           7           8   1.5667358363718569     
           7           9   1.4166660805362237     
           8           9  0.12407526878600142     
           9          10   1.1111765201007626     
           6          11   1.2004221265024952     
          11          12   1.6287588943469600     
           5          13   1.4461204775539735     
          11          13  0.90575471095907589     
          13          14  0.97672370004964004     
           1          15  0.93616916856612442     
           1          16  0.96814334687689430     
           1          17  0.96232989606898101     
           3          18  0.94538987117313167     
          10          19  0.91014678150096473     
          10          20  0.91115512739214244     
          10          21  0.88732396036925909     
          14          22  0.94004419088448887     
          14          23  0.96547062461416511     
          14          24  0.95387559866532423     
           4          25  0.90688392830870079     
