           1           2   1.3143201366945305     
           2           3   1.2251742027165053     
           3           4   1.2818952926313190     
           4           5   1.1617411293398923     
           2           6   1.1240644752421236     
           5           6   1.4111552862285517     
           6           7  0.93734604211453676     
           7           8   1.2560147128963868     
           7           9  0.85981659451338188     
           9          10   1.0020277914377447     
           9          11   1.1938786316720187     
           9          12  0.13807968060934048     
          11          12   1.6669618522739904     
           5          13   1.1903571400270923     
          11          13   1.0074787999663268     
          12          13  0.10156478778992835     
          13          14  0.98232158504956679     
           1          15  0.96428082416516225     
           7          16  0.81844732231621631     
           1          17  0.94825598236956787     
           3          18  0.95291904145382211     
          10          19  0.94738429596571727     
          10          20  0.92796103762551330     
          10          21  0.95230545009400869     
          14          22  0.96130537380349801     
          14          23  0.96691484884753875     
          14          24  0.96133028473167625     
           4          25  0.91768015996603114     
