   -0.26253019
    0.10721064
    0.02366361
    0.01268264
   -0.07307856
    0.13433954
   -0.22102922
    0.02453617
    0.13065163
   -0.22223398
    0.02478996
   -0.07128437
   -0.04521756
   -0.08521720
   -0.12043961
    0.02064696
   -0.04801832
   -0.00525006
   -0.07082676
    0.00787966
   -0.04441069
   -0.06531788
    0.13578172
   -0.21374824
    0.02304965
    0.13583218
   -0.21701869
    0.02486566
   -0.07624640
   -0.05704751
   -0.00586767
   -0.11741986
   -0.11826567
    0.05951066
    0.05714093
    0.08441886
    0.05376453
    0.05815169
    0.08432072
    0.05004424
    0.05704268
    0.05038129
    0.06673363
    0.05234516
    0.04513869
    0.04902085
    0.01595435
    0.04583444
    0.05467854
    0.05579525
    0.05674090
    0.05412836
    0.05085622
    0.06129689
    0.05818276
    0.05928972
    0.08527336
    0.08456671
    0.05355182
    0.05669375
    0.05340539
    0.06193316
    0.06387273
    0.06216585
    0.04441324
    0.06474654
    0.03670408
    0.05625988
    0.07045295
    0.04166319
    0.05545439
    0.16261000
