           1           2   1.9581172390495476     
           2           3  0.96255189372347505     
           3           4  0.90859758281438807     
           4           5   1.3770982565790124     
           5           6   1.3905141895297106     
           6           7   1.1097938719868756     
           7           8  0.97538440417795491     
           6           9   1.2153495199384825     
           9          10   1.1081429052491698     
          10          11  0.97623306690093148     
           9          12   1.3820089107258213     
           4          13   1.4017267823022221     
          12          13   1.4071346865789374     
           3          14   1.0623897781658229     
          15          16   1.7316820248591978     
          16          17   1.2011499778793810     
          17          18   1.0061309934972082     
          18          19  0.95914669792815221     
          19          20   1.0154057341090832     
          20          21   1.3886590279313209     
          21          22   1.4272713672904076     
          22          23   1.3714487381414489     
          23          24   1.1191064535332305     
          24          25  0.97441897182866943     
          23          26   1.2086108675848135     
          26          27   1.1132670415205006     
          27          28  0.97629789256661947     
          20          29   1.3851730875138322     
          26          29   1.3860702854473419     
          17          30   1.0071790003425043     
           3          31  0.93093882042949594     
          31          32   1.0101139875080074     
          31          33   1.0058868184512644     
           5          34  0.95792382031434131     
           8          35  0.97214119901723683     
           8          36  0.97621155083858846     
           8          37  0.97219166287461756     
          11          38  0.97223177405661843     
          11          39  0.97628742341968322     
          11          40  0.97267068512666244     
          12          41  0.96200104823132815     
          13          42  0.96222668607261586     
          14          43  0.97500022166629874     
          14          44  0.97840619982162180     
          15          45  0.97353425765022006     
          15          46  0.97654148854714562     
           2          47  0.93022447141641551     
          16          48  0.95751266314842065     
          18          49  0.96818646430981525     
          18          50  0.96753450413441744     
          19          51  0.96837894529858148     
          19          52  0.97225170805015815     
          21          53  0.96736288260724090     
          22          54  0.96232183120345050     
          25          55  0.97073623811784360     
          25          56  0.97115969838384797     
          25          57  0.97610231546573512     
          28          58  0.97617686127112091     
          28          59  0.97178562788716050     
          28          60  0.97173212885000682     
          29          61  0.96129783203184394     
          30          62  0.96655005225384893     
          30          63  0.96585334697824432     
          30          64  0.98020605245430836     
          31          65  0.95811556109669938     
          32          66  0.97433298800497758     
          32          67  0.98045777235046339     
          32          68  0.97873885379119097     
          33          69  0.97038837601958439     
          33          70  0.97635605426042038     
          33          71  0.97900533311374116     
           1          72  0.93622137356988100     
