           1           2   1.7156594242789471     
           2           6   1.2887574839903235     
           5           6   1.2666384881772621     
           6           7  0.96597014277936555     
           7           8   1.6858027834937599     
           7           9   1.1051886809548419     
           8           9  0.10285159845322125     
           9          10  0.99120105278908721     
           5          11   1.0368884132842535     
           9          11   1.0951490411300548     
           9          12  0.10457840958221490     
          11          12   1.6625343068767227     
           4          13   1.4054755537557122     
           5          13   1.1985888338311410     
          13          14  0.97071783414487900     
           1          15  0.93223973439973173     
           3          16  0.94376051270381955     
           1          17  0.89156483194223823     
           3          18  0.94149391655981296     
          10          19  0.95649342358743239     
          10          20  0.94577671879889624     
          10          21  0.93567369087570951     
          14          22  0.94155452329915501     
          14          23  0.95550493725120345     
          14          24  0.94036507644406087     
           4          25  0.92508131860599097     
