           1           2  0.98974970649798877     
           2           3   1.3866844988286737     
           3           4   1.2559974613422653     
           4           5   1.2028041109478798     
           2           6   1.1348706050411350     
           5           6   1.2813627936650778     
           6           7   1.2389133015342524     
           7           9   1.3563468504107925     
           8          10   1.0546507781403758     
           9          10  0.91978961967917439     
           9          11   1.0731830763072716     
           9          12  0.11634009833064018     
          11          12   1.7134027376963918     
           5          13   1.2301979104372538     
          11          13   1.0503666185305194     
          12          13  0.13117999236700245     
          13          14  0.97375476527266425     
           1          15  0.95529584386438715     
           1          16  0.96729048206231338     
           1          17  0.96849413445959021     
           3          18  0.95449579114827265     
          10          19  0.95141692251084053     
          10          20  0.95131224018433924     
           8          21  0.87865482472048462     
          14          22  0.97028965474689444     
          14          23  0.96997364016708010     
          14          24  0.96488448360230017     
           4          25  0.91947112206511317     
