           1           2   1.9454816378963447     
           2           3  0.99298287081574921     
           3           4  0.97762149896066597     
           4           5   1.3685303050373812     
           5           6   1.4275763726458539     
           6           7  0.87715190836046497     
           7           8  0.81612941258388960     
           6           9   1.3034916769186116     
           9          10   1.0620650203471176     
          10          11  0.96780346503547376     
           9          12   1.3729365311761534     
           4          13   1.4097119907248281     
          12          13   1.4158422981197403     
           3          14  0.95655915183026052     
          14          15  0.98334211475043898     
          15          16   1.0572915464990649     
          16          17   1.3580110447615430     
          17          18  0.99036448154279255     
          18          19  0.96626504681276049     
          19          20   1.0076626761383369     
          20          21   1.4169227603467303     
          21          22   1.4124445404215717     
          22          23   1.3899037353804149     
          23          24   1.1014177627784714     
          24          25  0.97782577860438069     
          23          26   1.2274563607535938     
          26          27   1.0945286819070150     
          27          28  0.98088392080940912     
          20          29   1.3759581004929440     
          26          29   1.4012455585221497     
          17          30   1.0018583365856513     
           3          31  0.94175842215680794     
          31          32   1.0091117304224371     
          31          33   1.0088324056187010     
           5          34  0.95416567993978563     
           8          35  0.97891504254892936     
           7          36  0.83043299367388257     
           8          37  0.97650534619157936     
          11          38  0.97681031617815095     
          11          39  0.97761844930003927     
          11          40  0.97727179696940292     
          12          41  0.96355716645990330     
          13          42  0.96256773363846260     
          14          43  0.96837932455501563     
          14          44  0.97182594335959216     
          15          45  0.96286495899496993     
          15          46  0.93136917282556508     
           2          47  0.91322562346104130     
          16          48  0.95959859762661592     
          18          49  0.96487604040416930     
          18          50  0.96778255339580821     
          19          51  0.97265880972610552     
          19          52  0.97221439749266747     
          21          53  0.96841615611932941     
          22          54  0.96358848473489556     
          25          55  0.97369773046951069     
          25          56  0.97354041316043261     
          25          57  0.97730152597401132     
          28          58  0.97725301030107115     
          28          59  0.97428678213409547     
          28          60  0.97407230842057502     
          29          61  0.96301404237032584     
          30          62  0.96776225969565055     
          30          63  0.96738686908755533     
          30          64  0.97794707698797267     
          31          65  0.96383433994925038     
          32          66  0.97688996956672591     
          32          67  0.98364324747638510     
          32          68  0.98287259398992022     
          33          69  0.97760600482746207     
          33          70  0.98388374227646214     
          33          71  0.98090616911224093     
           1          72  0.94494190554362878     
