   -0.26565459
    0.10065798
    0.00659438
    0.00289998
   -0.07937474
    0.12988007
   -0.22939429
    0.02745022
    0.12869732
   -0.22836497
    0.02686672
   -0.07474644
   -0.05371682
   -0.06551164
   -0.06897841
    0.00767034
    0.00762760
   -0.01590555
   -0.07044310
   -0.00030348
   -0.04876882
   -0.06748770
    0.13351646
   -0.22178620
    0.02494460
    0.13304352
   -0.22461867
    0.02717915
   -0.07937330
   -0.07033214
   -0.00728814
   -0.11968724
   -0.11735848
    0.05206461
    0.05398199
    0.08131980
    0.04761350
    0.05508004
    0.08126144
    0.04779321
    0.05164859
    0.03780877
    0.05975115
    0.05354908
    0.06584114
    0.07936614
    0.01090183
    0.06932789
    0.06678164
    0.06662728
    0.05523047
    0.05572559
    0.04506575
    0.05850293
    0.05428100
    0.05595572
    0.08241178
    0.08190414
    0.04859512
    0.05252589
    0.04710139
    0.07575659
    0.07933876
    0.07899984
    0.03784694
    0.07083463
    0.03604683
    0.05125993
    0.05671721
    0.03440534
    0.05476023
    0.15808220
