           1           2   1.9584689307741425     
           2           3  0.99555549399463750     
           3           4  0.96697262991838895     
           4           5   1.3689335059026466     
           5           6   1.4011463599903389     
           6           7   1.1001273309710151     
           7           8  0.97780917199492878     
           6           9   1.2213521661305069     
           9          10   1.1017100021170108     
          10          11  0.97753094059624801     
           9          12   1.3928439381924900     
           4          13   1.4142679931096609     
          12          13   1.4020816008733017     
           3          14  0.95895170661726836     
          14          15  0.98283569142409521     
          15          16   1.0565236443956212     
          16          17   1.3926983407989844     
          17          18  0.98865360961065796     
          18          19  0.96679643684035932     
          19          20   1.0075089548501697     
          20          21   1.4092159279168763     
          21          22   1.4169027802480676     
          22          23   1.3833311160562742     
          23          24   1.1103206551238869     
          24          25  0.97582938908530481     
          23          26   1.2195682025856753     
          26          27   1.1036954183153129     
          27          28  0.97851338751460715     
          20          29   1.3802398002909173     
          26          29   1.3947841496279521     
          17          30  0.99818527275663738     
           3          31  0.94091422057268326     
          31          32   1.0084681722261450     
          31          33   1.0092493600835726     
           5          34  0.95764459193484119     
           8          35  0.97349639269294708     
           8          36  0.97663029283243141     
           8          37  0.97344321547178092     
          11          38  0.97340756324762312     
          11          39  0.97687651129885245     
          11          40  0.97366434827140125     
          12          41  0.96377775508600427     
          13          42  0.96249008574848871     
          14          43  0.96918203888973409     
          14          44  0.97207485363105794     
          15          45  0.96231623476203043     
          15          46  0.92781905035536272     
           2          47  0.88228090266820414     
          16          48  0.95704827895862055     
          18          49  0.96376873214072289     
          18          50  0.96791449703669685     
          19          51  0.97187577079148002     
          19          52  0.97193489065063432     
          21          53  0.96811662363917894     
          22          54  0.96308178614390194     
          25          55  0.97257716900280156     
          25          56  0.97256140055707108     
          25          57  0.97671660965181928     
          28          58  0.97668647602694270     
          28          59  0.97339092056301613     
          28          60  0.97317859605571577     
          29          61  0.96253508559996681     
          30          62  0.96653681963743399     
          30          63  0.96057137769403200     
          30          64  0.97754869061344507     
          31          65  0.95986919901506540     
          32          66  0.97285269182123191     
          32          67  0.98193259962961077     
          32          68  0.98113352049801239     
          33          69  0.97850788629218544     
          33          70  0.98279964006935372     
          33          71  0.98029900623874555     
           1          72  0.94077428513538408     
