           1           2   1.9571337153238613     
           2           3  0.99510046070211422     
           3           4  0.96819645225909468     
           4           5   1.3680555323598043     
           5           6   1.4016061721266564     
           6           7   1.0998554702718160     
           7           8  0.97774097868466359     
           6           9   1.2213776547963344     
           9          10   1.1016814798215868     
          10          11  0.97753954879520588     
           9          12   1.3927791234130573     
           4          13   1.4145260176294232     
          12          13   1.4016840444791381     
           3          14  0.95799906276286340     
          14          15  0.98117547358837454     
          15          16   1.0590730480130173     
          16          17   1.3998790709094413     
          17          18  0.98836763123205007     
          18          19  0.96667128929177581     
          19          20   1.0076778724786792     
          20          21   1.4085222796934731     
          21          22   1.4175365314455406     
          22          23   1.3828565552366328     
          23          24   1.1106804444055030     
          24          25  0.97564743706169887     
          23          26   1.2197914433991381     
          26          27   1.1038712661316565     
          27          28  0.97844649842848486     
          20          29   1.3808094056797489     
          26          29   1.3944382460871227     
          17          30  0.99816600018610846     
           3          31  0.94210227229449039     
          31          32   1.0083424795790292     
          31          33   1.0091192600475565     
           5          34  0.95755706949431452     
           8          35  0.97359540954725288     
           8          36  0.97661694699271284     
           8          37  0.97336670801068070     
          11          38  0.97338477899935194     
          11          39  0.97687930044144911     
          11          40  0.97365553054329390     
          12          41  0.96378838862355110     
          13          42  0.96253361686558703     
          14          43  0.96881062358910575     
          14          44  0.97225365290264143     
          15          45  0.96171357208561559     
          15          46  0.92766123969034975     
           2          47  0.89504963639168111     
          16          48  0.95693747395605977     
          18          49  0.96358940502013424     
          18          50  0.96763518793501124     
          19          51  0.97143896040159639     
          19          52  0.97212134964225427     
          21          53  0.96811533912136849     
          22          54  0.96304562938175364     
          25          55  0.97252713089241960     
          25          56  0.97266881536651295     
          25          57  0.97677556778272889     
          28          58  0.97669171062093807     
          28          59  0.97335833331963628     
          28          60  0.97313539950012862     
          29          61  0.96235099901693077     
          30          62  0.96632989782576506     
          30          63  0.96027078899690543     
          30          64  0.97752859969947348     
          31          65  0.95971750786904664     
          32          66  0.97346758836800440     
          32          67  0.98176816841902503     
          32          68  0.98129091293343684     
          33          69  0.97710304901126332     
          33          70  0.98294434934266262     
          33          71  0.98021522516650639     
           1          72  0.94147902071106793     
