           1           2  0.99238637270442187     
           2           3   1.4184542487808771     
           2           4  0.11254281326043154     
           3           4   1.3308613483338407     
           4           5   1.0727881153934908     
           2           6   1.0712200894062205     
           5           6   1.1099266748714272     
           6           7   1.2941574132420299     
           6           8  0.11931606929329618     
           7           8   1.7292136093465056     
           7           9  0.68695722420502214     
           9          10  0.93040678509048502     
           9          11   1.5858813012662722     
           9          12  0.23873287634001658     
          11          12   2.0664494152825563     
           5          13   1.6247276241596744     
          13          14   1.0466223103051082     
           1          15  0.95844333520098401     
           1          16  0.97351606724119844     
           1          17  0.95732510722129993     
           3          18  0.94952146447968877     
          10          19  0.96360941705540570     
          10          20  0.97070925629985294     
          10          21  0.97534723054663330     
          14          22  0.95332973727971115     
          14          23  0.96400602136813385     
          14          24  0.95020751245289081     
           4          25  0.91859874666414143     
