   -0.26763551
    0.10178327
    0.00632931
    0.00154626
   -0.08047703
    0.12918595
   -0.22972709
    0.02747131
    0.12870334
   -0.22766779
    0.02651101
   -0.07407931
   -0.05248841
   -0.06460152
   -0.06977783
    0.00943137
    0.01716052
   -0.01746556
   -0.07055542
   -0.00031758
   -0.03749280
   -0.06239295
    0.15409012
   -0.23597653
    0.02737895
   -0.04795433
   -0.27982701
    0.17993149
   -0.03499357
   -0.07103255
   -0.00725546
   -0.11805098
   -0.11957196
    0.05200302
    0.05412482
    0.08154646
    0.04713327
    0.05575836
    0.08149941
    0.04884086
    0.05311937
    0.04024961
    0.06113226
    0.05436104
    0.06761710
    0.08153793
    0.00460349
    0.07142708
    0.07149330
    0.06730249
    0.05261372
    0.05672164
    0.04127776
    0.05113752
    0.05251133
    0.05435509
    0.07839509
    0.05313759
    0.05116680
    0.08181357
    0.04895980
    0.07819855
    0.07919190
    0.08403441
    0.03724081
    0.06761996
    0.03527430
    0.05175961
    0.06352569
    0.03498100
    0.05459152
    0.15756077
