           1           2   1.9571096884504025     
           2           3  0.99391759921201772     
           3           4  0.97143073706346383     
           4           5   1.3681408511260789     
           5           6   1.4006449859640955     
           6           7   1.0993489890894816     
           7           8  0.97793756746443572     
           6           9   1.2211336542952509     
           9          10   1.1029785883860368     
          10          11  0.97705258057823430     
           9          12   1.3903567159100394     
           4          13   1.4131487579913562     
          12          13   1.4055990709326343     
           3          14  0.95554002545700611     
          14          15  0.98251430237724846     
          15          16   1.0602029943507967     
          16          17   1.4205601868586524     
          17          18  0.98637148769167160     
          18          19  0.96610369726588052     
          19          20   1.0063871768236106     
          20          21   1.4018647903855901     
          21          22   1.4498326471450353     
          22          23   1.3437010294194580     
          23          24   1.1046216778763314     
          24          25  0.97656493546227097     
          23          26   1.3163071834881710     
          27          28   1.9837265261787074     
          20          29   1.3786993409689143     
          26          29   1.4813566610842768     
          17          30  0.99683011779689012     
           3          31  0.94249895265921479     
          31          32   1.0082056907540380     
          31          33   1.0086846425811025     
           5          34  0.95791079069555318     
           8          35  0.97342330856183124     
           8          36  0.97659741607069550     
           8          37  0.97336669278849275     
          11          38  0.97317503816761675     
          11          39  0.97685109659564562     
          11          40  0.97342921971592788     
          12          41  0.96355491725992337     
          13          42  0.96227845098332665     
          14          43  0.96806192637335475     
          14          44  0.97208656050750430     
          15          45  0.95984901310088588     
          15          46  0.92548714621460837     
           2          47  0.90531631943412560     
          16          48  0.95660374406837345     
          18          49  0.96206005799235061     
          18          50  0.96833648278534157     
          19          51  0.97329218174296239     
          19          52  0.96972691425507940     
          21          53  0.96757941250333945     
          22          54  0.96377452888321180     
          25          55  0.97282703717802310     
          25          56  0.97276442886970238     
          25          57  0.97736535700386185     
          28          58  0.93868684215060139     
          28          59  0.93865180584267893     
          26          60  0.96183717115778422     
          29          61  0.96652232948549510     
          30          62  0.96632219045137557     
          30          63  0.96316727995744900     
          30          64  0.97695218503385639     
          31          65  0.95983452721640905     
          32          66  0.97434608042666193     
          32          67  0.98176404902451475     
          32          68  0.98121102980837038     
          33          69  0.97530551699495316     
          33          70  0.98266157409183452     
          33          71  0.97985669190022229     
           1          72  0.94144303707013477     
