           1           2   1.9438244559724731     
           3           4   1.0425090127662626     
           4           5   1.3538466505995568     
           5           6   1.3996459149623790     
           6           7   1.1028442182149516     
           7           8  0.97806892925566757     
           6           9   1.2147379729131875     
           9          10   1.1148210016982281     
          10          11  0.97499724212386985     
           9          12   1.3690519865445534     
           4          13   1.3602315653179216     
          12          13   1.4382481324087055     
           3          14  0.91778679098029636     
          14          15  0.99783675192914589     
           2          16  0.97211735788307463     
          15          16  0.98389329620583055     
          16          17  0.97968761827216788     
          17          18   1.0042697435341272     
          18          19  0.96768580953594407     
          19          20   1.0153394458815874     
          20          21   1.3919706220626800     
          21          22   1.4239256992568328     
          22          23   1.3739261661293674     
          23          24   1.1155321847917929     
          24          25  0.97504918124159790     
          23          26   1.2089456736851003     
          26          27   1.1094687402757841     
          27          28  0.97734992617509731     
          20          29   1.3814472874359793     
          26          29   1.3900643626267104     
          17          30   1.0170658251167370     
           3          31   1.8575180031891021     
          31          33   1.1326636601707754     
           5          34  0.95633864764220522     
           8          35  0.97254627929113469     
           8          36  0.97638590724406926     
           8          37  0.97293569353768239     
          11          38  0.97231510001272414     
          11          39  0.97661151866943285     
          11          40  0.97226761820087626     
          12          41  0.96211381473570612     
          13          42  0.96481680679976700     
          14          43  0.95329550269665253     
          14          44  0.97451771888773397     
          15          45  0.96707846091894223     
          15          46  0.96509803376735026     
           2          47  0.93676883713551262     
          16          48  0.95240019836996059     
          18          49  0.96224916513826164     
          18          50  0.96944038450007852     
          19          51  0.97199523874859661     
          19          52  0.96405258304224517     
          21          53  0.96664098378762087     
          22          54  0.96220845851876824     
          25          55  0.97102969865646238     
          25          56  0.97130356731743717     
          25          57  0.97638076755147951     
          28          58  0.97650666805045705     
          28          59  0.97231562479156453     
          28          60  0.97188627393587845     
          29          61  0.96145561647764077     
          30          62  0.97501722004791103     
          30          63  0.96418529045059265     
          30          64  0.97470380224059394     
          32          65  0.96289660636273178     
          32          66  0.99634641656129486     
          32          67  0.99644431809944933     
          32          68  0.99557933894700001     
          33          69  0.92565800594959646     
          33          70  0.93032409043913389     
          33          71  0.92919504791974550     
           1          72  0.94146868529754713     
