           1           2   1.0921198665862653     
           2           3   1.5549798464290210     
           3           4   1.4048939181190245     
           4           6   1.5927899700424986     
           5           6   1.2456999156277393     
           5           7   1.0132041402844953     
           7           8   1.7050314449903552     
           7           9   1.1099732512347591     
           8           9  0.12579359140496349     
           9          10  0.98350099254465795     
           9          11   1.1099593340453735     
           9          12  0.11672729771300694     
          11          12   1.7212289929931552     
           5          13   1.2560569020552337     
          11          13   1.0166354132657671     
          13          14  0.99588479299831989     
           1          15  0.91929423061880056     
           1          16  0.92014767910707895     
           1          17  0.91228119746079073     
           3          18  0.85647819068882203     
          10          19  0.96691080026279530     
          10          20  0.95451764447953602     
          10          21  0.94878622952439673     
          14          22  0.95282545847108846     
          14          23  0.95171130863989339     
          14          24  0.96451091994590821     
           6          25  0.90991195693593308     
