           1           2  0.98725441968703453     
           2           3   1.3601324609759931     
           3           4   1.2944463470405192     
           4           5   1.1594211486452815     
           2           6   1.1694543542077094     
           5           6   1.2532983813524805     
           6           7   1.0904932693336007     
           7           8   1.6172276144017261     
           7           9   1.1260103400552304     
           8           9  0.12559365045960871     
           9          10  0.99012723049963614     
           9          11   1.0369915482005723     
          11          12   1.6201657735129711     
           5          13   1.3596955681591814     
          11          13   1.1899557705695496     
           1          15  0.95194518965838748     
           1          16  0.95767499743157303     
           1          17  0.95632588987102429     
           3          18  0.95207400284652988     
          10          19  0.95156940802902767     
          10          20  0.94062678423064294     
          10          21  0.94082177270982703     
          14          22  0.97271027678812727     
          14          23  0.97267571731152958     
          14          24  0.94973667569223541     
           4          25  0.91691845618711587     
