   -0.26397690
    0.10101031
    0.00695048
    0.00576231
   -0.07778184
    0.13060863
   -0.22787953
    0.02678989
    0.12931410
   -0.22611684
    0.02624182
   -0.07427903
   -0.05262437
   -0.06483936
   -0.06616457
   -0.04072526
    0.10020632
   -0.10654469
   -0.09483077
    0.02234864
   -0.03859710
   -0.06319739
    0.14005213
   -0.20418861
    0.02200213
    0.13472348
   -0.23099877
    0.02697264
   -0.07909943
   -0.07741960
   -0.00774954
   -0.11828582
   -0.11841338
    0.05426411
    0.05465880
    0.08185227
    0.04986321
    0.05615096
    0.08192196
    0.04902153
    0.05278811
    0.04018138
    0.05620169
    0.05291273
    0.05634204
    0.06571267
    0.01647691
    0.05716606
    0.06069553
    0.05865810
    0.05058193
    0.04961205
    0.05620752
    0.05899463
    0.05904243
    0.06141844
    0.08607029
    0.08140314
    0.04733685
    0.05490062
    0.05476368
    0.08205497
    0.08363084
    0.08412779
    0.03800696
    0.07005372
    0.03487044
    0.05110352
    0.06180700
    0.03625325
    0.05435555
    0.15926620
