           1           2   1.9571065248567185     
           2           3  0.99334755459519430     
           3           4  0.97072624677305686     
           4           5   1.3700060168608710     
           5           6   1.3993162127647536     
           6           7   1.1018943528851539     
           7           8  0.97689510502590282     
           6           9   1.2188161192628237     
           9          10   1.1041034139678758     
          10          11  0.97714696859580841     
           9          12   1.3888421127498816     
           4          13   1.4090831558149177     
          12          13   1.4053145723952805     
           3          14  0.95392132800253937     
          14          15  0.98573744250627138     
          15          16   1.0498339727477599     
          16          17   1.3463297052160159     
          16          18  0.21414625222805120     
          17          18   1.3664243358777335     
          19          20   1.4978088542481844     
          20          21   1.2078804023031251     
          21          22   1.5203098978662088     
          22          23   1.3177269471107114     
          23          24   1.1410143975508300     
          24          25  0.97169679422047084     
          23          26   1.1723977910348973     
          26          27   1.0974125862931721     
          27          28  0.97794355439847191     
          20          29   1.1995483643972245     
          26          29   1.4831127777175348     
          17          30  0.98425392420771052     
           3          31  0.94338179025495950     
          31          32   1.0079411646607073     
          31          33   1.0088777804001650     
           5          34  0.95687557499102249     
           8          35  0.97350746538894950     
           8          36  0.97642251500082433     
           8          37  0.97268007013951441     
          11          38  0.97282687797116152     
          11          39  0.97676664578981565     
          11          40  0.97329319633859324     
          12          41  0.96348924095588129     
          13          42  0.96201148615914245     
          14          43  0.96913812543159028     
          14          44  0.97214855755125917     
          15          45  0.96283152153145968     
          15          46  0.93824677845147286     
           2          47  0.90624701534471463     
          16          48  0.96000844411757036     
          18          49  0.97480798770965549     
          18          50  0.97430721623406458     
          19          51  0.97885803572914809     
          19          52  0.97887451811598380     
          21          53  0.96728956216923223     
          22          54  0.96155864624426857     
          25          55  0.97106421393145970     
          25          56  0.97169681782380157     
          25          57  0.97626003245628878     
          28          58  0.97685541338415072     
          28          59  0.97360924861934572     
          28          60  0.97322405645864363     
          29          61  0.96189602713571221     
          30          62  0.97007816398938762     
          30          63  0.96271721864484405     
          30          64  0.97733873082015543     
          31          65  0.95728862240451296     
          32          66  0.97174739547669153     
          32          67  0.98127111133063394     
          32          68  0.98078073418251666     
          33          69  0.97463459359831117     
          33          70  0.98229187016651753     
          33          71  0.97949237128707067     
           1          72  0.94002757321021591     
