           1           2   1.6961655179230899     
           2           3   1.4873060634650348     
           3           4   1.2284810684817240     
           4           5   1.1890411881449472     
           5           6   1.4693864556336715     
           6           7   1.0042529367856634     
           7           8   1.6774280522835203     
           7           9   1.1190324640306606     
           8           9  0.12112822662078920     
           9          10  0.98793759875895526     
           9          11   1.0933317991220870     
           9          12  0.10539401048392108     
          11          12   1.6809375966320341     
           6          13   1.1542429831598895     
          11          13   1.0641523300587541     
          12          13  0.10642927110235922     
          13          14  0.99417352457424912     
           1          15  0.92328051165905967     
           1          16  0.93673431702335308     
           5          17  0.94387145986426768     
           3          18  0.93155195236304456     
          10          19  0.95916439990476943     
          10          20  0.94287317881024091     
          10          21  0.95351182294384729     
          14          22  0.95951116288319627     
          14          23  0.95959931086057026     
          14          24  0.95903770939895516     
           4          25  0.91154233570615728     
