           1           2   1.9145975081507434     
           2           3  0.93956390871629381     
           3           4  0.97918007698801623     
           4           5   1.3732267068614707     
           5           6   1.3987234716849208     
           6           7   1.0972190046221926     
           7           8  0.97990079858262091     
           6           9   1.2177449948073316     
           9          10   1.1085821534623674     
          10          11  0.97576209090469135     
           9          12   1.3827629742323990     
           4          13   1.4049076890050474     
          12          13   1.4143283272470601     
           3          14  0.99028624460358250     
          14          15   1.5380104226066298     
          15          16   1.3351815715845423     
          16          17   1.3428199962742413     
          17          18  0.99442862644009622     
          18          19  0.96586765888776438     
          19          20   1.0099464798781088     
          20          21   1.4036822078429825     
          21          22   1.4191133822535138     
          22          23   1.3795982902847430     
          23          24   1.1141844704750841     
          24          25  0.97517756226214791     
          23          26   1.2141167085606126     
          26          27   1.1073379191803507     
          27          28  0.97777209969794310     
          20          29   1.3809097428450745     
          26          29   1.3926223507770223     
          17          30   1.0005517293232589     
           3          31  0.93550567339860535     
          31          32   1.0082777281021846     
          31          33   1.0080394791468457     
           5          34  0.95812005414730805     
           8          35  0.97315663424707177     
           8          36  0.97670151998075649     
           8          37  0.97333658264589418     
          11          38  0.97221946921648505     
          11          39  0.97676354262735710     
          11          40  0.97232010267399338     
          12          41  0.96272054027679888     
          13          42  0.96318001195461878     
          14          44  0.95762173499982484     
          15          45  0.95564952550543880     
          43          46  0.98937926946507371     
           2          47  0.93240148174219051     
          16          48  0.95561852682949533     
          18          49  0.96355343254628012     
          18          50  0.96825308266290000     
          19          51  0.97229945159445785     
          19          52  0.97055489651226534     
          21          53  0.96766775118096471     
          22          54  0.96274940983503132     
          25          55  0.97195005385676692     
          25          56  0.97176465100557796     
          25          57  0.97649579501151307     
          28          58  0.97649284211610377     
          28          59  0.97271586528868603     
          28          60  0.97268685568016400     
          29          61  0.96212158862050601     
          30          62  0.96901864521566694     
          30          63  0.96769454494195017     
          30          64  0.97870897822227920     
          31          65  0.95917091898204032     
          32          66  0.97835277787883146     
          32          67  0.98061666361738919     
          32          68  0.98123931624767857     
          33          69  0.96972766863083271     
          33          70  0.98049476584773698     
          33          71  0.97788460026376756     
           1          72  0.93622142066174396     
