           1           3   1.0292041167986996     
           2           3  0.88600457994086346     
           2           4  0.95945347705575212     
           4           5   1.5291161746053608     
           2           6  0.84462390964003786     
           3           6  0.90089810288034466     
           5           6  0.98045726842650804     
           6           7  0.96151981928486985     
           7           8   1.7423268776885901     
           7           9   1.1445794775161857     
           8           9  0.16132162799272937     
           9          10  0.95964194493959865     
           9          11   1.0806581087555909     
           9          12  0.11766887495209347     
          11          12   1.7562452634610974     
           4          13  0.13210515493679198     
           5          13   1.2908820881810465     
          11          13   1.0142809652825562     
          12          13  0.10179196098517389     
          13          14  0.96068942862094842     
           1          15  0.95663290439397497     
           1          16  0.95417818900342211     
           1          17  0.97072005672868034     
           3          18  0.95089800755474929     
          10          19  0.96807076042419715     
          10          20  0.96191237246269756     
          10          21  0.96215464436128051     
          14          22  0.96264596959038373     
          14          23  0.96291116473673233     
          14          24  0.96621772585497900     
           2          25  0.91175260094402333     
