           1           2   1.0909020805650200     
           3           4   1.4802255900846748     
           4           5   1.1478910077350690     
           2           6   1.5738348360373291     
           3           6   1.4238956327795302     
           5           7   1.0469653283563902     
           7           8   1.6500570036870239     
           7           9   1.1174884091927721     
           8           9  0.13419581881676873     
           9          10  0.97837276247191052     
           9          11   1.1162143016963049     
           9          12  0.12066733119341856     
          11          12   1.7195772905496303     
           5          13   1.2484713691237836     
          11          13   1.0053447761349303     
          13          14  0.98965408653926012     
           1          15  0.92417971925203557     
           1          16  0.90840891882221453     
           1          17  0.92972896895368429     
           6          18  0.83010799674376701     
          10          19  0.96978136635215506     
          10          20  0.95731130446335677     
          10          21  0.96130219602724254     
          14          22  0.96047416727530766     
          14          23  0.95937911149234112     
          14          24  0.96357366191383997     
           4          25  0.88806428374627144     
