   -0.33049276
    0.09009564
    0.01229136
    0.00056860
   -0.18100414
    0.13872143
   -0.24193909
    0.03344183
    0.14439070
   -0.21027148
    0.02302039
   -0.08409215
   -0.03612776
   -0.06364590
   -0.07073753
    0.00896366
    0.02757540
   -0.01910345
   -0.07099889
    0.00062607
   -0.04763071
   -0.06699464
    0.13425135
   -0.21944615
    0.02412833
    0.13383749
   -0.22264265
    0.02640186
   -0.08022234
   -0.08149105
   -0.00340640
   -0.12206018
   -0.11308689
    0.05501738
    0.04643173
    0.07591350
    0.04853555
    0.05265008
    0.08464354
    0.05746316
    0.05619037
    0.07244755
    0.06600070
    0.05714162
    0.07107151
    0.08424955
    0.00562379
    0.07226550
    0.07406699
    0.06736212
    0.05629790
    0.05878242
    0.04821791
    0.06018757
    0.05542542
    0.05722348
    0.08345471
    0.08298456
    0.04946803
    0.05321083
    0.04716564
    0.08002408
    0.09463460
    0.08625798
    0.04281831
    0.08081906
    0.03929996
    0.05196120
    0.05733680
    0.03655850
    0.05430644
    0.14356999
