           1           2   1.3094616246080957     
           2           3  0.70349031758910008     
           2           4  0.86965182412679931     
           3           4   1.0044289286205537     
           5           6   1.7219847679824047     
           6           7   1.0358210479349128     
           7           8  0.98422061365013025     
           6           9   1.0368471921628504     
           9          10   1.1329915849535515     
          10          11  0.97338329310124161     
           9          12   1.5288135025043590     
           4          13   1.7105597791918261     
          12          13   1.1780888481781844     
           3          14  0.98177338137484271     
          14          15  0.97818434941904586     
          15          16   1.0622559788583228     
          16          17   1.4395929063125648     
          17          18  0.98692648160172913     
          18          19  0.96973806812969099     
          19          20   1.0072668714307906     
          20          21   1.4111777802751295     
          21          22   1.4144707831307517     
          22          23   1.3834966891656131     
          23          24   1.1132874266871366     
          24          25  0.97518653552843892     
          23          26   1.2152042218213992     
          26          27   1.1061403344439245     
          27          28  0.97801930923449110     
          20          29   1.3772159047057491     
          26          29   1.3965391772226010     
          17          30  0.99643093872761190     
           3          31  0.96782112783057106     
          31          32   1.0086878967080388     
          31          33  0.99774760335631407     
           5          34  0.94893820626630476     
           8          35  0.97381184748377869     
           8          36  0.97622626355990016     
           8          37  0.97256013792785712     
          11          38  0.97138153189088450     
          11          39  0.97594698695724924     
          11          40  0.97328946367352975     
          12          41  0.95377352616776401     
          13          42  0.90908116158630148     
          14          43  0.96195359260822777     
          14          44  0.96516537720033058     
          15          45  0.96386731916127255     
          15          46  0.92795317689354584     
           2          47  0.91483525988882552     
          16          48  0.95475655728762154     
          18          49  0.95964892846133665     
          18          50  0.96835879436022798     
          19          51  0.97373051350801054     
          19          52  0.96733321452063092     
          21          53  0.96735738623922529     
          22          54  0.96274823907718965     
          25          55  0.97213861133561275     
          25          56  0.97211467809749463     
          25          57  0.97654593857923944     
          28          58  0.97653542986231945     
          28          59  0.97324122482563546     
          28          60  0.97274406721115370     
          29          61  0.96233062961439686     
          30          62  0.96672755642111385     
          30          63  0.94515923634574395     
          30          64  0.97644601894217364     
          31          65  0.94533287014519929     
          32          66  0.96336138646652025     
          32          67  0.98185471247990819     
          32          68  0.98073605890608129     
          33          69  0.97789401769969286     
          33          70  0.98420591211130160     
          33          71  0.98138941889354270     
           1          72  0.94917089275912414     
