   -0.27265392
    0.10063743
    0.00690613
    0.02614404
   -0.08872996
    0.10677309
   -0.18634514
    0.02587211
    0.10530983
   -0.22514014
    0.02565965
   -0.06943258
   -0.04564936
   -0.06666367
   -0.07035467
    0.00597952
    0.00935837
   -0.01641494
   -0.07013491
   -0.00087483
   -0.04939987
   -0.06787164
    0.13272462
   -0.22387299
    0.02562636
    0.13243776
   -0.22648589
    0.02772784
   -0.07973086
   -0.06982003
   -0.00760330
   -0.11784935
   -0.11885769
    0.03453267
    0.05113795
    0.08245989
    0.05693498
    0.05898205
    0.04885469
    0.08053021
    0.05821361
    0.04139847
    0.06353475
    0.05467899
    0.06668531
    0.07968546
    0.00537255
    0.06796309
    0.06724179
    0.06710860
    0.05404225
    0.05450539
    0.04381165
    0.05738384
    0.05332932
    0.05478285
    0.08131358
    0.08084587
    0.04812978
    0.05146785
    0.04661918
    0.07385867
    0.08058061
    0.07971435
    0.03757973
    0.06823505
    0.03410295
    0.04998785
    0.06172248
    0.03530248
    0.05412602
    0.15597219
