           1           2  0.98701066657367342     
           2           3   1.3930661095198518     
           3           4   1.3187009044452416     
           4           5   1.1446832961215749     
           2           6   1.1823715072725265     
           5           6   1.3712744677367832     
           6           7  0.99706359547135570     
           7           8   1.6997034711001915     
           7           9   1.1531457490803174     
           8           9  0.13984370739131663     
           9          10  0.96999168419253456     
           9          11   1.1258325290320919     
           9          12  0.13266541691522429     
          11          12   1.8369244728369702     
           5          13   1.2203725027748895     
          13          14   1.7864262839066698     
           1          15  0.95581337026882729     
           1          16  0.97384387541079698     
           1          17  0.94816517301184133     
           3          18  0.95013726202090421     
          10          19  0.97003985397995973     
          10          20  0.95841822312396852     
          10          21  0.96307459619061309     
          11          22  0.91135575224811571     
          14          23  0.94842282318391158     
          14          24  0.95597760143287558     
           4          25  0.92021618101460279     
