   -0.26034375
    0.10247621
    0.00687189
    0.00329053
   -0.07914949
    0.13160829
   -0.22333661
    0.02583526
    0.13210623
   -0.21987528
    0.02397259
   -0.07066905
   -0.04928811
   -0.06619289
   -0.06969378
    0.01709357
    0.03885079
   -0.02742577
   -0.06206743
    0.01958637
   -0.04280443
   -0.07100745
    0.13717993
   -0.21051888
    0.02279458
    0.14852847
   -0.20472929
    0.02387073
   -0.09241749
   -0.07806514
   -0.00753353
   -0.11891003
   -0.11965741
    0.05365125
    0.05625971
    0.08407967
    0.05004020
    0.05901991
    0.08436475
    0.05449004
    0.05939886
    0.04503438
    0.06214383
    0.05577590
    0.07030914
    0.08618541
    0.01098769
    0.07625833
    0.11332299
    0.06252434
    0.05061117
    0.06859629
    0.05955153
    0.06646116
    0.05875714
    0.06040928
    0.08723977
    0.08190472
    0.07072576
    0.06195942
   -0.29745388
    0.08090544
    0.07634595
    0.11073104
    0.03960753
    0.07009827
    0.03697116
    0.05374067
    0.06308531
    0.03601978
    0.05691092
    0.16259551
