           1           2   1.9616972513056641     
           2           3  0.99303121621936286     
           3           4  0.96966121599736421     
           4           5   1.3712320927012853     
           5           6   1.3959611277392072     
           6           7   1.1067060708554628     
           7           8  0.97658325973338944     
           6           9   1.2128890024596501     
           9          10   1.1132669096369898     
          10          11  0.97472043894927529     
           9          12   1.3829508129872812     
           4          13   1.4056444816084452     
          12          13   1.4124417166222680     
           3          14  0.95559278586260588     
          14          15  0.98886175234365037     
          15          16   1.0583067895244023     
          16          17   1.4769029253188666     
          17          18  0.98576203816377173     
          18          19  0.96512220376051450     
          19          20  0.99983887145029526     
          20          21   1.3335829071999579     
          21          22   1.4296808408820407     
          22          23   1.3745978080733690     
          23          24   1.1217939042131839     
          24          25  0.96908288693841460     
          23          26   1.1573852122067185     
          26          27   1.1259903760817036     
          27          28  0.96834466602907221     
          20          29   1.4246063160112079     
          26          29   1.3968612435160725     
          17          30  0.99677393847995777     
           3          31  0.94226088238121175     
          31          32   1.0080087970412752     
          31          33   1.0085499995178033     
           5          34  0.95720598355001274     
           8          35  0.97256778177768188     
           8          36  0.97611712293364805     
           8          37  0.97239730384628986     
          11          38  0.97173333477784896     
          11          39  0.97634248306352589     
          11          40  0.97210951173857574     
          12          41  0.96260723877407428     
          13          42  0.96138539617404239     
          14          43  0.96823722484794383     
          14          44  0.97111754545472251     
          15          45  0.95569103267904454     
          15          46  0.92160845214761955     
           2          47  0.89890792368962036     
          16          48  0.95453872105928173     
          18          49  0.89558895144529027     
          18          50  0.96719577426387493     
          19          51  0.97275206379165957     
          19          52  0.96448446201756033     
          21          53  0.95569926274705108     
          22          54  0.95612567644269375     
          25          55  0.97158532832005018     
          25          56  0.97100348258542413     
          25          57  0.97555087053247336     
          28          58  0.97772728971437406     
          28          59  0.96443824463303807     
          28          60  0.96947358564993658     
          30          62  0.96056396095422869     
          30          63  0.96523198352604811     
          30          64  0.94665962739757625     
          31          65  0.95791701594598810     
          32          66  0.97210008575938311     
          32          67  0.98085666508684000     
          32          68  0.98020752777143894     
          33          69  0.97453220567663956     
          33          70  0.98190802633652974     
          33          71  0.97890666411560567     
           1          72  0.93892746325193799     
