   -0.26024085
    0.10275313
    0.00762767
    0.01097846
   -0.07645366
    0.13421158
   -0.21994315
    0.02502137
    0.13950918
   -0.20109535
    0.02217859
   -0.05392917
   -0.04489403
   -0.06409358
   -0.06507814
   -0.03444168
    0.09247176
   -0.02068610
   -0.06954614
    0.00450325
   -0.04591346
   -0.06576816
    0.13599473
   -0.21400967
    0.02265331
    0.13593165
   -0.21673442
    0.02440246
   -0.07748009
   -0.08709167
   -0.00758603
   -0.11889581
   -0.11944960
    0.05696970
    0.05703080
    0.08508459
    0.05297747
    0.06219162
    0.08659533
    0.09116647
    0.06941706
    0.04543667
    0.05857041
    0.05316972
    0.05955832
    0.07048154
    0.01619895
    0.05590504
    0.07517694
    0.06882091
    0.05916136
    0.06252420
    0.05071002
    0.06229136
    0.05815281
    0.05948844
    0.08568955
    0.08521582
    0.05345598
    0.05708063
    0.05356833
    0.07058459
   -0.21139358
    0.07251287
    0.04038497
    0.07025420
    0.03618033
    0.05425287
    0.06447762
    0.03835988
    0.05653002
    0.16085981
