   -0.26790880
    0.10335756
    0.00679446
    0.01146313
   -0.07120324
    0.12303368
   -0.24901853
    0.03114129
    0.12315329
   -0.19860298
    0.02237658
   -0.06035655
   -0.15373014
   -0.06462892
   -0.06759280
    0.00772600
    0.01301867
   -0.01713298
   -0.07007586
   -0.00096975
   -0.04952628
   -0.06786229
    0.13264910
   -0.22411418
    0.02561366
    0.13221502
   -0.22687665
    0.02795025
   -0.07980405
   -0.07314739
   -0.00659245
   -0.11749743
   -0.11772122
    0.05582942
    0.05137674
    0.07905963
    0.04555639
    0.06260831
    0.08987844
    0.05722573
    0.07058168
    0.09349621
    0.05620253
    0.05281887
    0.06385677
    0.07770444
    0.01493097
    0.06912316
    0.06736095
    0.06801947
    0.05499119
    0.05424385
    0.04410840
    0.05747934
    0.05320299
    0.05488519
    0.08125549
    0.08066043
    0.04737316
    0.05131868
    0.04593631
    0.07340909
    0.08584172
    0.07709706
    0.03345168
    0.07058937
    0.03181175
    0.04870771
    0.05950164
    0.03335194
    0.05232801
    0.15669510
