           1           2   1.9497543646294067     
           2           3  0.98773429825475234     
           3           4  0.95810279690241662     
           4           5   1.2385145110436355     
           5           6   1.3536090773753531     
           6           7   1.0707483839709504     
           7           8  0.97930289891290867     
           6           9   1.3208203354254717     
           9          10   1.1495693190317433     
          10          11  0.97394275205376990     
           9          12   1.0073928886766870     
           4          13   1.5712176240958784     
          12          13   1.0525378423573946     
           3          14  0.96205350200503337     
          14          15  0.97987409165857930     
          15          16   1.0592836635809213     
          16          17   1.4014734115643688     
          17          18  0.98898861819970352     
          18          19  0.96668372843272476     
          19          20   1.0075552498126972     
          20          21   1.4108301294200443     
          21          22   1.4163988011027342     
          22          23   1.3848997426359164     
          23          24   1.1072928676423495     
          24          25  0.97653263916848820     
          23          26   1.2228014438318997     
          26          27   1.1005042407395638     
          27          28  0.97936105558844588     
          20          29   1.3799110848129610     
          26          29   1.3962191391827077     
          17          30  0.99855854663998322     
           3          31  0.94773089078615425     
          31          32   1.0083693621555185     
          31          33   1.0083958103923010     
           5          34  0.95437074297034985     
           8          35  0.97428439847673742     
           8          36  0.97662036219566661     
           8          37  0.97433341718159927     
          11          38  0.96842269553576354     
          11          39  0.97581820945750142     
          11          40  0.96842886647762760     
          12          41  0.91920289594940585     
          12          42  0.89779751732274071     
          14          43  0.97035473193424138     
          14          44  0.97170525893362514     
          15          45  0.96308302414956859     
          15          46  0.92889208670533596     
           2          47  0.89890765168345987     
          16          48  0.95793939965982011     
          18          49  0.96355265950186220     
          18          50  0.96739082933016407     
          19          51  0.97149980453715223     
          19          52  0.97242788599647556     
          21          53  0.96825095437852537     
          22          54  0.96323306241026407     
          25          55  0.97298198258860547     
          25          56  0.97286722343964982     
          25          57  0.97693935040854052     
          28          58  0.97691554516489898     
          28          59  0.97368791816171441     
          28          60  0.97353308450920961     
          29          61  0.96254749707333132     
          30          62  0.96734172070029134     
          30          63  0.94968910978820109     
          30          64  0.97804976610851735     
          31          65  0.96016371033952130     
          32          66  0.97296641658763205     
          32          67  0.98251473523121113     
          32          68  0.98185390038168951     
          33          69  0.97772230696517715     
          33          70  0.98293545577117403     
          33          71  0.98106719298217648     
           1          72  0.94087486288784949     
