   -0.26887846
    0.09943664
    0.00619366
    0.00969001
   -0.07926234
    0.13625659
   -0.23099605
    0.02505797
    0.10118238
   -0.10049397
    0.03373181
   -0.06306412
   -0.05200355
   -0.06565927
   -0.06843439
    0.00416178
    0.00886021
   -0.01636632
   -0.07049951
   -0.00048351
   -0.04893041
   -0.06749631
    0.13355943
   -0.22144648
    0.02485167
    0.13315757
   -0.22422120
    0.02704610
   -0.07951379
   -0.06952142
   -0.00739118
   -0.11955319
   -0.11868491
    0.05788143
    0.05675270
    0.08399691
    0.05033092
   -0.13726646
    0.10608594
    0.07209743
    0.05837896
    0.04593629
    0.05956157
    0.05542283
    0.06255583
    0.07934174
    0.00604317
    0.06902311
    0.06693172
    0.06753016
    0.05526959
    0.05530896
    0.04487626
    0.05855733
    0.05437805
    0.05599914
    0.08259869
    0.08219260
    0.04879090
    0.05256980
    0.04706091
    0.07538528
    0.07580673
    0.08004823
    0.03620065
    0.07068865
    0.03347158
    0.05201647
    0.06047337
    0.03475371
    0.05523525
    0.15742817
