           1           2  0.98983541033378097     
           2           3   1.1884280297732117     
           2           4  0.13643298520783634     
           3           4   1.7759676938786175     
           2           6   1.0042766398990230     
           5           6   1.3805351501570036     
           6           7   1.1674462346362369     
           7           8   1.7802467441924934     
           7           9  0.76631908000609206     
           9          10  0.91776103149240706     
           9          11   1.5546194392288100     
           9          12  0.21693865244083185     
          11          12   2.0244006105648533     
           5          13   2.2212602136219464     
           6          13  0.11155975651514743     
          13          14   1.0419725781134346     
           1          15  0.95509571457579345     
           1          16  0.96959746949969883     
           1          17  0.97404396475106059     
           3          18  0.92787389109680463     
          10          19  0.96310847848729952     
          10          20  0.96489348138942987     
          10          21  0.97487263783479505     
          14          22  0.94732845271053123     
          14          23  0.93207104720442024     
          14          24  0.93907631593684737     
           4          25  0.93042917010194404     
