   -0.27365861
    0.10198902
    0.00680719
    0.00134031
   -0.06469739
    0.09547823
   -0.09306263
    0.01176891
    0.10284471
   -0.33740442
    0.03869062
   -0.05664016
   -0.04076738
   -0.06417457
   -0.07131467
    0.00877525
    0.01856740
   -0.01746458
   -0.07003271
   -0.00067266
   -0.04955108
   -0.06791062
    0.13299748
   -0.22298809
    0.02537593
    0.13287008
   -0.22541984
    0.02724208
   -0.07938670
   -0.07840795
   -0.00653792
   -0.11688394
   -0.12055389
    0.04867084
    0.05169231
    0.08714944
    0.05882032
    0.04283173
    0.06015089
    0.03919906
    0.05133789
    0.04757579
    0.05966212
    0.05501680
    0.07572730
    0.08016546
    0.00494345
    0.06961483
    0.06918116
    0.06692738
    0.05382650
    0.05590659
    0.04331806
    0.05757172
    0.05360135
    0.05517484
    0.08180513
    0.08139439
    0.04884533
    0.05213349
    0.04776197
    0.07665678
    0.10352067
    0.07863338
    0.03462696
    0.06468720
    0.03426491
    0.05049913
    0.06608788
    0.03497275
    0.05417648
    0.15465032
