           1           2   1.3334522773490138     
           2           3   1.2473242623442624     
           3           4   1.2373568761330977     
           4           5   1.1956289451495308     
           2           6   1.0879158540787872     
           5           6   1.3486264884617782     
           6           7   1.0861272290647583     
           7           8   1.6834207884515426     
           7           9   1.0937984434947849     
           8           9  0.13903250410966128     
           9          10  0.97200384444635513     
           9          11   1.1252908925640301     
           9          12  0.13362247421958851     
          11          12   1.7057372617888917     
           5          13   1.2166021789209938     
          11          13   1.0359007437165029     
          12          13  0.11826667439571964     
          13          14  0.97529917546456213     
           1          15  0.95414276342315918     
           1          16  0.96683646603942508     
           3          18  0.95510520509446450     
          10          19  0.96583234082181890     
          10          20  0.95836471299300330     
          10          21  0.95874280535663092     
          14          22  0.96875307032357960     
          14          23  0.96814248231175759     
          14          24  0.96311857283478575     
           4          25  0.91983833205828802     
