           1           2  0.91135720676737586     
           2           3   1.3866108899031637     
           3           4   1.1149696460388299     
           4           5   1.2870813551962188     
           1           6  0.98575155919187218     
           2           6   1.2364563812674063     
           3           6  0.16508502662442598     
           7           8   1.8164511835194084     
           7           9   2.0394375959223954     
           8           9  0.35227483154794603     
           9          10   1.0246171606365169     
          11          12   2.5318817136539460     
           4          13  0.10858071526195583     
           5          13   2.0353795260953005     
          13          14   1.0454357679295474     
           1          15  0.95918117072919107     
           1          16  0.95703225982764573     
           6          17  0.93536789329438219     
           3          18  0.95113884486994904     
          10          19  0.95004982854616060     
          10          20  0.95115504757636815     
          10          21  0.95413622498796347     
          14          22  0.94495105221967313     
          14          23  0.94430671979247771     
          14          24  0.91509364913802749     
           4          25  0.89130867514862011     
