           1           2   1.1112261902330074     
           2           3   1.4113734802475237     
           3           4   1.5963522611098737     
           5           7   1.0954616934034571     
           6           7  0.76640459813412687     
           6           8   1.4636550767546543     
           7           8  0.82765486565979618     
           7           9  0.99966603828696821     
           9          10  0.99446691398442943     
           9          11   1.1679595998610619     
           9          12  0.13566141201056170     
          11          12   1.6922890978343472     
           5          13   1.4690634184891813     
          11          13  0.96196013370581268     
          13          14  0.99380720496734942     
           1          15  0.90173372736313739     
           1          16  0.90920936066880620     
           1          17  0.89991577538559264     
           3          18  0.85045194559579762     
          10          19  0.94694730481385614     
          10          20  0.94098722010634295     
          10          21  0.95538146727993756     
          14          22  0.93986203839232207     
          14          23  0.94188146948820339     
          14          24  0.95650124807629422     
           4          25  0.79317919636082368     
           5          25  0.11847253151943318     
