           1           2  0.98211885304851276     
           2           3   1.4296504917941693     
           3           4   1.2841047180005103     
           4           5   1.1871755747415640     
           2           6   1.1746350060070063     
           5           6   1.3573980248532502     
           6           7   1.0485633115750059     
           7           8   1.7031434566985286     
           7           9   1.1205507977863143     
           8           9  0.16069221435092779     
           9          10  0.96450840885108680     
           9          11   1.1208888105099475     
           9          12  0.13867972022907446     
          11          12   1.7238186332164342     
           5          13   1.2283976372283067     
          11          13   1.0237760369992643     
          12          13  0.12439907623443569     
          13          14  0.97311596581077275     
           1          15  0.95423904899967638     
           1          16  0.96290286147385507     
           1          17  0.95922311089634715     
           3          18  0.95076351004500081     
          10          19  0.97018169011265798     
          10          20  0.96820398231485805     
          10          21  0.96827154445104657     
          14          22  0.97213301899645077     
          14          23  0.97197200334165657     
          14          24  0.96345930935982260     
           4          25  0.91705665563240746     
