           1           2  0.98980301968267903     
           2           3   1.3634371320004535     
           3           4   1.2546798462126401     
           4           5   1.1766283500892318     
           2           6   1.1475518786342505     
           5           6   1.2657240148561280     
           6           7   1.1113997799809554     
           7           8   1.6545915870982220     
           7           9  0.99361574681677300     
           9          10   1.5468046089608833     
           9          11  0.76684424871717094     
          11          12   1.3956257589920040     
           5          13   1.2924862913944160     
          11          13  0.82664335712023052     
          13          14  0.99536061191966640     
           1          15  0.96283753864224164     
           1          16  0.95012041202601871     
           1          17  0.95450868878404371     
           3          18  0.95302933131749157     
          10          19  0.94703763957089493     
          11          20  0.86854282004301342     
          10          21  0.94511104241939137     
          14          22  0.96042785615310566     
          14          23  0.95250661317827612     
          14          24  0.95170126607557082     
           4          25  0.92006456434977535     
