           1           2  0.98368576215937231     
           2           3   1.3882547866320301     
           3           4   1.2900562438363232     
           4           5   1.1681270133331643     
           2           6   1.1659690445088176     
           5           6   1.3417333209696363     
           6           7   1.0720255523340443     
           7           8   1.6783447578650701     
           7           9   1.0817269988347769     
           8           9  0.13804497942635871     
           9          10  0.96158985469805947     
           9          11   1.1706662701309376     
           9          12  0.15137420184468073     
          11          12   1.7315280253604246     
           5          13   1.1619626340049056     
          11          13  0.92924937353082360     
          13          14   1.3082982403961501     
           1          15  0.95446598675910554     
           1          16  0.96233998547386856     
           1          17  0.95897538831060736     
           3          18  0.95101230361377620     
          10          19  0.96743879935177979     
          10          20  0.96571696040501487     
          10          21  0.96509516076106583     
          14          23  0.96457827593601386     
          14          24  0.95748167608264956     
           4          25  0.91712835046405450     
