   -0.26741438
    0.10107653
    0.00644133
    0.00277320
   -0.07957908
    0.12982971
   -0.22953152
    0.02743592
    0.12862089
   -0.22830580
    0.02687784
   -0.07488188
   -0.05372892
   -0.06507851
   -0.06885230
    0.00748452
    0.01108589
   -0.01611430
   -0.07101934
   -0.00058424
   -0.04880561
   -0.06742959
    0.13348475
   -0.22176591
    0.02491440
    0.13310462
   -0.22449986
    0.02713553
   -0.07988559
   -0.07065306
   -0.00740856
   -0.11912862
   -0.11808710
    0.05219059
    0.05396899
    0.08134825
    0.04766504
    0.05507500
    0.08127541
    0.04779363
    0.05158626
    0.03781915
    0.06014905
    0.05356521
    0.06593073
    0.08001793
    0.00681722
    0.06952440
    0.06729122
    0.06739219
    0.05623642
    0.05505081
    0.04516465
    0.05851686
    0.05441021
    0.05592858
    0.08248577
    0.08191985
    0.04843991
    0.05256016
    0.04702806
    0.07630555
    0.07994562
    0.07975202
    0.03741331
    0.07007883
    0.03561047
    0.05114615
    0.05886727
    0.03437074
    0.05470240
    0.15714514
