           1           2   1.9550485755608915     
           2           3  0.99269935251912655     
           3           4  0.97888531817021585     
           4           5   1.0197821640468994     
           5           6   1.0182673521301231     
           6           7   1.1665737111273846     
           6           8  0.22058426776643369     
           7           8   1.2716116465682796     
           6           9   1.2426366042466750     
           9          10   1.0937754229273806     
          10          11  0.97539588943124989     
           9          12   1.4031486067219798     
           4          13   1.6416051323894896     
          12          13   1.2440438895151935     
           3          14  0.95541548966719625     
          14          15  0.98391028406780523     
          15          16   1.0551389000394829     
          16          17   1.3749689522795880     
          17          18  0.98980050097708172     
          18          19  0.96595987293035390     
          19          20   1.0079111670433483     
          20          21   1.4133099619983240     
          21          22   1.4145245606468142     
          22          23   1.3868901220300487     
          23          24   1.1055119591238263     
          24          25  0.97694500930204353     
          23          26   1.2237353610751434     
          26          27   1.0988647280500570     
          27          28  0.97971799771781587     
          20          29   1.3777115267867983     
          26          29   1.3984229241439201     
          17          30  0.99982214895767019     
           3          31  0.93845937604482543     
          31          32   1.0091477056664768     
          31          33   1.0101256954643296     
           5          34  0.92605142500154392     
           5          35  0.92232011272624981     
           8          36  0.96833398788182001     
           8          37  0.96834290523310773     
          11          38  0.97465186498819745     
          11          39  0.97714246911435076     
          11          40  0.97504635591872413     
          12          41  0.96587947608237434     
          13          42  0.95914367507837062     
          14          43  0.97056419767938695     
          14          44  0.97210700651589299     
          15          45  0.96231726695373798     
          15          46  0.93083042271262018     
           2          47  0.89739771833701509     
          16          48  0.95835464158237293     
          18          49  0.96452375005593471     
          18          50  0.96799092453051949     
          19          51  0.97226781782489269     
          19          52  0.97192954604048620     
          21          53  0.96832855990532418     
          22          54  0.96336942978069817     
          25          55  0.97320739784158061     
          25          56  0.97310785734771654     
          25          57  0.97705726284271166     
          28          58  0.97701310741020253     
          28          59  0.97388004069046863     
          28          60  0.97369434639318120     
          29          61  0.96272982698910270     
          30          62  0.96674548405985705     
          30          63  0.96109741204972521     
          30          64  0.97751014421132487     
          31          65  0.95700491986632141     
          32          66  0.97527103381498548     
          32          67  0.98185975795769054     
          32          68  0.98253649197889381     
          33          69  0.97777772285946307     
          33          70  0.98345315620373908     
          33          71  0.98038313495893925     
           1          72  0.94262546036815031     
