   -0.30883044
    0.10190631
    0.00352679
    0.00472104
   -0.07845573
    0.12904612
   -0.23080448
    0.02772241
    0.12769784
   -0.23001417
    0.02737173
   -0.07596020
   -0.05441481
   -0.07158936
   -0.06289535
   -0.03784935
    0.03748571
    0.01568329
   -0.07151154
    0.00399544
   -0.04979183
   -0.06828089
    0.13307228
   -0.22277178
    0.02486299
    0.13324601
   -0.22526998
    0.02688784
   -0.08116294
   -0.07648061
   -0.01289605
   -0.11036438
   -0.11196942
    0.05391442
    0.05351843
    0.08060603
    0.04787199
    0.05460299
    0.08080702
    0.04715416
    0.05024250
    0.03541262
    0.05251126
    0.07109959
    0.04586098
    0.04630081
    0.02517197
    0.08676595
    0.07215645
    0.09245594
    0.07289818
    0.07850850
    0.04640952
    0.05969249
    0.05359005
    0.05575841
    0.08249944
    0.08236388
    0.04814951
    0.05322218
    0.04928097
    0.07897343
    0.08500090
    0.08211459
    0.04056896
    0.04269946
    0.03899497
    0.04963196
    0.03909356
    0.04286962
    0.05320845
    0.15210537
