           1           2   1.9348890265111036     
           2           3  0.99810194770323879     
           3           4  0.97296466652237124     
           4           5   1.3644084835158716     
           5           6   1.4033882973982641     
           6           7   1.0984188413968532     
           7           8  0.97814799151730392     
           6           9   1.2213330318393949     
           9          10   1.0995605974492844     
          10          11  0.97797545527452301     
           9          12   1.3937033089441679     
           4          13   1.4178570673341107     
          12          13   1.4017063259643643     
           3          14  0.96687001021236652     
          14          15   1.0055132456037355     
          15          16  0.98245707779460645     
          16          17  0.97659415833345942     
          17          18   1.4686093205660200     
          18          19   1.0452888477456321     
          19          20  0.95430857703575112     
          20          21   1.4174490081206832     
          21          22   1.4064106025644945     
          22          23   1.3892964303305870     
          23          24   1.1099445282553964     
          24          25  0.97566690198326145     
          23          26   1.2181760222265974     
          26          27   1.1041536498037696     
          27          28  0.97788843219689436     
          20          29   1.3724134982047642     
          26          29   1.4004467621993044     
          17          30   1.0021550338831091     
           3          31  0.93260950582274671     
          31          32   1.0091444629499029     
          31          33   1.0092700634767557     
           5          34  0.95777627359030659     
           8          35  0.97343637026719654     
           8          36  0.97677388818536370     
           8          37  0.97347000536428596     
          11          38  0.97350530490680587     
          11          39  0.97692631341650571     
          11          40  0.97363655812109340     
          12          41  0.96393915022529786     
          13          42  0.96286131323297786     
          14          43  0.97033182142737684     
          14          44  0.96826482307197237     
          15          45  0.96843280894672745     
          15          46  0.97319704644973615     
           2          47  0.93487668028038529     
          16          48  0.95899707676444246     
          18          49  0.95813055043492135     
          16          50  0.95417670335624494     
          19          51  0.96037367915315897     
          19          52  0.95135150963773252     
          21          53  0.96553447339442156     
          22          54  0.96258299341065745     
          25          55  0.97287160873400658     
          25          56  0.97291739802687283     
          25          57  0.97674315892936348     
          28          58  0.97665354025297435     
          28          59  0.97369395933966074     
          28          60  0.97320535137302722     
          29          61  0.96261620362746869     
          30          62  0.97696688813643329     
          30          63  0.96405398161176969     
          30          64  0.96270470369727668     
          31          65  0.95971028130240221     
          32          66  0.98107999937457757     
          32          67  0.98136536232596128     
          32          68  0.98264058617122862     
          33          69  0.98182292631731949     
          33          70  0.98326811027005567     
          33          71  0.98195748705419128     
           1          72  0.94537614942089476     
