           1           2  0.99151593755167444     
           2           3   1.4455013506598329     
           2           4  0.13562761883962349     
           3           4   1.3588813139686189     
           4           5  0.99299945856251592     
           2           6   1.0391476860028583     
           5           6   1.0195887856730816     
           6           7   1.5041342647235021     
           6           8  0.16874601410438181     
           7           8   2.1726085196975427     
           9          10   1.0151336517711855     
           9          11   2.0809974968057099     
           9          12  0.37823491021487549     
          11          12   1.7894271371880566     
           4          13  0.10285132815826915     
           5          13   1.7771844166711468     
          13          14   1.0309255715388563     
           1          15  0.95984964225737568     
           1          16  0.97293232132111163     
           1          17  0.96302026564703347     
           3          18  0.94547236405512569     
          10          19  0.96612116105497947     
          10          20  0.96285768442168118     
          10          21  0.96191690991225121     
          14          22  0.97456552966196508     
          14          23  0.95893138426693580     
          14          24  0.94919328520031621     
           4          25  0.92127676236409972     
