   -0.28374821
    0.09684944
    0.00533782
    0.00553756
   -0.09198463
    0.12383217
   -0.24593867
    0.03007668
    0.11588795
   -0.20610035
    0.02240069
   -0.06809416
   -0.06989685
   -0.06406911
   -0.06782639
   -0.00348822
    0.00132052
   -0.01503011
   -0.06979347
   -0.00229896
   -0.05051375
   -0.06871191
    0.13145208
   -0.22752733
    0.02674699
    0.13108211
   -0.23003059
    0.02903306
   -0.08036753
   -0.06578160
   -0.00069534
   -0.09084779
   -0.11378346
    0.05152923
    0.05021670
    0.07909394
    0.04427952
    0.06033132
    0.08832765
    0.05490515
    0.06839990
    0.03973144
    0.05709089
    0.05351823
    0.06457362
    0.07462791
    0.00245529
    0.06356007
    0.06333677
    0.06612111
    0.05302619
    0.05282131
    0.04205271
    0.05554277
    0.05130561
    0.05340968
    0.07968271
    0.07918059
    0.04570804
    0.05003593
    0.04438578
    0.07273069
    0.07299613
    0.07596734
    0.05136171
    0.06704267
    0.08145932
    0.05723141
    0.07096699
    0.04770615
    0.05731563
    0.15294325
