           1           2   1.9458594047928539     
           2           3  0.99452767561794475     
           3           4  0.96525030958644076     
           4           5   1.2515406845955992     
           5           6   1.3387673720861943     
           6           7   1.0748875767505517     
           7           8  0.98039843729930831     
           6           9   1.3314951646057336     
           9          10   1.1332795767897832     
          10          11  0.97691387168432930     
           9          12   1.0320975338045399     
           4          13   1.6219126972967866     
          12          13   1.0380868336286713     
           3          14  0.96071929283084234     
          14          15  0.98299250851784048     
          15          16   1.0584343493507777     
          16          17   1.3694609171551508     
          17          18  0.99005349165959355     
          18          19  0.96572008812327137     
          19          20   1.0078282373498488     
          20          21   1.4147570011056054     
          21          22   1.4137947502321211     
          22          23   1.3884314253770955     
          23          24   1.1029061622387777     
          24          25  0.97752641932452755     
          23          26   1.2263254660522662     
          26          27   1.0964318327820159     
          27          28  0.98030760665437933     
          20          29   1.3773840711667857     
          26          29   1.3995227447963234     
          17          30   1.0008743477548177     
           3          31  0.94012710009723188     
          31          32   1.0896036625029983     
          31          33  0.94232906323154753     
           5          34  0.96018950971949635     
           8          35  0.97456532725176848     
           8          36  0.97668489447800821     
           8          37  0.97460939800041080     
          11          38  0.96870478916833314     
          11          39  0.97606995050064460     
          11          40  0.96966830826591299     
          12          41  0.92026318260822004     
          13          42  0.96268904318496129     
          14          43  0.96793896864265894     
          14          44  0.97248784078665684     
          15          45  0.95976819724050411     
          15          46  0.93036916680434945     
           2          47  0.91467035569446897     
          16          48  0.95913830489687546     
          18          49  0.96524272388529542     
          18          50  0.96758310205090892     
          19          51  0.97207154755370329     
          19          52  0.97269160355456386     
          21          53  0.96845320661058132     
          22          54  0.96354274207196711     
          25          55  0.97359693567755912     
          25          56  0.97333777878459593     
          25          57  0.97720808810185067     
          28          58  0.97715099612048117     
          28          59  0.97410359842000960     
          28          60  0.97393434299920656     
          29          61  0.96284937533046600     
          30          62  0.96697592364570717     
          30          63  0.96658700481754933     
          30          64  0.97794754317485233     
          31          65  0.94753372269973801     
          32          66  0.97712421168368335     
          12          67  0.91868563195892250     
          32          68  0.98111871764263070     
          33          69  0.97741899692897338     
          33          70  0.97709388400347730     
          33          71  0.98267709225111854     
           1          72  0.94484624810124573     
