           1           2   1.0350389260693027     
           3           4   1.6074787604546961     
           2           5  0.10194044896226315     
           4           5   1.0068847458117378     
           2           6   2.0837856879845806     
           5           6   1.4679890684359398     
           7           8   2.0073768067372249     
           7           9   1.4778726403658518     
           8           9  0.19792116248610769     
           9          10  0.93351712869728676     
           9          11  0.77862531945393387     
          11          12   1.7392047977714651     
           5          13   1.0149159023867509     
          11          13   1.2256473112841584     
          12          13  0.17056595373864139     
          13          14  0.96093783539438482     
           1          15  0.95293041576999860     
           1          16  0.94201552882855255     
           1          17  0.93624348813470526     
           3          18  0.93237181590666762     
          10          19  0.97455145326193471     
          10          20  0.96558863514596960     
          10          21  0.97232540103648457     
          14          22  0.96482566155094851     
          14          23  0.97329174212970371     
          14          24  0.96125284079530848     
           4          25  0.90116685271116626     
