           1           2  0.99420546067227833     
           2           3   1.3634955073549324     
           3           4   1.3088960568537349     
           4           5   1.1029065920073964     
           2           6   1.1129366712160760     
           5           6   1.1506656147421908     
           6           7   1.1795262384937326     
           7           8   1.7007019265406371     
           7           9  0.77234403868818491     
           9          10  0.93783754762516169     
           9          11   1.5038735752043864     
           9          12  0.20520459004673525     
          11          12   2.0056065698339003     
           5          13   1.5307723256936812     
          13          14   1.0587366609851805     
           1          15  0.95139493759936999     
           1          16  0.97172513835050089     
           1          17  0.95768119472954272     
           3          18  0.95127526855853994     
          10          19  0.95774579242766666     
          10          20  0.97512186302090709     
          10          21  0.96604204767943624     
          14          22  0.95047250993459853     
          14          23  0.93730680891626528     
          14          24  0.94293203212202337     
           4          25  0.91826006049803310     
