   -0.27278126
    0.08924090
    0.02295503
    0.00654052
   -0.07541640
    0.13066823
   -0.22792285
    0.02747732
    0.13274881
   -0.22146517
    0.02422038
   -0.06775560
   -0.03920196
   -0.05336001
   -0.10210765
    0.00481570
   -0.11239797
   -0.00050881
   -0.07082698
    0.00882889
   -0.04336180
   -0.06435966
    0.13662341
   -0.21144851
    0.02219996
    0.13636201
   -0.21540372
    0.02459824
   -0.07605002
   -0.04440724
   -0.01174981
   -0.10657549
   -0.11456821
    0.05111079
    0.05622184
    0.08333465
    0.04793811
    0.05954886
    0.08407096
    0.05304948
    0.05923112
    0.05543636
    0.06503461
    0.08192549
    0.06139230
    0.05622492
    0.02602883
    0.08151771
    0.05027411
    0.05228314
    0.05603419
    0.05128296
    0.05341529
    0.06309851
    0.05992243
    0.06056461
    0.08619779
    0.08517966
    0.05411698
    0.05729226
    0.05392597
    0.04888538
    0.05359398
    0.05295353
    0.04971404
    0.05044480
    0.04143152
    0.05845986
    0.05339215
    0.04318306
    0.05445254
    0.15222489
