           1           2   1.8282136830824753     
           1           3  0.10260207941411739     
           3           4   1.0494619399879070     
           4           5   1.3534177933914944     
           5           6   1.3976007777298289     
           6           7   1.1019650246140369     
           7           8  0.97678878500042488     
           6           9   1.2125900093080302     
           9          10   1.1125562377695326     
          10          11  0.97476543712987718     
           9          12   1.3745428621643307     
           4          13   1.3678368823609670     
          12          13   1.4271541167905688     
           2          14   1.1401545857715183     
           3          14   1.6921825534252894     
          15          16   1.0874280411747044     
          16          17  0.98682267030608362     
          17          18   1.0200243952002750     
          18          19  0.94988666774828379     
          19          20   1.0185718403500992     
          20          21   1.3828950809047040     
          21          22   1.4298985699729312     
          22          23   1.3682851317309288     
          23          24   1.1222075813607226     
          24          25  0.97369492741388319     
          23          26   1.2049445460825576     
          26          27   1.1151906305873089     
          27          28  0.97600974456310619     
          20          29   1.3833109501403558     
          26          29   1.3857570772842429     
          17          30   1.0164282943519181     
           3          31  0.99680426570616132     
          31          32  0.97417328443962758     
          31          33   1.0055336141262556     
           5          34  0.95915372446794600     
           8          35  0.97291668263140563     
           8          36  0.97626412382384220     
           8          37  0.97227788596325748     
          11          38  0.97200848110815730     
          11          39  0.97637540601053463     
          11          40  0.97227125820404747     
          12          41  0.96191095177042141     
          13          42  0.96670844076848672     
          16          43  0.93964062408115800     
          14          44  0.95138996846294288     
          15          45  0.97863346045600363     
          15          46  0.98155553933973949     
           2          47  0.92019780745690771     
          16          48  0.91143362566965702     
          18          49  0.96745340432716631     
          18          50  0.96474226898481452     
          19          51  0.96816925898422546     
          19          52  0.96966753156293295     
          21          53  0.96687007858473661     
          22          54  0.96190535462728821     
          25          55  0.97028051573363960     
          25          56  0.97054333714019836     
          25          57  0.97595603766361105     
          28          58  0.97608110746608434     
          28          59  0.97159206253824060     
          28          60  0.97138950659768353     
          29          61  0.96132098400292842     
          30          62  0.96227064607287149     
          30          63  0.97552805250131769     
          30          64  0.97662297997816316     
          31          65  0.94969865525099617     
          32          66  0.98426617485681334     
          32          67  0.98442071354357075     
          32          68  0.97900362653821382     
          33          69  0.98022918969856554     
          33          70  0.98384427590310075     
          33          71  0.98125162868758009     
           1          72  0.94387865596179987     
