   -0.30154153
    0.03452514
    0.01099710
    0.00512602
   -0.08048423
    0.13217818
   -0.22319369
    0.02607681
    0.13301072
   -0.22005947
    0.02411790
   -0.06929243
   -0.04740876
   -0.03988144
   -0.06443059
    0.02070630
   -0.11268471
   -0.00386364
   -0.07038051
    0.00701015
   -0.04512220
   -0.06601860
    0.13491068
   -0.21651877
    0.02388081
    0.13510972
   -0.21973768
    0.02575468
   -0.07707711
   -0.05146674
   -0.00621068
   -0.12142690
   -0.11649676
    0.05298632
    0.05428604
    0.08345593
    0.05062105
    0.05748490
    0.08354999
    0.05446436
    0.05963892
    0.05779566
    0.05353292
    0.16185344
    0.07381548
    0.06956652
    0.06016169
    0.04567743
    0.05526587
    0.04813914
    0.04614661
    0.05172966
    0.04833433
    0.05978810
    0.05677062
    0.05812660
    0.08398237
    0.08327417
    0.05207237
    0.05513525
    0.05161812
    0.04261490
    0.06122221
    0.05689974
    0.04314207
    0.06310112
    0.04348094
    0.05656965
    0.05929356
    0.03698216
    0.05154026
    0.15577177
