           1           2   1.0427866779647006     
           2           3  0.94921701211411413     
           3           4  0.93109941638696259     
           4           5   1.3749400335689750     
           5           6   1.3924526251252234     
           6           7   1.1054655647513809     
           7           8  0.97730404350575573     
           6           9   1.2162891289159887     
           9          10   1.1118864138192122     
          10          11  0.97537127262509682     
           9          12   1.3811652241265449     
           4          13   1.3979445246631244     
          12          13   1.4120114671116870     
           3          14   1.0694900217714702     
          14          15   1.0887079687523169     
           2          16  0.92084406217697745     
          15          16  0.97151565266812479     
          16          17   1.0171430441835163     
          17          18   1.0165037693656942     
          18          19  0.95438105434325471     
          19          20   1.0174849082838020     
          20          21   1.3957224789237954     
          21          22   1.4207400145865683     
          22          23   1.3768870631739634     
          23          24   1.1154093373338612     
          24          25  0.97518146159545427     
          23          26   1.2087522509854607     
          26          27   1.1094997166848306     
          27          28  0.97726477753322094     
          20          29   1.3764448665507207     
          26          29   1.3938560947864820     
          17          30   1.0169299095423463     
           3          31  0.91070294476890579     
          31          32   1.0118585516198899     
          31          33   1.0036772094183368     
           5          34  0.95698874052707938     
           8          35  0.97283749097474037     
           8          36  0.97622338000596087     
           8          37  0.97241324583842015     
          11          38  0.97204647903899011     
          11          39  0.97653258069432536     
          11          40  0.97234265466419245     
          12          41  0.96215467986674508     
          13          42  0.95764829931747164     
          14          43  0.96710625986950238     
           1          44  0.95260518614289014     
          15          45  0.92789832452363452     
          15          46  0.92841806481507827     
           2          47  0.95562486686742487     
          16          48  0.96301801111790941     
          18          49  0.96653661154955328     
          18          50  0.96825739936659350     
          19          51  0.97397219686277503     
          19          52  0.96571757257867985     
          21          53  0.96723126751797306     
          22          54  0.96255395564207324     
          25          55  0.97142933646192708     
          25          56  0.97139749068611536     
          25          57  0.97639211479094545     
          28          58  0.97643996931346033     
          28          59  0.97249998669388427     
          28          60  0.97191611800176725     
          29          61  0.96162926644746383     
          30          62  0.96077213167278686     
          30          63  0.96958991339372591     
          30          64  0.97443077881351936     
          31          65  0.96220999354640613     
          32          66  0.97600650020317925     
          32          67  0.97880649780643836     
          32          68  0.97704230431543904     
          33          69  0.97785886818531520     
          33          70  0.97727583343765456     
          33          71  0.98224353527824659     
           1          72  0.95926814112129977     
