           1           2  0.99008087072127871     
           2           3   1.3879862958321052     
           3           4   1.2574811781019573     
           4           5   1.2024966219261555     
           2           6   1.1333607092140567     
           5           6   1.2816067988665532     
           6           7   1.2413178902027768     
           7           9   1.3483794087519421     
           8          10   1.0590292450417942     
           9          10  0.93220498058153001     
           9          11   1.0768427140492549     
           9          12  0.11604446016810077     
          11          12   1.7118338409750837     
           5          13   1.2293047226962510     
          11          13   1.0507770066699622     
          12          13  0.13313583401545614     
          13          14  0.97402277821009531     
           1          15  0.95479916378875751     
           1          16  0.96777208072402199     
           1          17  0.96773848502147353     
           3          18  0.95427512765117106     
          10          19  0.92943530805199037     
           8          20  0.84070297988109277     
          10          21  0.94444807900397221     
          14          22  0.96955499198976369     
          14          23  0.97039368092489497     
          14          24  0.96470543106536366     
           4          25  0.91939170431235007     
