   -0.19558041
    0.09116119
    0.02027003
    0.00567754
   -0.07607477
    0.13093997
   -0.23171950
    0.02837549
    0.12744299
   -0.23300971
    0.02884112
   -0.07757694
   -0.05607726
   -0.05082886
   -0.11175739
   -0.07157972
    0.03597729
   -0.02118301
   -0.06879664
   -0.00154330
   -0.05035890
   -0.06855703
    0.13164824
   -0.22657356
    0.02652067
    0.13158411
   -0.22888441
    0.02835740
   -0.08016131
   -0.07239410
   -0.00486592
   -0.11057026
   -0.11403552
    0.05534660
    0.05026347
    0.08000465
    0.04928303
    0.05069245
    0.08012309
    0.04268362
    0.04507599
    0.02979771
    0.06963989
    0.06187581
    0.03487378
    0.03589448
    0.07590003
    0.07622371
    0.06785134
    0.07117064
    0.05614996
    0.05184024
    0.04336618
    0.05579867
    0.05168813
    0.05364442
    0.07998224
    0.07965280
    0.04695104
    0.05078834
    0.04597177
    0.07993372
    0.08128972
    0.07423811
    0.04940390
    0.04091171
    0.04329758
    0.05515165
    0.03979890
    0.04790330
    0.05722372
    0.20364609
