   -0.30041377
    0.09478704
    0.00970581
   -0.01599576
   -0.08116478
    0.12951932
   -0.24348716
    0.02861875
    0.14339930
   -0.19693940
    0.02285268
   -0.07130122
   -0.11013165
   -0.06373753
   -0.07251058
    0.00476621
    0.03042849
   -0.01790540
   -0.06963904
   -0.00057664
   -0.04959397
   -0.06790360
    0.13257038
   -0.22418332
    0.02582288
    0.13263243
   -0.22627352
    0.02734611
   -0.07889669
   -0.09673174
   -0.01398003
   -0.11560850
   -0.11035498
    0.05839202
    0.05001451
    0.08043688
    0.04607981
    0.06202994
    0.08634584
    0.05839819
    0.04712978
    0.13112009
    0.05424416
    0.05286783
    0.07543296
    0.07510381
    0.01284295
    0.06435625
    0.07014176
    0.06580489
    0.05451395
    0.05518552
    0.04160181
    0.05668159
    0.05341310
    0.05409010
    0.08112596
    0.08077328
    0.04958193
    0.05131515
    0.04827567
    0.06919142
    0.12054176
    0.07654701
    0.04054357
    0.04680871
    0.04285809
    0.05444957
    0.04318969
    0.03502454
    0.05129494
    0.14713086
