           1           2   1.9173611009980644     
           2           3   1.0018309377407848     
           3           4  0.92834570605568933     
           4           5   1.0162629761972279     
           5           6   1.5779199750124269     
           5           7  0.10471075929450104     
           6           7   1.0810379847601947     
           7           8  0.97887829193858844     
           6           9   1.1368904476891135     
           9          10   1.1595500960063836     
          10          11  0.96902250624384467     
           9          12   1.2644318450446816     
           4          13   1.0573918889619465     
          12          13   1.5717568670388213     
           3          14  0.97639282926231097     
          14          15  0.97419132405854980     
          15          16   1.0571126027310811     
          16          17   1.4318124640675620     
          17          18  0.98683129131119118     
          18          19  0.96770085927183125     
          19          20   1.0081815677149308     
          20          21   1.4081059646237166     
          21          22   1.4184731339427894     
          22          23   1.3835542259042635     
          23          24   1.1068854794795553     
          24          25  0.97669683470908653     
          23          26   1.2236249424973500     
          26          27   1.1019070914051310     
          27          28  0.97869049855971102     
          20          29   1.3826045463632348     
          26          29   1.3934073521119634     
          17          30   1.0091567753578239     
           3          31  0.93605015488133381     
          31          32   1.0101863977972430     
          31          33   1.0072096099951746     
           5          34  0.95106180048355615     
           8          35  0.97427959444974377     
           8          36  0.97680132755930660     
           8          37  0.97458571948306338     
          11          38  0.97235066003589998     
          11          39  0.97629803754579025     
          11          40  0.97151448093852089     
          12          41  0.95290499683743790     
           4          42  0.85207726833784458     
          14          43  0.97048932114695352     
          14          44  0.96557508303492101     
          15          45  0.94684023860256350     
          15          46  0.93710082123598704     
           2          47  0.92999739668644998     
          16          48  0.95880371344637449     
          18          49  0.96439526996858427     
          18          50  0.96739604973695070     
          19          51  0.96757618814496249     
          19          52  0.97331611929182837     
          21          53  0.96837974732219090     
          22          54  0.96341354291907866     
          25          55  0.97284434894835070     
          25          56  0.97313862171748067     
          25          57  0.97693082604320070     
          28          58  0.97688031562974964     
          28          59  0.97339123893960844     
          28          60  0.97353343406083137     
          29          61  0.96181914011093794     
          30          62  0.96023221362576416     
          13          63  0.12048980808625900     
          30          63  0.83598617290627097     
          30          64  0.97575613998544930     
          31          65  0.96096698146289539     
          32          66  0.98225527469223595     
          32          67  0.98114908336519180     
          32          68  0.98049339987071926     
          33          69  0.98392930039198134     
          33          70  0.97876406949883510     
          33          71  0.98309887083531544     
           1          72  0.94763393800070683     
