   -0.26207973
    0.10120244
    0.00667263
    0.00338884
   -0.07931202
    0.13091913
   -0.22627489
    0.02629629
    0.12975741
   -0.22492440
    0.02579517
   -0.07434420
   -0.05325411
   -0.06577661
   -0.06975495
    0.01110521
    0.01450004
   -0.01740345
   -0.06894982
    0.00354702
   -0.03487554
   -0.07604226
    0.14671507
   -0.20691727
    0.02347569
    0.13456457
   -0.21794123
    0.02583088
   -0.08378679
   -0.07207022
   -0.00736573
   -0.11962375
   -0.11865339
    0.05370640
    0.05549158
    0.08312358
    0.04931367
    0.05670591
    0.08302335
    0.04926862
    0.05322773
    0.03897000
    0.06185705
    0.05588278
    0.06682744
    0.08374947
    0.00954156
    0.07460728
    0.06861578
    0.07139877
    0.06086464
    0.05833350
    0.07160683
   -0.12052866
    0.06464241
    0.06554475
    0.08269318
    0.08546875
    0.05114668
    0.05502703
    0.05268741
    0.07824432
    0.08074955
    0.08116679
    0.03910733
    0.07120749
    0.03626901
    0.05298487
    0.05977932
    0.03607019
    0.05652125
    0.16068235
