           1           2   1.9606945831430000     
           2           3  0.99448656546367131     
           3           4  0.96831189992928624     
           4           5   1.3694441245542150     
           5           6   1.3989794410332783     
           6           7   1.1043899886930635     
           7           8  0.97664679995064085     
           6           9   1.2173992054756795     
           9          10   1.1062660836172273     
          10          11  0.97652148049279863     
           9          12   1.3897347029128331     
           4          13   1.4108235820948947     
          12          13   1.4038629703600141     
           3          14  0.95801304545419641     
          14          15  0.98111914268489164     
          15          16   1.0595468317039585     
          16          17   1.4121467774990721     
          17          18  0.98758067429630370     
          18          19  0.96628087823260334     
          19          20   1.0033483918042716     
          20          21   1.3311994829156859     
          21          22   1.4749221813705575     
          22          23   1.3797381086276028     
          23          24   1.1256253417123523     
          24          25  0.96785562939085579     
          23          26   1.1708931213350611     
          26          27   1.1088445382761443     
          27          28  0.97306998572791759     
          20          29   1.3953763702976776     
          26          29   1.3860189670353955     
          17          30  0.99726725283627227     
           3          31  0.94040933883043187     
          31          32   1.0081540156092146     
          31          33   1.0090506435178535     
           5          34  0.95727952906100189     
           8          35  0.97310451301056444     
           8          36  0.97630319612839134     
           8          37  0.97287686493672065     
          11          38  0.97285398764020892     
          11          39  0.97657458100391370     
          11          40  0.97318090221659359     
          12          41  0.96353800529787326     
          13          42  0.96238554011491728     
          14          43  0.96857060241927151     
          14          44  0.97185470263724216     
          15          45  0.96157850773780995     
          15          46  0.92573902227314731     
           2          47  0.89123043556782366     
          16          48  0.95596460568767938     
          18          49  0.96290084605853921     
          18          50  0.96734976778399828     
          19          51  0.97048191766888814     
          19          52  0.96940575483821811     
          21          53  0.94699433789529763     
          25          55  0.96967684369494822     
          25          56  0.97002558246606663     
          25          57  0.97789950267709691     
          28          58  0.97575199909858390     
          28          59  0.97290931092168587     
          28          60  0.97286179065366218     
          29          61  0.95733008334114456     
          30          62  0.96610102862600788     
          30          63  0.96011826835122738     
          30          64  0.97729836935976944     
          31          65  0.95856236044458032     
          32          66  0.97202876791810655     
          32          67  0.98124770509120451     
          32          68  0.98047538847412885     
          33          69  0.97640530508473722     
          33          70  0.98237711389392557     
          33          71  0.97938020648854074     
           1          72  0.93984479481240168     
