           1           2  0.99283393233540507     
           2           3   1.4182482046154559     
           2           4  0.10783226651716030     
           3           4   1.3116786779975682     
           4           5   1.0454123528118451     
           2           6   1.0894556954667534     
           5           6   1.1400000872156444     
           6           7   1.2770710729530685     
           6           8  0.11306648118253461     
           7           8   1.7297735687346436     
           7           9  0.71383886817121567     
           9          10  0.92925850994592196     
           9          11   1.5941204119440129     
           9          12  0.23800182142388440     
          11          12   2.0763277752068081     
           5          13   1.6283361326973509     
          13          14   1.0382977615906017     
           1          15  0.95884035806890910     
           1          16  0.97450026999377648     
           1          17  0.95665007971318217     
           3          18  0.95101489741919187     
          10          19  0.96173940253789525     
          10          20  0.96659241913907734     
          10          21  0.97583687386847329     
          14          22  0.94719852407398841     
          14          23  0.96347025906415296     
          14          24  0.96225799061573436     
           4          25  0.92430634405475465     
