   -0.28644778
    0.07384606
    0.01046824
   -0.03904106
   -0.06692793
    0.13524365
   -0.22031824
    0.02542495
    0.13554602
   -0.21993624
    0.02503400
   -0.06591125
   -0.03688699
   -0.06293316
   -0.06761395
    0.00943343
   -0.03925825
   -0.00851131
   -0.07133050
    0.00736750
   -0.04448534
   -0.06542002
    0.13546505
   -0.21539043
    0.02335638
    0.13521615
   -0.21891898
    0.02565675
   -0.07692728
   -0.05857557
   -0.00412089
   -0.11043027
   -0.11281037
    0.05278924
    0.05761071
    0.08283546
    0.05272788
    0.05834746
    0.08287901
    0.05373418
    0.05594454
    0.04800170
    0.06894851
    0.06907726
    0.05009163
    0.04548709
    0.01529676
    0.05221750
    0.05694439
    0.06114265
    0.05501330
    0.05500992
    0.05178779
    0.06106276
    0.05772407
    0.05873057
    0.08446207
    0.08357957
    0.05208259
    0.05547950
    0.05131145
    0.06109297
    0.06453570
    0.06663304
    0.04368623
    0.07061835
    0.03652541
    0.05646200
    0.07337928
    0.04052122
    0.05635571
    0.15000816
