           1           2   1.6149291608905547     
           2           3   1.3272383992882557     
           4           5   1.4171213549534869     
           5           6   1.3794055571270392     
           6           7   1.1100703989486658     
           7           8  0.97664391457682798     
           6           9   1.2144132489643562     
           9          10   1.1108728897205931     
          10          11  0.97632184132039967     
           9          12   1.3790778878700616     
           4          13   1.4230609747743876     
          12          13   1.4180641474630065     
           3          14   1.0223295147782936     
          14          15   1.0261158723110215     
          15          16   1.6651649688670609     
          16          17   1.2161074005332080     
          17          18   1.0056120680855933     
          18          19  0.96032481555201787     
          19          20   1.0144114631874046     
          20          21   1.3945523354997018     
          21          22   1.4230954037432539     
          22          23   1.3747756676525937     
          23          24   1.1172181602749705     
          24          25  0.97464623016976426     
          23          26   1.2093838648675568     
          26          27   1.1101820461531613     
          27          28  0.97726494810722653     
          20          29   1.3811124327496946     
          26          29   1.3904487302823756     
          17          30   1.0071493415459909     
           3          31   1.0296682287521775     
          31          32  0.97019790203764111     
          31          33  0.97347757269936330     
           5          34  0.96346802001219378     
           8          35  0.97173800138092015     
           8          36  0.97650962786129447     
           8          37  0.97184853082961675     
          11          38  0.97142472711535877     
          11          39  0.97650118121963247     
          11          40  0.97173411646096708     
          12          41  0.96305055551166574     
          13          42  0.96698984882270844     
          14          43  0.94183912000601688     
          14          44  0.92879122094647526     
           4          45  0.96304009822837400     
          15          46  0.96136277298520123     
           2          47  0.91994623579606283     
          16          48  0.95459862268050777     
          18          49  0.96508047057511559     
          18          50  0.96814984259298531     
          19          51  0.97238772614680746     
          19          52  0.96941828582524536     
          21          53  0.96707106163866585     
          22          54  0.96239380323569890     
          25          55  0.97120059290055516     
          25          56  0.97128535624282830     
          25          57  0.97631459679315458     
          28          58  0.97634864926507325     
          28          59  0.97220882833842936     
          28          60  0.97196789251372473     
          29          61  0.96182298177651226     
          30          62  0.96749077454211596     
          30          63  0.97088631683093052     
          30          64  0.97963903082306336     
          31          65  0.95955488127828126     
          32          66  0.97475508525352039     
          32          67  0.98410213903932930     
          32          68  0.97836817342781213     
          33          69  0.97075666060755061     
          33          70  0.98473389921608168     
          33          71  0.97830916443712568     
           1          72  0.94529864353492343     
