   -0.27096146
    0.10138216
    0.00627006
    0.00044036
   -0.08063148
    0.12847569
   -0.23149907
    0.02809239
    0.12790536
   -0.22989083
    0.02730867
   -0.07449161
   -0.05269426
   -0.06372646
   -0.06975271
    0.00743083
    0.01135916
   -0.01477843
   -0.06726970
    0.02068960
   -0.03843455
   -0.05185800
    0.11735742
   -0.26368019
    0.03219578
    0.04062618
   -0.13390330
    0.00998794
   -0.11886657
   -0.07003788
   -0.00732385
   -0.11735961
   -0.12013782
    0.05094561
    0.05332939
    0.08075620
    0.04635784
    0.05456889
    0.08066244
    0.04795403
    0.05153007
    0.03872663
    0.06120480
    0.05459861
    0.06726435
    0.07895349
    0.00335793
    0.06904117
    0.06936552
    0.06357606
    0.05257911
    0.05842185
    0.04410204
    0.06705962
    0.05206297
    0.04906353
    0.07402339
    0.08682098
    0.06264213
    0.08152018
    0.08223785
    0.07771081
    0.07735965
    0.08388464
    0.03658100
    0.06561405
    0.03454216
    0.05077658
    0.06424334
    0.03497820
    0.05421254
    0.15514651
