           1           2  0.99767397832815397     
           2           3   1.3587190668217584     
           3           4   1.2912719918060735     
           4           5   1.1947443481014832     
           2           6   1.1734030721138951     
           5           6   1.3194896210790426     
           6           7   1.0695981002670041     
           7           8   1.6829300063714037     
           7           9   1.0969047001093457     
           8           9  0.12993871843054877     
           9          10  0.97584582249394580     
           9          11   1.1176592185715999     
           9          12  0.12333544902017675     
          11          12   1.6943754043170491     
           5          13   1.2106113724080920     
          11          13   1.0493212036971487     
          12          13  0.10938121195765296     
          13          14  0.97798697946768598     
           1          15  0.94680231496152945     
           1          16  0.95539601331561541     
           1          17  0.95857702437962666     
          10          19  0.96079122519566618     
          10          20  0.94818064533844204     
          10          21  0.94853987614097590     
          14          22  0.96152298003403647     
          14          23  0.96122469254173426     
          14          24  0.96215863323566864     
           4          25  0.92348314134583154     
