   -0.26239306
    0.10149412
    0.00660033
    0.00329471
   -0.07950785
    0.13076426
   -0.22657781
    0.02636557
    0.12966500
   -0.22514925
    0.02583770
   -0.07438138
   -0.05322277
   -0.06565730
   -0.06969273
    0.01055639
    0.01451834
   -0.01738925
   -0.06887276
    0.00315698
   -0.03526238
   -0.07513191
    0.14696080
   -0.20600732
    0.02339861
    0.13451401
   -0.21822655
    0.02603450
   -0.08367480
   -0.07202057
   -0.00738831
   -0.11942954
   -0.11872898
    0.05373190
    0.05535313
    0.08302095
    0.04919367
    0.05663519
    0.08296629
    0.04924892
    0.05318591
    0.03900475
    0.06175102
    0.05552193
    0.06693373
    0.08347722
    0.00852257
    0.07388441
    0.06861742
    0.07101089
    0.06029359
    0.05837347
    0.06802809
   -0.11288197
    0.06547043
    0.06627995
    0.08267415
    0.08532495
    0.05091888
    0.05493636
    0.05235531
    0.07825301
    0.08074395
    0.08101956
    0.03889279
    0.07090535
    0.03616447
    0.05286353
    0.06012841
    0.03593191
    0.05635058
    0.16046656
