           1           2   1.9608683799113671     
           2           3  0.99450275299090329     
           3           4  0.96849133827574108     
           4           5   1.3690241551532467     
           5           6   1.3993361545301917     
           6           7   1.1039293602814051     
           7           8  0.97673419388470317     
           6           9   1.2176989256982063     
           9          10   1.1060487368889276     
          10          11  0.97651811019569479     
           9          12   1.3898898190287379     
           4          13   1.4111961359577767     
          12          13   1.4035831765229909     
           3          14  0.95773995599403028     
          14          15  0.98146005098842060     
          15          16   1.0596000274152035     
          16          17   1.4119794792657652     
          17          18  0.98764879767343294     
          18          19  0.96625703915058470     
          19          20   1.0033398888647636     
          20          21   1.3307481674803947     
          21          22   1.4774311785357805     
          22          23   1.3739193626212307     
          23          24   1.1279287356171845     
          24          25  0.96753063608740286     
          23          26   1.1739818550289052     
          26          27   1.1082613725467956     
          27          28  0.97334727576229174     
          20          29   1.3966281343979916     
          26          29   1.3847296595239356     
          17          30  0.99737292229568308     
           3          31  0.94068713887356592     
          31          32   1.0081791685570496     
          31          33   1.0090068424783905     
           5          34  0.95726606085314714     
           8          35  0.97316398923076852     
           8          36  0.97631482300665495     
           8          37  0.97287436627491153     
          11          38  0.97289718900906119     
          11          39  0.97658211733583489     
          11          40  0.97318589402278188     
          12          41  0.96356239468418292     
          13          42  0.96246232463301484     
          14          43  0.96860984460471533     
          14          44  0.97191831253717520     
          15          45  0.96135672049076792     
          15          46  0.92554999171974695     
           2          47  0.89300655212960756     
          16          48  0.95609984707718298     
          18          49  0.96297233146675965     
          18          50  0.96736745927801338     
          19          51  0.97061004890553193     
          19          52  0.96957216701575832     
          21          53  0.95146661108199770     
          25          55  0.96930938320482718     
          25          56  0.96975019789420469     
          25          57  0.97781981558089937     
          28          58  0.97572178875372761     
          28          59  0.97288865257747670     
          28          60  0.97281480587276603     
          29          61  0.95760127035397202     
          30          62  0.96607160417902449     
          30          63  0.96013297498473671     
          30          64  0.97732650269704713     
          31          65  0.95855533831827677     
          32          66  0.97237197686170429     
          32          67  0.98124703990841156     
          32          68  0.98054476925262468     
          33          69  0.97631764854390102     
          33          70  0.98242427785753650     
          33          71  0.97944285737821535     
           1          72  0.93997765029916069     
