           1           2   1.9593178808350806     
           2           3  0.99380067739970246     
           3           4  0.96995539744960402     
           4           5   1.3682800437253431     
           5           6   1.3998849932723063     
           6           7   1.1022106612821845     
           7           8  0.97712502193088735     
           6           9   1.2190575953146472     
           9          10   1.1045280782983449     
          10          11  0.97688108179335331     
           9          12   1.3903831834935416     
           4          13   1.4121052019677316     
          12          13   1.4033325822524956     
           3          14  0.95701359400351738     
          14          15  0.97980577842716787     
          15          16   1.0609917209783311     
          16          17   1.4151747024412591     
          17          18  0.98810341599606932     
          18          19  0.96222316463314395     
          19          20   1.0127817533321835     
          20          21   1.3175884791321011     
          21          22   1.5403615562072184     
          22          23   1.1500496930484854     
          23          24   1.5910090111110713     
          23          26   1.0465418268409437     
          26          27   1.1446688581848150     
          27          28  0.97469265077485967     
          20          29   1.3777014482109158     
          26          29   1.4049051585665995     
          17          30  0.99723449637921990     
           3          31  0.94157548927355739     
          31          32   1.0081615899143495     
          31          33   1.0088663041172430     
           5          34  0.95774447043110977     
           8          35  0.97326645590323291     
           8          36  0.97641270765601118     
           8          37  0.97307951810981175     
          11          38  0.97286920758456141     
          11          39  0.97667847495273497     
          11          40  0.97342259911129070     
          12          41  0.96351816144611058     
          13          42  0.96235638638911469     
          14          43  0.96833170624934317     
          14          44  0.97215893576511148     
          15          45  0.96098801753921381     
          15          46  0.92643145434245322     
           2          47  0.90073718936612523     
          16          48  0.95628594547925172     
          18          49  0.96302939443160418     
          18          50  0.96749721852555304     
          19          51  0.96992379582366284     
          19          52  0.97163066758426786     
          21          53  0.96290455384949358     
          22          54  0.96306669101277120     
          25          55  0.98980370562752595     
          25          56  0.98963747377989497     
          25          57  0.98832646143260283     
          28          58  0.97609396042676377     
          28          59  0.97080981391682419     
          28          60  0.97055504253072655     
          29          61  0.95835096790570073     
          30          62  0.96578775023110663     
          30          63  0.96047587266160384     
          30          64  0.97735865690456580     
          31          65  0.95908766682764135     
          32          66  0.97305787530762711     
          32          67  0.98139140900568667     
          32          68  0.98076939648514783     
          33          69  0.97553609105442007     
          33          70  0.98252995033653101     
          33          71  0.97961696588779068     
           1          72  0.94059361980973533     
