           1           2   1.9470523755442342     
           2           3  0.98950048877522578     
           3           4  0.98718346358272235     
           4           5   1.3250408491906311     
           5           6   1.3990985576375581     
           6           7   1.1018896077075973     
           7           8  0.97605909617028974     
           6           9   1.2153876362084770     
           9          10   1.1122686385952065     
          10          11  0.97320865905595122     
           9          12   1.3266155413148308     
           4          13   1.4104421539267866     
          12          13   1.4543579311087342     
           3          14  0.95641272931310084     
          14          15   1.0073479611315386     
          15          16  0.99260812030130396     
          16          17   1.0084070209582026     
          17          18   1.0102396527642425     
          18          19  0.96845724137694589     
          19          20   1.0153258919561374     
          20          21   1.3852039289783900     
          21          22   1.4282426313798589     
          22          23   1.3694122259868786     
          23          24   1.1206935041690584     
          24          25  0.97409755693499056     
          23          26   1.2052788582828795     
          26          27   1.1146382389313410     
          27          28  0.97618423455330716     
          20          29   1.3861429590273033     
          26          29   1.3847462657174450     
          17          30   1.0182445382592462     
           3          31  0.91751184509349748     
          31          32   1.0072914084294078     
          31          33   1.0115225446312188     
           5          34  0.94657275848146483     
           8          35  0.97234290925512523     
           8          36  0.97606601369606460     
           8          37  0.97180843578171638     
          11          38  0.97185297121594183     
          11          39  0.97556705345412398     
          11          40  0.97164185580512508     
          12          41  0.94850073587347850     
           2          42  0.89616264746252683     
          14          43  0.96941856553000694     
          14          44  0.96594366794429432     
          15          45  0.96889340770192867     
          15          46  0.97080953549188687     
          16          47  0.93769121755845508     
          16          48  0.96742602037939607     
          18          49  0.95428545602489212     
          18          50  0.96932024707129194     
          19          51  0.96879603544056836     
          19          52  0.96591506248201764     
          21          53  0.96647134080138652     
          22          54  0.96190801745271171     
          25          55  0.97069527412269241     
          25          56  0.97031580065613610     
          25          57  0.97605317194483676     
          28          58  0.97614754967639938     
          28          59  0.97155759470515690     
          28          60  0.97140399620740225     
          29          61  0.96128896843684952     
          30          62  0.97034054783106982     
          30          63  0.96305657810584422     
          30          64  0.97752795050229646     
          31          65  0.95534870591692389     
          32          66  0.98176158413095627     
          32          67  0.98179960194678950     
          32          68  0.98228613799976450     
          33          69  0.97166594068586587     
          33          70  0.98180484435286464     
          33          71  0.97745415526486279     
           1          72  0.93689169775337522     
