           1           2  0.99032433834823486     
           2           3   1.1882552577781453     
           2           4  0.13724433915680107     
           3           4   1.7753037615077747     
           2           6   1.0028338083336195     
           5           6   1.3762785885618474     
           6           7   1.1737502866674314     
           6           8  0.10164063014528356     
           7           8   1.7846217690955708     
           7           9  0.75175096086869198     
           9          10  0.92239868038386996     
           9          11   1.5594218319220716     
           9          12  0.21956868157804016     
          11          12   2.0227140228938914     
           5          13   2.2287094539837282     
           6          13  0.11103847729159347     
          13          14   1.0420037552398405     
           1          15  0.95497019532722016     
           1          16  0.96984811418993078     
           1          17  0.97319639381287648     
           3          18  0.92842388723414526     
          10          19  0.96678532878102375     
          10          20  0.96329366131149485     
          10          21  0.97535663618053214     
          14          22  0.94684109677220785     
          14          23  0.93081815904147369     
          14          24  0.94063517612956205     
           4          25  0.92981637718964516     
