           1           2  0.98210021906456357     
           2           3   1.3660705106919713     
           3           4   1.3293107610001877     
           4           5   1.0665193267873663     
           2           6   1.2128248712479472     
           5           6   1.2068928044890730     
           6           7   1.0327862514559740     
           7           8   1.5165771098311600     
           7           9   1.3027771684171934     
           8           9  0.11093090388693377     
           9          10   1.1175105844534159     
          11          12   2.6096845803026083     
           5          13   1.5320485652902665     
          13          14   1.0645713992071690     
           1          15  0.95533250392933033     
           1          16  0.96299512753766758     
           1          17  0.94104416754894527     
           3          18  0.95090660184693443     
          10          19  0.90142127473538269     
          10          20  0.89671272385625789     
          10          21  0.90033404230977943     
          14          22  0.93031748110958556     
          14          23  0.92867295986931864     
          14          24  0.94908505324585224     
           4          25  0.92272740675145848     
