           2           3   1.5516098810362300     
           3           4   1.2071124197745569     
           4           5   1.2219712969200334     
           2           6   1.2595125970415912     
           5           6   1.2745369969429117     
           6           7   1.0757639185154990     
           7           8   1.6586161204236998     
           7           9   1.0853777868009824     
           8           9  0.11750412263729207     
           9          10  0.97899892643656106     
           9          11   1.1192975449728269     
           9          12  0.11705578744078823     
          11          12   1.6652561005944611     
           5          13   1.1969256317995014     
          11          13   1.0640695920526997     
          12          13  0.10727153209031132     
          13          14  0.97790952922343732     
           1          15  0.97012119760788118     
           1          16  0.97022111962418778     
           1          17  0.95444654765735748     
           3          18  0.95257244242141748     
          10          19  0.95481203823741212     
          10          20  0.94602418961112300     
          10          21  0.94434761456663852     
          14          22  0.95902664348565447     
          14          23  0.96005955870348791     
          14          24  0.95745051530228642     
           4          25  0.92355792065176590     
