           1           2  0.98836831302980710     
           2           3   1.3777212584991734     
           3           4   1.2657342980423594     
           4           5   1.1676903499030951     
           2           6   1.1213183252715513     
           5           6   1.2644714143838163     
           6           7   1.1753865585580066     
           7           8   1.6718280135956514     
           7           9  0.91695730829145572     
           8           9  0.10309967423794768     
           9          10   1.3252022741042011     
           9          11   1.2004102770101985     
          10          11  0.19817801002157268     
          11          12   1.1015556122908798     
           5          13   1.2103853471670436     
          11          13   1.1505326911177067     
          13          14  0.97234594400577978     
           1          15  0.95769332594320422     
           1          16  0.96643948557424530     
           1          17  0.96193021221192576     
           3          18  0.95454418399480589     
          10          19  0.96396296938361847     
          10          20  0.96185634785424534     
          12          21  0.83102122923741428     
          14          22  0.97131937455166284     
          14          23  0.96970284561055098     
          14          24  0.96759102405345920     
           4          25  0.92326587049885200     
