           1           2  0.97003738652728844     
           1           3  0.96693409734222746     
           2           3  0.96731873147343128     
           4           5   1.6269296431299245     
           2           6   1.3837782178205313     
           5           6   1.0897402046123719     
           6           7   1.0461340029312245     
           7           8   1.6412410475850185     
           7           9   1.1136006584319751     
           8           9  0.11925654136696723     
           9          10  0.97946375383955764     
           9          11   1.0971029646800756     
           9          12  0.10215750053044911     
          11          12   1.6579028875823234     
           5          13   1.1050042576079215     
          11          13   1.0972434508431168     
          12          13  0.10772803403083711     
          13          14  0.98212398952054625     
           1          15  0.93789358613950269     
           1          16  0.93898344188755378     
           3          17  0.94045780491277731     
           3          18  0.93890621313712752     
          10          19  0.95166368359145337     
          10          20  0.93909991108424240     
          10          21  0.93952605795905719     
          14          22  0.95173817317090403     
          14          23  0.95188427571656131     
          14          24  0.95180787499147324     
           4          25  0.91864206999838127     
