   -0.07782402
    0.00540384
    0.01082584
   -0.00157349
   -0.07539388
    0.10577190
   -0.33796115
    0.03862746
    0.12095239
   -0.24198838
    0.02858260
   -0.07575641
   -0.06498215
   -0.06786005
   -0.07504410
   -0.00328018
    0.01425551
   -0.01655160
   -0.06994339
   -0.00341713
   -0.05224800
   -0.06998585
    0.12980736
   -0.23157837
    0.02812575
    0.12994028
   -0.23332258
    0.02973933
   -0.08083472
   -0.07644204
   -0.02372053
   -0.01133130
   -0.11824924
    0.04369878
    0.04408865
    0.05749802
    0.03804074
    0.05348029
    0.07667480
    0.05090177
    0.03941769
    0.02079002
    0.06452516
    0.05262555
    0.08656677
    0.07803981
    0.05413834
    0.05838069
    0.06418911
    0.06163031
    0.05243987
    0.05429957
    0.03923979
    0.05275754
    0.04894103
    0.05156980
    0.07787278
    0.07759590
    0.04474003
    0.04917450
    0.04434862
    0.07596557
    0.10104767
    0.07272818
    0.05957425
    0.06457903
    0.04721771
    0.07185036
    0.04578701
    0.05479591
    0.05529233
    0.18075234
