           1           2   1.3668924875533548     
           2           3   1.0296900872852415     
           3           4  0.93971382227675160     
           4           5   1.5702361066021255     
           5           6   1.0163946890031470     
           6           7  0.90694382475668778     
           7           8  0.99285709297129010     
           6           9  0.98568412828541507     
           9          10   1.1043733302530676     
          10          11  0.97338204906394254     
           9          12   1.4973867922851536     
           4          13   1.2996886406342261     
          12          13   1.3271362436437153     
           3          14  0.96832123077683008     
          14          15  0.98170155805509196     
          15          16   1.0627320812111174     
          16          17   1.3966427407040471     
          17          18  0.99119218337022341     
          18          19  0.96534870264468253     
          19          20   1.0083247825587998     
          20          21   1.4182055107229610     
          21          22   1.4113308055794285     
          22          23   1.3921013882915574     
          23          24   1.0973848494265865     
          24          25  0.97885469606311182     
          23          26   1.2305594207943658     
          26          27   1.0926639458338736     
          27          28  0.98096989690697323     
          20          29   1.3761725726648910     
          26          29   1.4018375146829178     
          17          30  0.99855607894502130     
           3          31  0.94470308227161071     
           1          32  0.99492899016818404     
          31          32  0.98920695434454398     
          31          33   1.0123118663050907     
           5          34  0.96604441135301977     
           8          35  0.97566628519666510     
           8          36  0.97525345271737329     
           8          37  0.97605119360884030     
          11          38  0.97427384642996218     
          11          39  0.97813903494197763     
          11          40  0.97404917153655302     
          12          41  0.96169228708393906     
          13          42  0.96552756266391015     
          14          43  0.96748000623288988     
          14          44  0.97442501761605749     
          15          45  0.95380926574412583     
          15          46  0.92863819009462878     
           2          47  0.96299913832536022     
          16          48  0.95823309579486393     
          18          49  0.96511387485213285     
          18          50  0.96834160627057730     
          19          51  0.97205741111989186     
          19          52  0.97294270631260582     
          21          53  0.96868291667793793     
          22          54  0.96392485903490843     
          25          55  0.97405174526597527     
          25          56  0.97403320103284852     
          25          57  0.97748456734281630     
          28          58  0.97740380640541047     
          28          59  0.97445460460150857     
          28          60  0.97430162565766865     
          29          61  0.96303973239400842     
          30          62  0.96278624767146426     
          30          63  0.95664113680734975     
          30          64  0.97777514462902171     
          31          65  0.96672093988739538     
          32          66  0.95541154930398342     
           6          67  0.95094053530938882     
          32          68  0.96606215643975912     
          33          69  0.98562045147801602     
          33          70  0.98123930804439596     
          33          71  0.98106236553926429     
           1          72  0.93901837142972189     
