           1           2   1.3235185367026037     
           1           3  0.17557066582853301     
           2           3   1.1816496542813539     
           3           4   1.1695922989336347     
           3           5  0.13674549602443459     
           4           5   1.2997082815884784     
           2           6   1.0493323454622436     
           5           6   1.1878913890652945     
           6           7   1.4583272135550669     
           1           8   1.1121288019735320     
           7           9   1.2264917716896604     
           9          10  0.97842527628990517     
           9          11   1.0830725595184343     
           9          12  0.12441602375914737     
          11          12   1.7019867475548101     
           5          13   1.1640444624323960     
          11          13   1.0773806691739918     
          12          13  0.13753913709590371     
          13          14  0.97817678181512691     
           1          15  0.95641844761455519     
           8          16  0.86676388005245664     
           7          17  0.94934788919249236     
           3          18  0.96352276775959700     
          10          19  0.97114428856122859     
          10          20  0.96698616334302612     
          10          21  0.96728435309148575     
          14          22  0.97092209365006399     
          14          23  0.97081487333188998     
          14          24  0.96616341353986512     
           4          25  0.92391472845476330     
