           1           2  0.98818438029023281     
           2           3   1.3530304945717735     
           3           4   1.2993730169500526     
           4           5   1.1563319874135016     
           2           6   1.2068233080496349     
           5           6   1.4948861936969635     
           6           7  0.88762983124320760     
           7           8   1.5472638076201410     
           7           9   1.4352646936270377     
           8           9  0.17654014479537564     
           9          10   1.0533179004072701     
          11          12   2.0479038106917553     
           5          13  0.98963667249936749     
          11          13   1.4208165747648840     
          12          13  0.18443456412922460     
          13          14  0.92214397632511047     
           1          15  0.95680700344865421     
           1          16  0.97512089442578853     
           1          17  0.95694656091794172     
           3          18  0.95202126490087047     
          10          19  0.93598868347569497     
          10          20  0.95678103143736704     
          10          21  0.93313464497882581     
          14          22  0.97070525642084127     
          14          23  0.97190212901779038     
          14          24  0.97345867800300301     
           4          25  0.92109730490981367     
