           1           2  0.98430001317926252     
           2           3   1.3940176388413332     
           3           4   1.3061677266844962     
           4           5   1.1875209540211777     
           2           6   1.2040672925753337     
           5           6   1.4371603992003432     
           6           7  0.95999516846246691     
           7           8   1.7416322029859441     
           7           9  0.26787169394726706     
           8           9  0.12373751167027781     
           9          10   1.8714508443994691     
           9          11  0.99304044422459337     
          11          12   1.7534283642590496     
           5          13   1.1299708056929576     
          11          13   1.1150227400177677     
          12          13  0.15586045329678841     
          13          14  0.97317548078973826     
           1          15  0.95501191331561874     
           1          16  0.97119905159490649     
           1          17  0.95762101404642352     
           3          18  0.95167688958729446     
          10          19  0.94312951603975115     
          10          20  0.94440953320025467     
           7          21  0.91159715027755872     
          14          22  0.97494455525078960     
          14          23  0.97128063415967225     
          14          24  0.96589483811644150     
           4          25  0.91629376698726261     
