   -0.23502066
    0.11879151
    0.01632461
    0.00240459
   -0.08084106
    0.12957958
   -0.22918064
    0.02794330
    0.12915482
   -0.22733009
    0.02639618
   -0.07451314
   -0.05404888
   -0.05878251
   -0.06845464
    0.00996017
    0.03041510
   -0.01905835
   -0.07050802
    0.00144132
   -0.04732761
   -0.06627269
    0.13495071
   -0.21783175
    0.02371573
    0.13449449
   -0.22089152
    0.02595732
   -0.07867038
   -0.07384581
   -0.00533695
   -0.10993236
   -0.11329365
    0.05066128
    0.05366112
    0.08184236
    0.04799805
    0.05609976
    0.08217235
    0.04899536
    0.05337422
    0.04706826
    0.05862414
    0.05731717
    0.06767085
    0.08316800
   -0.05068706
    0.07882180
    0.07248536
    0.07903346
    0.05561148
    0.05627519
    0.04761021
    0.06074052
    0.05671126
    0.05732061
    0.08395326
    0.08340837
    0.05080456
    0.05366582
    0.04882240
    0.07904489
    0.08240126
    0.08351095
    0.03853330
    0.05057204
    0.03776547
    0.05231938
    0.04867754
    0.03847887
    0.05592736
    0.04915007
