           1           2  0.98740031467254985     
           2           3   1.3586354045505924     
           3           4   1.2953613874062944     
           4           5   1.1599073382916876     
           2           6   1.1699690754449956     
           5           6   1.2494075014710859     
           6           7   1.0914568056712886     
           7           8   1.6149641040012070     
           7           9   1.1272116113910413     
           8           9  0.12599362909073725     
           9          10  0.99053969404531039     
           9          11   1.0303950717721078     
          11          12   1.6306550369092032     
           5          13   1.3638243171404607     
          11          13   1.1874812196570288     
           1          15  0.95604419685728037     
           1          16  0.95414613639174040     
           1          17  0.95686368134723865     
           3          18  0.95225590383067993     
          10          19  0.95210727870979717     
          10          20  0.94204302131682716     
          10          21  0.94205007679131425     
          14          22  0.97209606386227376     
          14          23  0.97218314820522389     
          14          24  0.96466986886341621     
           4          25  0.91623279807629510     
