           1           2  0.99132278287565012     
           2           3   1.3222923034178007     
           3           4   1.2649457673045743     
           4           5   1.1937715497482464     
           2           6   1.1462249069499166     
           5           6   1.3500227928940771     
           6           7   1.1017990116402245     
           7           8   1.6418394077996157     
           7           9   1.0156939704862509     
           8           9  0.10386180487760446     
           9          10  0.98277843026148126     
           9          11   1.4088519247628002     
           5          13   1.1145513865036123     
          11          13   1.1487978214315766     
          12          14  0.36596922526083397     
          13          14   1.2029005846113521     
           1          15  0.96168427062285544     
           1          16  0.95969107367532636     
           1          17  0.96223409705443508     
           3          18  0.95632137528780115     
          10          19  0.95848254243823239     
          10          20  0.97311304328210158     
          10          21  0.95953999184325234     
          12          22  0.87829775716080083     
          14          23  0.94857712068252875     
          12          24  0.87335628023055101     
           4          25  0.91618058717485062     
