           1           2   1.9615316880812208     
           2           3  0.98127269454447708     
           3           4  0.96389399724109570     
           4           5   1.3656916226261351     
           5           6   1.4030683307198371     
           6           7   1.1003417211093109     
           7           8  0.97774173808575271     
           6           9   1.2209724083553335     
           9          10   1.1012218540484295     
          10          11  0.97774946389609996     
           9          12   1.3948990917871382     
           4          13   1.4197777976306512     
          12          13   1.3981187871111873     
           3          14  0.95756235888029639     
          14          15  0.98218956425457338     
          15          16   1.0597301991037920     
          16          17   1.4030435934043779     
          17          18  0.98830618624029898     
          18          19  0.96647064688980444     
          19          20   1.0076172480160417     
          20          21   1.4094465255314024     
          21          22   1.4167700123245086     
          22          23   1.3834440557259573     
          23          24   1.1103053188259138     
          24          25  0.97586952398504567     
          23          26   1.2196563549260726     
          26          27   1.1036180185096078     
          27          28  0.97855843633565365     
          20          29   1.3799227801453455     
          26          29   1.3951366736452830     
          17          30  0.99801339454344906     
           3          31  0.95375800230817043     
          31          32   1.0325496009729791     
          31          33   1.8873977486314102     
           5          34  0.95719853551758571     
           8          35  0.97321962687237384     
           8          36  0.97670406928261333     
           8          37  0.97358811323995975     
          11          38  0.97340272123034222     
          11          39  0.97688348770064104     
          11          40  0.97374191856950543     
          12          41  0.96391496376774066     
          13          42  0.96341145201617273     
          14          43  0.96596936110300402     
          14          44  0.97229525932868632     
          15          45  0.96099814544442608     
          15          46  0.92679876165371111     
           2          47  0.90112861438242386     
          16          48  0.95682352543936766     
          18          49  0.96366106476677116     
          18          50  0.96781505466933804     
          19          51  0.97188002219623915     
          19          52  0.97177231339601888     
          21          53  0.96810556734383635     
          22          54  0.96307787896480168     
          25          55  0.97255171127705053     
          25          56  0.97258194246208052     
          25          57  0.97672526351638767     
          28          58  0.97670790771861227     
          28          59  0.97341489467232933     
          28          60  0.97319574257034624     
          29          61  0.96249757307595940     
          30          62  0.96648988499760358     
          30          63  0.95947807090252724     
          30          64  0.97763054389490178     
          32          66  0.95450506088762277     
          32          67  0.96494088735951544     
          32          68  0.98018395393215352     
          33          69  0.97073221382573061     
          65          70  0.97308526594150102     
          33          71  0.96869626876330028     
           1          72  0.94208688888027103     
