           1           2   1.4246425233470139     
           2           3   1.0210870747742875     
           3           4  0.95271896452458094     
           4           5   1.3650101095137968     
           5           6   1.4051767064497003     
           6           7   1.0980650810831991     
           7           8  0.97832826436444686     
           6           9   1.2257799510878107     
           9          10   1.0992538468819129     
          10          11  0.97780713823984755     
           9          12   1.4001325866454153     
           4          13   1.4283746911644588     
          12          13   1.3936227150446265     
           3          14  0.96987543539382859     
          14          15  0.98233725475136935     
          15          16   1.0595948076887256     
          16          17   1.3805215931517751     
          17          18  0.98999543308306881     
          18          19  0.96513316069626476     
          19          20   1.0079798025993643     
          20          21   1.4142961278756039     
          21          22   1.4138076054259299     
          22          23   1.3876720240807483     
          23          24   1.1049340241777259     
          24          25  0.97704598056905423     
          23          26   1.2241993792352144     
          26          27   1.0982777808058950     
          27          28  0.97980293508216409     
          20          29   1.3767682038267410     
          26          29   1.3992991266673911     
          17          30  0.99993536595942034     
           3          31  0.93829944031674895     
           1          32  0.99688437208909098     
          31          32  0.98890221320378713     
          31          33   1.0120954192734408     
           5          34  0.95928606502661395     
           8          35  0.97437012319461780     
           8          36  0.97681453591078660     
           8          37  0.97437666260100431     
          11          38  0.97456666731624431     
          11          39  0.97705570811601816     
          11          40  0.97438733876065020     
          12          41  0.96413512103771482     
          13          42  0.96269266291573685     
          14          43  0.96838193633822922     
          14          44  0.97297655517352777     
          15          45  0.96219251475127532     
          15          46  0.92964219907794177     
           2          47  0.96085324207126699     
          16          48  0.95941810834073704     
          18          49  0.96480204876710229     
          18          50  0.96834408806136874     
          19          51  0.97231792939447070     
          19          52  0.97166502346584505     
          21          53  0.96836643656123678     
          22          54  0.96343708455907118     
          25          55  0.97331611887431624     
          25          56  0.97321305810484682     
          25          57  0.97707163439706446     
          28          58  0.97701770001857491     
          28          59  0.97396342307741535     
          28          60  0.97376948046911038     
          29          61  0.96281712276633735     
          30          62  0.96564670684100995     
          30          63  0.96093012798180877     
          30          64  0.97756259842142001     
          31          65  0.96648354763280142     
          32          67  0.94973910946523632     
          32          68  0.89941785464013901     
          33          69  0.98511732734651281     
          33          70  0.98189226668779694     
          33          71  0.97864050363811128     
           1          72  0.93441846826207997     
