   -0.26489890
    0.10200190
    0.00862504
    0.01878645
   -0.07652851
    0.14414938
   -0.21118228
    0.02128993
    0.10740004
   -0.29918119
    0.03661043
   -0.04894360
   -0.03808273
   -0.06299009
   -0.06417758
   -0.04031739
    0.09179591
   -0.02002513
   -0.06902360
    0.00249686
   -0.04688540
   -0.06645177
    0.13470646
   -0.21794744
    0.02376445
    0.13436881
   -0.22095496
    0.02597750
   -0.07850010
   -0.10323955
   -0.00556860
   -0.11869951
   -0.11975812
    0.05567665
    0.06584115
    0.08746940
    0.05593256
    0.04144009
    0.07721872
    0.04414889
    0.05699835
    0.04678788
    0.05759802
    0.05367798
    0.05332674
    0.06624780
    0.01164907
    0.05273498
    0.07259816
    0.06838825
    0.05803597
    0.05958959
    0.04909157
    0.06072409
    0.05627821
    0.05775627
    0.08391410
    0.08329508
    0.05058974
    0.05436292
    0.04995224
    0.05438074
    0.05678496
    0.05940733
    0.03867334
    0.06843494
    0.03997469
    0.05327042
    0.06581512
    0.03786245
    0.05627028
    0.15918458
