           1           2  0.97497764311197310     
           2           3   1.4236954051270092     
           2           4  0.10174927391195390     
           3           4   1.2067621160421842     
           4           5   1.0272436160497120     
           2           6   1.0833816598308870     
           6           7   1.2150592181176714     
           6           8  0.13935051717388641     
           7           8   1.6591820580547529     
           7           9  0.95445831220326771     
           9          10  0.96747356979158949     
           9          11   1.2914183540687545     
           9          12  0.19531904578927181     
          11          12   1.7427955484585693     
           5          13  0.89116164878678716     
           6          13  0.94921152054967850     
          11          13  0.79119983020328943     
           5          14  0.95881154121261825     
          13          14  0.88214086751933074     
           1          15  0.95841125891684742     
           1          16  0.97377120513014748     
           1          17  0.95238451026387683     
           3          18  0.94917950974920406     
          10          19  0.96706607367191677     
          10          20  0.97212866678935561     
          10          21  0.96405715950266468     
          14          22  0.96398109602955373     
           5          23  0.94645040688369864     
          14          24  0.95813922574902288     
           4          25  0.92172319153804150     
