   -0.26974251
    0.09955138
    0.00604776
    0.00499688
   -0.06733214
    0.10197399
   -0.10326125
    0.03453552
    0.13532974
   -0.23046471
    0.02457507
   -0.07423829
   -0.04804818
   -0.06531042
   -0.06876776
    0.00417825
    0.00897886
   -0.01641734
   -0.07049873
   -0.00047298
   -0.04889152
   -0.06750701
    0.13351326
   -0.22164186
    0.02487066
    0.13301638
   -0.22460097
    0.02722230
   -0.07958276
   -0.06924147
   -0.00748293
   -0.11896112
   -0.11944310
    0.05693944
    0.06807726
   -0.13923424
    0.11721321
    0.05755560
    0.08445807
    0.05043822
    0.05749623
    0.04602159
    0.06006592
    0.05599520
    0.06304527
    0.08050617
    0.00500822
    0.06912936
    0.06663034
    0.06765344
    0.05517359
    0.05541652
    0.04516964
    0.05863687
    0.05415721
    0.05614834
    0.08250084
    0.08195633
    0.04825686
    0.05250377
    0.04672664
    0.07606762
    0.07569381
    0.07982041
    0.03496781
    0.06924599
    0.03215528
    0.05176377
    0.06221415
    0.03540135
    0.05527759
    0.15686334
