           1           2   1.0522082804727719     
           2           3   1.7724036389988527     
           3           4   1.1398959815695322     
           4           5   1.2004365523993190     
           5           6  0.94485272653527752     
           6           7  0.88877259835699585     
           7           8   1.8722715019414968     
           7           9   1.0218629711291922     
           8           9  0.13170103423135687     
           9          10  0.98213748156104386     
           6          11  0.98616478203405944     
           9          11   1.2569665444108371     
          11          12   1.2988980864757551     
           4          13  0.10579550038767735     
           5          13   1.6654698286612017     
          12          14  0.83290350042306849     
          13          14   1.1117999283121183     
           1          15  0.94805565165081229     
           1          16  0.95006570973975557     
           1          17  0.93867075694210056     
           3          18  0.92046254932107241     
          10          19  0.96855876044201039     
          10          20  0.96283776897037632     
          10          21  0.95662412519492313     
          14          22  0.93156636368229684     
          14          23  0.93330017789134734     
           6          24  0.91073659325527556     
           4          25  0.91539437526874434     
