   -0.27779268
    0.10498234
    0.01476058
    0.01695823
   -0.07807228
    0.13210742
   -0.22323346
    0.02577058
    0.13296931
   -0.21944026
    0.02425773
   -0.06875985
   -0.04591641
   -0.04645593
   -0.06533951
    0.00055785
   -0.11362680
    0.00197172
   -0.07267870
    0.01050033
   -0.04389499
   -0.06509184
    0.13543007
   -0.21430065
    0.02314887
    0.13586108
   -0.21707619
    0.02491322
   -0.07559221
   -0.04973638
   -0.00725611
   -0.11680415
   -0.11233448
    0.05151939
    0.05575147
    0.08392606
    0.05098255
    0.05885616
    0.08382694
    0.05322807
    0.05874972
    0.07415450
    0.05782712
    0.02170209
    0.08240914
    0.06934163
    0.03808755
    0.05052060
    0.03678643
    0.05043643
    0.06424189
    0.05454074
    0.05375636
    0.06145021
    0.05748424
    0.05980932
    0.08488212
    0.08419051
    0.05346846
    0.05701535
    0.05338139
    0.05678598
    0.04044633
    0.06083071
    0.04458100
    0.06142641
    0.04350401
    0.05578525
    0.04457300
    0.04155692
    0.05512118
    0.16227630
