           1           2   1.9650993613718319     
           2           3  0.96579953322391299     
           3           4  0.98169329818932050     
           4           5   1.3702675844772167     
           5           6   1.3975657449458818     
           6           7   1.1055987713449005     
           7           8  0.97698874295212867     
           6           9   1.2145026870011211     
           9          10   1.1102121429774938     
          10          11  0.97587412805778839     
           9          12   1.3857539739528932     
           4          13   1.4067869819973320     
          12          13   1.4103430919308872     
           3          14  0.97249492701239393     
          14          15   1.0045113289118315     
          15          16  0.99586478486218233     
          16          17   1.0071926601521064     
          17          18   1.0122072832326352     
          18          19  0.96663426093890703     
          19          20   1.0154731999082360     
          20          21   1.3866649293066653     
          21          22   1.4274825642251070     
          22          23   1.3706390069739240     
          23          24   1.1189323189680662     
          24          25  0.97450995133318463     
          23          26   1.2070261140747742     
          26          27   1.1134568179029025     
          27          28  0.97647082798046092     
          20          29   1.3857796027296279     
          26          29   1.3855102206494225     
          17          30   1.0161255853333924     
           3          31  0.87046038213701671     
          31          32   1.1201724446768784     
          31          33   1.0067524970224324     
           5          34  0.95561514720361518     
           8          35  0.97298302773769563     
           8          36  0.97623332300324872     
           8          37  0.97238969756538862     
          11          38  0.97237064551106278     
          11          39  0.97652182296538204     
          11          40  0.97259495668801788     
          12          41  0.96307968624274864     
          13          42  0.96040970284388893     
          14          43  0.96981068064758702     
          14          44  0.96498244888082163     
          15          45  0.96946897169122181     
          15          46  0.97296402046809538     
          16          47  0.94702638942753214     
          16          48  0.96628167042109880     
          18          49  0.95475001133422399     
          18          50  0.96953562272143912     
          19          51  0.96945816361456072     
          19          52  0.96832915270335362     
          21          53  0.96674288860310975     
          22          54  0.96208599385406945     
          25          55  0.97096545239899767     
          25          56  0.97058378900340547     
          25          57  0.97617590110121477     
          28          58  0.97625459760803490     
          28          59  0.97177453738150155     
          28          60  0.97148334055834562     
          29          61  0.96136431998757621     
          30          62  0.96893117186931543     
          30          63  0.96840741563897015     
          30          64  0.97798699894290897     
          31          65  0.89596511946032309     
           2          66  0.93523402263130895     
          32          67  0.97894381972726774     
          32          68  0.97884391729021014     
          33          69  0.98202468620806771     
          33          70  0.98329278892237992     
          33          71  0.98086487522699861     
           1          72  0.92693821029025725     
