   -0.25897649
    0.09340022
    0.00797343
    0.01080613
   -0.07587138
    0.13285623
   -0.22105098
    0.02524476
    0.13303031
   -0.21846673
    0.02430668
   -0.06949896
   -0.04579415
   -0.06570499
   -0.07009423
   -0.00044490
   -0.12295165
    0.00028292
   -0.05048977
    0.01369986
   -0.03796054
   -0.06164794
    0.14347618
   -0.19808549
    0.02006572
    0.13798933
   -0.22441343
    0.02413643
   -0.07621973
   -0.04395642
   -0.00752262
   -0.11772210
   -0.11900651
    0.05826876
    0.05681981
    0.08380288
    0.05226202
    0.05859106
    0.08411780
    0.05448836
    0.05784997
    0.04837116
    0.05468136
    0.05039016
    0.05059936
    0.05087148
    0.05244461
    0.04799256
    0.06679699
    0.05974891
    0.03495168
    0.05247840
    0.05221641
    0.06217539
    0.06296775
    0.06229255
    0.08891115
    0.08479624
    0.05562063
    0.05453221
    0.05683983
    0.03923616
    0.05480331
    0.05356549
    0.03999656
    0.06881160
    0.03584529
    0.05262292
    0.06532816
    0.03874712
    0.05493726
    0.15883740
