           1           2   1.9631373628343312     
           2           3  0.99297481503037477     
           3           4  0.96983198739289322     
           4           5   1.3710369538375990     
           5           6   1.4010894129699334     
           6           7   1.0957958102456542     
           7           8  0.97852475690021490     
           6           9   1.2260232486259861     
           9          10   1.0969129785104592     
          10          11  0.97858458628882550     
           9          12   1.3928866331701200     
           4          13   1.4143537908832287     
          12          13   1.4055770337207578     
           3          14  0.95305078262733267     
          14          15  0.99577410156936175     
          15          16   1.0345472921217453     
          16          17  0.90714208928507212     
          17          18  0.92392167267818981     
          18          19   1.0372462607438733     
          19          20   1.4281777438021663     
          20          21   1.2210012242650856     
          21          22   1.5099370395998777     
          22          23   1.3256629210891206     
          23          24   1.1289811243297423     
          24          25  0.97346658091753591     
          23          26   1.1822197196265753     
          26          27   1.0945513443816637     
          27          28  0.98068747447271842     
          20          29   1.2179796898905966     
          26          29   1.4717457724818876     
          17          30  0.97058768939915241     
           3          31  0.93828585622975946     
          31          32   1.0090496802664126     
          31          33   1.0094765303361632     
           5          34  0.95807330573015559     
           8          35  0.97387347806038116     
           8          36  0.97685327409727507     
           8          37  0.97365625892956043     
          11          38  0.97374133298776888     
          11          39  0.97704075230356446     
          11          40  0.97394129858134082     
          12          41  0.96395691223174573     
          13          42  0.96113553556482834     
          14          43  0.96922514687749695     
          14          44  0.97251336749628781     
          15          45  0.96312500145627000     
          15          46  0.94644852531441326     
           2          47  0.78242042796343947     
          16          47  0.15225879223226807     
          16          48  0.96015647714929908     
          18          49  0.95762890367618692     
          18          50  0.94745988869012310     
          19          51  0.96037415494181100     
          17          52  0.91187219713715262     
          21          53  0.96757733721294947     
          22          54  0.96177170818206326     
          25          55  0.97202277798368442     
          25          56  0.97158135669392975     
          25          57  0.97668521679875719     
          28          58  0.97680001771444780     
          28          59  0.97378112248651849     
          28          60  0.97413920929773656     
          29          61  0.95868573856089556     
          30          62  0.97196336257895710     
          30          63  0.97467207492226460     
          30          64  0.97736506684110147     
          31          65  0.95878357820289639     
          32          66  0.97503404656958970     
          32          67  0.98219106150829272     
          32          68  0.98126137999102259     
          33          69  0.97746536149562013     
          33          70  0.98295689093395699     
          33          71  0.98000722791335193     
           1          72  0.93536920513128341     
