   -0.26973977
    0.10147379
    0.00626226
    0.00221000
   -0.08002960
    0.12888909
   -0.23173956
    0.02814934
    0.12791776
   -0.23023951
    0.02732434
   -0.07490542
   -0.05362507
   -0.06457860
   -0.06854992
    0.00383910
    0.01008216
   -0.01887386
   -0.06833771
    0.01271151
   -0.06497673
   -0.08174809
    0.13197116
   -0.23226489
    0.02522017
    0.15507124
   -0.19311078
    0.02139424
   -0.15787387
   -0.07117381
   -0.00733643
   -0.11842380
   -0.11809258
    0.05132639
    0.05311496
    0.08025972
    0.04653697
    0.05446083
    0.08027360
    0.04728993
    0.05133766
    0.03849421
    0.05880928
    0.05224162
    0.06573627
    0.07721260
    0.00569599
    0.06608301
    0.07747889
    0.06590706
    0.04823080
    0.06486700
    0.07166029
    0.06152292
    0.05052547
    0.05358220
    0.08206626
    0.08321447
    0.06282711
    0.06287032
    0.08070364
    0.07412346
    0.07982519
    0.08132628
    0.03632019
    0.06873721
    0.03522484
    0.05016327
    0.06009029
    0.03354560
    0.05345985
    0.15595821
