   -0.26647063
    0.10074898
    0.00649761
    0.00362618
   -0.07930624
    0.12985021
   -0.22943539
    0.02742489
    0.12866682
   -0.22824346
    0.02687732
   -0.07470670
   -0.05358335
   -0.06505261
   -0.06880942
    0.00771244
    0.00892098
   -0.01619913
   -0.07047420
   -0.00034547
   -0.04887793
   -0.06749290
    0.13346404
   -0.22177571
    0.02492767
    0.13305628
   -0.22458982
    0.02717434
   -0.07956646
   -0.07004389
   -0.00693580
   -0.11832858
   -0.11796456
    0.05223106
    0.05403965
    0.08134623
    0.04760443
    0.05518500
    0.08122334
    0.04763411
    0.05169344
    0.03768396
    0.05974223
    0.05211379
    0.06572770
    0.07951929
    0.00933163
    0.06962344
    0.06698380
    0.06693633
    0.05528769
    0.05563917
    0.04504776
    0.05854763
    0.05426601
    0.05595803
    0.08243309
    0.08192302
    0.04850570
    0.05253972
    0.04705270
    0.07618774
    0.07916155
    0.07978989
    0.03690576
    0.05237747
    0.06702238
    0.03593490
    0.06218866
    0.03308713
    0.05330508
    0.15747395
