           1           2   1.9413910777652739     
           2           3  0.95837410652957644     
           3           4  0.95160569150518592     
           4           5   1.3973069638236391     
           5           6   1.3989899426808492     
           6           7   1.0903072966101668     
           7           8  0.97770925188380398     
           6           9   1.1897412897117468     
           9          10   1.0961891082824529     
          10          11  0.97602051608655560     
           9          12   1.3874884576609481     
           4          13   1.3662946428055283     
          12          13   1.4129768875707902     
           3          14  0.95345342771849784     
          14          15  0.98434383996928132     
          15          16   1.0591032449063715     
          16          17   1.3897405190444514     
          17          18  0.98912833634633157     
          18          19  0.96695713093120472     
          19          20   1.0073923891745531     
          20          21   1.4122568152308355     
          21          22   1.4150791932276063     
          22          23   1.3859580077946234     
          23          24   1.1068909090211376     
          24          25  0.97661239805224864     
          23          26   1.2224900647159760     
          26          27   1.1006782590633903     
          27          28  0.97920679039194913     
          20          29   1.3788760427138282     
          26          29   1.3970232490624928     
          17          30  0.99885372396495420     
           3          31  0.98680741721654863     
          31          32   1.0596255383694027     
          31          33   1.0545470115390183     
           8          35  0.97362473173203856     
           8          36  0.97890793508683549     
           8          37  0.97288887512930478     
          11          38  0.97377657904710935     
          11          39  0.97693352971710479     
          11          40  0.97399649498632401     
          12          41  0.95983857538714235     
          13          42  0.95478723701775126     
          14          43  0.96719176804365892     
          14          44  0.97263508892671602     
          15          45  0.95735716756300682     
          15          46  0.92700291824900649     
           2          47  0.90502403700266665     
          16          48  0.95787252918110077     
          18          49  0.96359264351609553     
          18          50  0.96801130384750345     
          19          51  0.97203444808694761     
          19          52  0.97185957978430393     
          21          53  0.96828627783990118     
          22          54  0.96332697257591682     
          25          55  0.97301122658453010     
          25          56  0.97299870094401342     
          25          57  0.97694224785441885     
          28          58  0.97690055993619040     
          28          59  0.97372303972662566     
          28          60  0.97351281836844450     
          29          61  0.96262494138227539     
          30          62  0.96679231808164268     
          30          63  0.96351025286582681     
          30          64  0.97777215191410494     
          31          65  0.21208889737664810     
          34          65  0.77451204651135241     
          32          66  0.92152793503186770     
          32          67  0.96959310729016635     
          32          68  0.97548687765033970     
          33          69  0.92120894814585674     
          33          70  0.97356979971764235     
          33          71  0.97407548271508226     
           1          72  0.94170339842528872     
