           1           2  0.98384405595012148     
           2           3   1.4060010361151032     
           3           4   1.2828941593459215     
           4           5   1.1719589045738212     
           2           6   1.1821125628835043     
           5           6   1.3346929394050304     
           6           7  0.99212704450225031     
           7           8   1.6326266147812079     
           7           9   1.2405100272871530     
           8           9  0.13265428194227719     
           9          11   1.2806826399301219     
           9          12  0.11363838157831725     
          11          12   1.6774148577998660     
           5          13   1.2686787564433679     
          11          13  0.90778975761083924     
          13          14  0.98732503318218345     
           1          15  0.95390945742273048     
           1          16  0.96371058098787366     
           1          17  0.95520653700245184     
           3          18  0.95183846951020190     
          10          19  0.97899273513713359     
          10          20  0.97982553082722246     
          10          21  0.97884714567021969     
          14          22  0.96296721384155970     
          14          23  0.96422951098648590     
          14          24  0.95949930599988720     
           4          25  0.91900983252535140     
