           1           2  0.93712720847801134     
           2           3   1.0588988752873127     
           3           4   1.8828952045272092     
           2           6   1.3723560248027762     
           5           6   1.5601077534819057     
           5           7  0.87985216816813305     
           7           8   1.7094539782508809     
           7           9   1.1796015753419800     
           8           9  0.13450168161822482     
           9          10  0.97450442306782570     
           9          11   1.0577334297008478     
           9          12  0.10579814339065971     
          11          12   1.7201732038960120     
           5          13   1.1466708063060198     
          11          13   1.0779779359044346     
          12          13  0.10561409433365160     
          13          14  0.99318151102768204     
           1          15  0.95437024525188208     
           1          16  0.94999537110237919     
           1          17  0.95050388113878315     
           3          18  0.92434204828684075     
          10          19  0.96862079253361699     
          10          20  0.95049975417724608     
          10          21  0.95231943987137091     
          14          22  0.95397665991805569     
          14          23  0.95469229227717889     
          14          24  0.96479962518699713     
           4          25  0.92158564708250068     
