           1           2   1.9533634524457597     
           2           3  0.99183713318346234     
           3           4  0.96660463308272671     
           4           5   1.6002748356965550     
           5           6   1.0101067668476855     
           6           7  0.92663673754394527     
           7           8  0.99301329201469901     
           6           9  0.98066665628819216     
           9          10   1.1664040357812890     
          10          11  0.96313253236085083     
           9          12   1.4460275529147530     
           4          13   1.2621273666075830     
          12          13   1.3781254773263418     
           3          14  0.92179261331210027     
          14          15   1.0407516466412989     
          15          16   1.6657531591880095     
          16          17   1.2152012944182282     
          17          18   1.0051226185304343     
          18          19  0.96198138449408210     
          19          20   1.0141219706308529     
          20          21   1.3982910710747700     
          21          22   1.4204050796164405     
          22          23   1.3769386149946341     
          23          24   1.1160096491378042     
          24          25  0.97489910936489488     
          23          26   1.2094668715867181     
          26          27   1.1085156969531309     
          27          28  0.97771167323174202     
          20          29   1.3781113660536695     
          26          29   1.3933345007030966     
          17          30   1.0072245659971744     
           3          31  0.94819146927567766     
          31          32   1.0053982152087420     
          31          33   1.0080515190685142     
           5          34  0.96220475618462986     
           8          35  0.97375642707414878     
           8          36  0.97051730521141344     
           8          37  0.97273224217714693     
          11          38  0.97119625623366224     
          11          39  0.97679740808090065     
          11          40  0.97233547158125611     
          12          41  0.95896977051077514     
          13          42  0.96249057013840877     
          14          43  0.95283478513265452     
          14          44  0.96894775537373690     
           6          45  0.94300314097037663     
          15          46  0.96188241094911864     
           2          47  0.92616649464244905     
          16          48  0.95468363933786426     
          18          49  0.96403802448589848     
          18          50  0.96888154833554530     
          19          51  0.97371723778267838     
          19          52  0.96667679648011684     
          21          53  0.96697224983775953     
          22          54  0.96241111978751703     
          25          55  0.97129229132630257     
          25          56  0.97136691844927792     
          25          57  0.97636632279579438     
          28          58  0.97645917166431262     
          28          59  0.97258195977522477     
          28          60  0.97213563987119422     
          29          61  0.96174354004659468     
          30          62  0.96789470138602085     
          30          63  0.97131479925311770     
          30          64  0.97952196051658424     
          31          65  0.95566350163205183     
          32          66  0.97196774482657300     
          32          67  0.97955376068259614     
          32          68  0.97985578499723203     
          33          69  0.97179023048342927     
          33          70  0.98111658505461585     
          33          71  0.97855314440741015     
           1          72  0.93866252401654759     
