   -0.06102329
    0.00794413
    0.01284370
   -0.00343628
   -0.08163692
    0.12873567
   -0.23253723
    0.02809717
    0.12883295
   -0.23047178
    0.02714648
   -0.07528924
   -0.05704178
   -0.06597146
   -0.06911443
   -0.01054509
    0.00173031
   -0.01616612
   -0.07018773
   -0.00178308
   -0.05006204
   -0.06843697
    0.13221766
   -0.22526122
    0.02605297
    0.13187397
   -0.22785313
    0.02814230
   -0.08005799
   -0.07091033
   -0.01979150
   -0.11518863
   -0.02015016
    0.04918321
    0.05074907
    0.08079385
    0.04638220
    0.05338588
    0.08054807
    0.04723252
    0.05133399
    0.03590456
    0.06232603
    0.05003947
    0.06610585
    0.07826652
    0.06019574
    0.05883513
    0.06409532
    0.06372017
    0.05329588
    0.05431907
    0.04211395
    0.05624846
    0.05245910
    0.05414034
    0.08087977
    0.08042112
    0.04718491
    0.05095537
    0.04569826
    0.07292102
    0.07902734
    0.07654339
    0.05489260
    0.04792244
    0.05174107
    0.06262652
   -0.22552812
    0.06711158
    0.10619217
    0.18903526
