           1           2   1.4100204659826172     
           2           3   1.0219007891438951     
           3           4  0.98307474027576935     
           4           5   1.3651318622385438     
           5           6   1.4059593867965483     
           6           7   1.0967875519047907     
           7           8  0.97873479925387086     
           6           9   1.2256161328368678     
           9          10   1.1009119616826819     
          10          11  0.97773082145864387     
           9          12   1.3967393193811273     
           4          13   1.4223678294895616     
          12          13   1.3987187738863218     
           3          14  0.94004242180788355     
          14          15  0.98488164318844373     
          15          16   1.0573626228560693     
          16          17   1.3673743563524174     
          17          18  0.99004260856853488     
          18          19  0.96501949766075712     
          19          20   1.0082810542723284     
          20          21   1.4126148611064515     
          21          22   1.4148279644444548     
          22          23   1.3866612539330072     
          23          24   1.1059220670716878     
          24          25  0.97682302893367035     
          23          26   1.2233686344471064     
          26          27   1.0996380256874145     
          27          28  0.97940076644798091     
          20          29   1.3778164303152964     
          26          29   1.3980174200121049     
          17          30   1.0000981301509446     
           3          31  0.93907430075114495     
          31          32   1.0129305430632258     
           1          33  0.99998967379634962     
          31          33  0.98865817473347961     
           5          34  0.95924716596181547     
           8          35  0.97428661372263881     
           8          36  0.97676901589893406     
           8          37  0.97410448294406005     
          11          38  0.97395627763171033     
          11          39  0.97708161192132137     
          11          40  0.97435452543577772     
          12          41  0.96402069977617222     
          13          42  0.96393785126188969     
          14          43  0.96544778344157045     
          14          44  0.97483818542622569     
          15          45  0.96363813091155648     
          15          46  0.93112557734603318     
           2          47  0.95959566079154790     
          16          48  0.96048079181253410     
          18          49  0.96567477684774272     
          18          50  0.96828321052392086     
          19          51  0.97153856834156560     
          19          52  0.97217663513706698     
          21          53  0.96850418496204327     
          22          54  0.96345740634029975     
          25          55  0.97313444366630364     
          25          56  0.97322533675340650     
          25          57  0.97700206365044973     
          28          58  0.97695210803293686     
          28          59  0.97383904414599420     
          28          60  0.97367739148178156     
          29          61  0.96262824103480926     
          30          62  0.96564757333697426     
          30          63  0.96146871783190457     
          30          64  0.97736181544484724     
          31          65  0.96801065718975510     
          32          66  0.98531328892541681     
          32          67  0.98056591927973313     
          32          68  0.98013358447253884     
          33          70  0.95095599047391199     
          33          71  0.89530719361608180     
           1          72  0.93547420925362568     
