   -0.30655209
    0.09525806
    0.00438160
    0.00535527
   -0.08126417
    0.12872627
   -0.23019216
    0.02856994
    0.12921782
   -0.22748421
    0.02653558
   -0.07403015
   -0.06031468
   -0.06498899
   -0.06865886
    0.00789018
    0.02666052
   -0.01897281
   -0.07071475
    0.00028112
   -0.04888336
   -0.06743102
    0.13353035
   -0.22137003
    0.02487006
    0.13341961
   -0.22387194
    0.02662742
   -0.07900455
   -0.07765067
   -0.00875371
   -0.11263907
   -0.11152295
    0.04754737
    0.05229159
    0.08056538
    0.04688034
    0.05557296
    0.08061065
    0.04927731
    0.05302192
    0.08750114
    0.05674700
    0.05037578
    0.06558737
    0.07831739
    0.06850024
    0.01331882
    0.07316814
    0.06796821
    0.05559789
    0.05610114
    0.04408692
    0.05837031
    0.05449105
    0.05575847
    0.08251730
    0.08212743
    0.04985054
    0.05273079
    0.04854146
    0.07697254
    0.09107303
    0.08208034
    0.04224841
    0.04724536
    0.04295571
    0.05224634
    0.04227245
    0.03785723
    0.05303116
    0.14756889
