           1           2   1.8988784540310517     
           2           3   1.0013420581101367     
           3           4  0.98310929392664936     
           4           5   1.3702072419729387     
           5           6   1.4000187488399320     
           6           7   1.0965286463461710     
           7           8  0.97946079674861264     
           6           9   1.2198613514132550     
           9          10   1.1019704822039977     
          10          11  0.97776510975503161     
           9          12   1.3881795465361793     
           4          13   1.4062146085982807     
          12          13   1.4051176694339111     
           3          14  0.96920717537070555     
          14          15  0.97554136329367525     
          15          16   1.0589439170282318     
          16          17   1.4318390274377095     
          17          18  0.98842105540367464     
          18          19  0.96576560540850265     
          19          20   1.0082508994063972     
          20          21   1.4068325063540135     
          21          22   1.4186736005776226     
          22          23   1.3820290576362428     
          23          24   1.1106385504962926     
          24          25  0.97585460383594869     
          23          26   1.2197185927294190     
          26          27   1.1049207301698558     
          27          28  0.97808140245426611     
          20          29   1.3821186006238559     
          26          29   1.3929943220091363     
          17          30  0.99683229755635161     
           3          31  0.91693403088107883     
          31          32   1.0099762237585916     
          31          33   1.0090865952210544     
           5          34  0.95587771496805463     
           8          35  0.97307693824574293     
           8          36  0.97659017098455425     
           8          37  0.97322441466043408     
          11          38  0.97288006884426914     
          11          39  0.97697618161558819     
          11          40  0.97320407413254462     
          12          41  0.96321269413320365     
          13          42  0.94276423692203126     
          14          43  0.96728269363079988     
          14          44  0.96948744961724120     
          15          45  0.96477335234945527     
          15          46  0.93396329103054110     
          16          47  0.95743083567968723     
           2          48  0.93491770180894773     
          18          49  0.96313196410601098     
          18          50  0.96757757882082629     
          19          51  0.97008846428347395     
          19          52  0.97241112287068510     
          21          53  0.96826203381744957     
          22          54  0.96310720897134461     
          25          55  0.97247204162434242     
          25          56  0.97260334905155832     
          25          57  0.97670321570926288     
          28          58  0.97667092655940480     
          28          59  0.97317481262709027     
          28          60  0.97315104114988538     
          29          61  0.96211804514752164     
          30          62  0.96547008100202270     
          30          63  0.95193467249870711     
          30          64  0.97725469529722009     
          31          65  0.96108242511223918     
          32          66  0.98297571933784478     
          32          67  0.98231177830296657     
          32          68  0.98173947408308959     
          33          69  0.98332273167712925     
          33          70  0.98156553849356976     
          33          71  0.98107776727900975     
           1          72  0.94511995266970317     
