           1           2  0.98368577141958125     
           2           3   1.3882547697336562     
           3           4   1.2900562580988126     
           4           5   1.1681269295034222     
           2           6   1.1659690353468868     
           5           6   1.3417333056432772     
           6           7   1.0720255745321596     
           7           8   1.6783447720057323     
           7           9   1.0817269327838959     
           8           9  0.13804496862093896     
           9          10  0.96158987831833320     
           9          11   1.1706663267067332     
           9          12  0.15137420993029768     
          11          12   1.7315280940431781     
           5          13   1.1619626674918675     
          11          13  0.92924920873567152     
          13          14   1.3082984058619826     
           1          15  0.95446598724125853     
           1          16  0.96233998318071989     
           1          17  0.95897537771999020     
           3          18  0.95101230462000108     
          10          19  0.96743878911962622     
          10          20  0.96571695923309919     
          10          21  0.96509515550147384     
          14          23  0.96457826787101486     
          14          24  0.95748166401244361     
           4          25  0.91712836595766667     
