           1           2  0.99687834196683389     
           2           3   1.1672802702736431     
           3           4   1.7947921534234961     
           4           5  0.14277124465639329     
           2           6   1.1447021010609966     
           5           6   1.4885447350275116     
           6           7  0.97470683362645472     
           7           8   1.7021762871515851     
           7           9   1.1291181094906910     
           8           9  0.13534735802102055     
           9          10  0.96270825061056153     
           9          11   1.1268119790643181     
           9          12  0.12964160494289301     
          11          12   1.7155991716446239     
           5          13   1.3335445307504081     
          11          13  0.99366132753070446     
          13          14  0.97183747205167492     
           1          15  0.94441668407746815     
           1          16  0.97025153334146275     
           1          17  0.94252360531682866     
           3          18  0.90512212247229018     
          10          19  0.96477462106902256     
          10          20  0.96027827043899383     
          10          21  0.95212554837590202     
          14          22  0.97424987040309219     
          14          23  0.95063642482025790     
          14          24  0.95299469636179268     
           4          25  0.69174456256837458     
           5          25  0.22782727140155815     
