   -0.26639853
    0.10339122
    0.00611605
    0.00204816
   -0.04142278
   -0.05154570
   -0.30128932
    0.17665811
    0.14752411
   -0.24811280
    0.02936507
   -0.06979986
   -0.04123892
   -0.06776420
   -0.07196650
    0.01341221
    0.01538721
   -0.01716038
   -0.07059052
    0.00024164
   -0.04854709
   -0.06717207
    0.13393763
   -0.22041388
    0.02448859
    0.13351341
   -0.22326222
    0.02668879
   -0.07909259
   -0.07135134
   -0.00841295
   -0.11748168
   -0.11901794
    0.07623378
    0.04979348
    0.05606792
    0.04743413
    0.05354146
    0.07692848
    0.04653913
    0.04500811
    0.03529289
    0.07580623
    0.05291992
    0.07488849
    0.08928414
    0.00436118
    0.07179838
    0.06827181
    0.06802337
    0.05636974
    0.05640212
    0.04583076
    0.05921469
    0.05504624
    0.05651404
    0.08303087
    0.08252079
    0.04932267
    0.05320365
    0.04793508
    0.07999107
    0.08129897
    0.08039183
    0.04467422
    0.06675937
    0.03613175
    0.05203989
    0.06169497
    0.03682601
    0.05473489
    0.15714255
