           1           2   1.9563872381980902     
           2           3  0.99584039665401869     
           3           4  0.96884804781375489     
           4           5   1.3660409829096238     
           5           6   1.4865521066698597     
           7           8   1.9503579737927885     
           6           9   1.3184945181884244     
           9          10   1.0932323288595629     
          10          11  0.97653383240158442     
           9          12   1.3564789237751835     
           4          13   1.4083110891365085     
          12          13   1.4351096175161537     
           3          14  0.95629003534706947     
          14          15  0.97812157205462835     
          15          16   1.0651259383009961     
          16          17   1.4189754145480538     
          17          18  0.98741976246580199     
          18          19  0.96637608945612363     
          19          20   1.0076127526940730     
          20          21   1.4074668227113825     
          21          22   1.4177977088546632     
          22          23   1.3822116236899427     
          23          24   1.1121484467488809     
          24          25  0.97540401516733055     
          23          26   1.2176275889481203     
          26          27   1.1056188693376769     
          27          28  0.97802094124633987     
          20          29   1.3809584217333035     
          26          29   1.3937049120696765     
          17          30  0.99679307769679659     
           3          31  0.93907472723376129     
          31          32   1.0080593925716430     
          31          33   1.0084483250417704     
           5          34  0.94924949891409693     
           8          35  0.94291564933277849     
           6          36  0.96548486593208938     
           8          37  0.94250006680374909     
          11          38  0.97457655876096050     
          11          39  0.97784400885122957     
          11          40  0.97428967370690012     
          12          41  0.96483042329653135     
          13          42  0.96274535253534865     
          14          43  0.96510736739683378     
          14          44  0.97223031072206223     
          15          45  0.95935240766745189     
          15          46  0.92069144593504615     
           2          47  0.89978694847182861     
          16          48  0.95631036652653256     
          18          49  0.96391968629128388     
          18          50  0.96760139142785784     
          19          51  0.97138154938506727     
          19          52  0.97205965313816256     
          21          53  0.96801329788319990     
          22          54  0.96299168681898217     
          25          55  0.97227521265597672     
          25          56  0.97245992731400843     
          25          57  0.97661012567709893     
          28          58  0.97659571359964081     
          28          59  0.97321401264399898     
          28          60  0.97301797825701208     
          29          61  0.96246348488810740     
          30          62  0.96584548765650380     
          30          63  0.96238923998461623     
          30          64  0.97764650665658515     
          31          65  0.95826758693275793     
          32          66  0.97361502288364465     
          32          67  0.98123488689698524     
          32          68  0.98048355918969354     
          33          69  0.97517209529234972     
          33          70  0.98181638547502792     
          33          71  0.97932129507332255     
           1          72  0.94118279445974196     
