           1           2   1.9538106988851793     
           2           3  0.99218934743190490     
           3           4  0.98030865517480892     
           4           5   1.0193500476373234     
           5           6   1.0183228394764772     
           6           7   1.1656261262944532     
           6           8  0.22014084395573150     
           7           8   1.2650601142309168     
           6           9   1.2427544636666938     
           9          10   1.0924893383846979     
          10          11  0.97484136455777193     
           9          12   1.4033899035987385     
           4          13   1.6407045318246634     
          12          13   1.2468259015282608     
           3          14  0.95552336447701092     
          14          15  0.98335053905248515     
          15          16   1.0563367828268593     
          16          17   1.3770267737146831     
          17          18  0.98981262343342857     
          18          19  0.96663093696856139     
          19          20   1.0075613922252618     
          20          21   1.4134587815327633     
          21          22   1.4143835810514367     
          22          23   1.3869369455123108     
          23          24   1.1056827467114565     
          24          25  0.97688723624430951     
          23          26   1.2235285554834225     
          26          27   1.0991095540250062     
          27          28  0.97965496839644406     
          20          29   1.3779475507327872     
          26          29   1.3982620209206789     
          17          30  0.99987405839926113     
           3          31  0.93744628001630947     
          31          32   1.0091503919594076     
          31          33   1.0098154749194754     
           5          34  0.91582609408173254     
           8          35  0.96857262784699361     
           8          36  0.96892314346097241     
           5          37  0.93368206154165212     
          11          38  0.97499166460854370     
          11          39  0.97707489307181083     
          11          40  0.97478716342169258     
          12          41  0.96565430355091986     
          13          42  0.95946875856441671     
          14          43  0.96889469213295565     
          14          44  0.97183043785593526     
          15          45  0.96176985932865022     
          15          46  0.93106213400693727     
           2          47  0.90061022092383769     
          16          48  0.95827575341415638     
          18          49  0.96397618811442864     
          18          50  0.96791484031283925     
          19          51  0.97229262204782452     
          19          52  0.97200493327407400     
          21          53  0.96830868347680588     
          22          54  0.96337868758321221     
          25          55  0.97321032338421243     
          25          56  0.97308017878845643     
          25          57  0.97703933628258821     
          28          58  0.97699490541222711     
          28          59  0.97387165569180567     
          28          60  0.97366669711698450     
          29          61  0.96273816098298326     
          30          62  0.96736055021874245     
          30          63  0.96362077822194914     
          30          64  0.97766508385958306     
          31          65  0.96043853798687651     
          32          66  0.97560350451773181     
          32          67  0.98220525141497250     
          32          68  0.98239597949054225     
          33          69  0.97725204724029591     
          33          70  0.98336771988852345     
          33          71  0.98030753329549991     
           1          72  0.94279665065904417     
