           1           2   1.7312589633493740     
           2           3   1.5579759054164797     
           2           4  0.12325437291768965     
           3           4   1.2753477832912261     
           4           5   1.0865845623377890     
           5           6   1.5283018260434016     
           6           7   1.0925460919096930     
           7           8   1.6829501107906166     
           7           9   1.0878473162726365     
           8           9  0.12541476028801796     
           9          10  0.97496868999612518     
           9          11   1.1421927283013646     
           9          12  0.13045285239878823     
          11          12   1.6772118783322920     
           5          13   1.1792642978768080     
          11          13   1.0521543310834827     
          12          13  0.11825081908626378     
          13          14  0.98279723775240013     
           1          15  0.92461163718671324     
           1          16  0.93182903327952848     
           6          17  0.95088858263842935     
           3          18  0.90993415711308834     
          10          19  0.96527636475144318     
          10          20  0.95579105182547841     
          10          21  0.95637330604939474     
          14          22  0.96470975124052649     
          14          23  0.96635608441321386     
          14          24  0.95454107733940896     
           4          25  0.90155620016029370     
