           1           2  0.99980792141713259     
           2           3   1.1044189943009102     
           3           4   1.7593146329221483     
           4           5   1.0150411342993719     
           2           6   1.3678901714839962     
           5           6   1.0087895663046409     
           6           7   1.0629749502889161     
           7           8   1.6634796594289520     
           7           9   1.1194106957842751     
           8           9  0.14425026275887193     
           9          10  0.98458065951761387     
           9          11   1.0471514885689044     
          11          12   1.6777530758513952     
           5          13  0.97316550050391515     
          11          13   1.1493564435796055     
          12          13  0.13641098342145053     
          13          14  0.99082506168833073     
           1          15  0.95675349050931024     
           1          16  0.93569853953198523     
           1          17  0.95550740517242538     
           3          18  0.94693098558422450     
          10          19  0.96215588211892378     
          10          20  0.94458359237338874     
          10          21  0.93719502807882638     
          14          22  0.95073212568852306     
          14          23  0.93815454790557617     
          14          24  0.95744624553414581     
           5          25  0.86408945467450904     
