           1           2   1.9566084920394557     
           2           3  0.99292040057984676     
           3           4  0.97182117352572583     
           4           5   1.3689136896049445     
           5           6   1.3994998007981840     
           6           7   1.0999979450409672     
           7           8  0.97762915672785977     
           6           9   1.2205047921877958     
           9          10   1.1022928393221025     
          10          11  0.97743338676421598     
           9          12   1.3894462741692311     
           4          13   1.4090818913118677     
          12          13   1.4047558926143273     
           3          14  0.95508958493717311     
          14          15  0.98418382739370425     
          15          16   1.0500067885993212     
          16          17   1.3487048047074679     
          16          18  0.21613055065685460     
          17          18   1.3665230892227767     
          19          20   1.4990554114642998     
          20          21   1.2067506125405634     
          21          22   1.5225558271098421     
          22          23   1.3163007700820306     
          23          24   1.1410613784415036     
          24          25  0.97205623128904128     
          23          26   1.1734590055370728     
          26          27   1.0970463811817299     
          27          28  0.97803497174757015     
          20          29   1.1998275595197065     
          26          29   1.4825687288191802     
          17          30  0.98403490148232065     
           3          31  0.94191638899010810     
          31          32   1.0080547804948667     
          31          33   1.0086732931197979     
           5          34  0.95765428817056686     
           8          35  0.97335633964996071     
           8          36  0.97662556109861465     
           8          37  0.97307251749274548     
          11          38  0.97307479392699436     
          11          39  0.97678852905098212     
          11          40  0.97322431903913387     
          12          41  0.96347344935727741     
          13          42  0.96227294156509435     
          14          43  0.96882840269447179     
          14          44  0.97222799123166648     
          15          45  0.96247786712236039     
          15          46  0.93869480060940946     
           2          47  0.91069333392105878     
          16          48  0.96042117972311125     
          18          49  0.97485075256192300     
          18          50  0.97440539176424856     
          19          51  0.97846622523966664     
          19          52  0.97870030687872211     
          21          53  0.96703498730396953     
          22          54  0.96137113569221933     
          25          55  0.97141957824783320     
          25          56  0.97107629149826846     
          25          57  0.97636892762673122     
          28          58  0.97695243867253478     
          28          59  0.97359715723287255     
          28          60  0.97322015612959611     
          29          61  0.96172046853384974     
          30          62  0.96950749132679626     
          30          63  0.96233540772809611     
          30          64  0.97719571576587150     
          31          65  0.95846582784534040     
          32          66  0.97263638236947436     
          32          67  0.98150610074890210     
          32          68  0.98079929697590862     
          33          69  0.97478520303037053     
          33          70  0.98210851726520887     
          33          71  0.97970716995853979     
           1          72  0.94059102752291246     
