   -0.27054410
    0.10115208
    0.00622360
    0.00070040
   -0.08079229
    0.12778053
   -0.23221479
    0.02809842
    0.12692771
   -0.23046979
    0.02720715
   -0.07538460
   -0.05293115
   -0.06298114
   -0.07018115
    0.00940981
    0.01475108
   -0.01543415
   -0.08459846
    0.01964693
   -0.06482212
   -0.07944098
    0.13523373
   -0.22883354
    0.02464712
    0.14744503
   -0.20867026
    0.02180469
   -0.08832701
   -0.07192808
   -0.00721028
   -0.11757179
   -0.12015671
    0.05124917
    0.05369334
    0.08080647
    0.04595895
    0.05520347
    0.08076654
    0.04701108
    0.05181602
    0.03883227
    0.06210244
    0.05377479
    0.06711163
    0.07736890
    0.00210554
    0.06661736
    0.06837912
    0.06348143
    0.06143952
    0.04099367
    0.07013406
    0.05465866
    0.05228855
    0.05159928
    0.08253881
    0.08566753
    0.05718993
    0.05629498
    0.05325814
    0.07667560
    0.07730092
    0.08700198
    0.03642781
    0.06635516
    0.03469005
    0.05105093
    0.06447141
    0.03474445
    0.05426787
    0.15613628
