   -0.26728171
    0.10072525
    0.00648778
    0.00272187
   -0.07962319
    0.12979293
   -0.22960899
    0.02746358
    0.12856263
   -0.22845620
    0.02690020
   -0.07492085
   -0.05376432
   -0.06508418
   -0.06886739
    0.00778655
    0.01001277
   -0.01628695
   -0.07029355
    0.00004374
   -0.04888026
   -0.06829408
    0.13428116
   -0.22154157
    0.02435031
    0.13281992
   -0.22447872
    0.02703945
   -0.07949908
   -0.07054330
   -0.00732237
   -0.11918951
   -0.11803012
    0.05218482
    0.05391872
    0.08131793
    0.04762590
    0.05502326
    0.08124945
    0.04777175
    0.05158793
    0.03787049
    0.06015019
    0.05350322
    0.06568642
    0.07981490
    0.00795489
    0.06957340
    0.06710955
    0.06699568
    0.05517155
    0.05563641
    0.04469120
    0.05890864
    0.05496481
    0.05643985
    0.08288480
    0.08191975
    0.04865322
    0.05249087
    0.04702298
    0.07619288
    0.07992260
    0.07943057
    0.03743605
    0.07003903
    0.03567536
    0.05115553
    0.05874922
    0.03434742
    0.05469250
    0.15721448
