           1           2   1.9575480058910344     
           2           3  0.99435034536464384     
           3           4  0.96864709007789773     
           4           5   1.3994047797563653     
           5           6   1.3627926306989562     
           6           7   1.0945965228076036     
           7           8  0.97913789279973562     
           6           9   1.3178094937881319     
          10          11   1.9865603409138213     
           9          12   1.4764335067452850     
           4          13   1.4073618498533533     
          12          13   1.4026864020206706     
           3          14  0.95597522273422508     
          14          15  0.98021886551396231     
          15          16   1.0602671306139744     
          16          17   1.4146063551277901     
          17          18  0.98787985563912972     
          18          19  0.96585925105560166     
          19          20   1.0079287803356696     
          20          21   1.4071700310161501     
          21          22   1.4180424946002506     
          22          23   1.3819506326997681     
          23          24   1.1118554056714451     
          24          25  0.97556233907223888     
          23          26   1.2181431939062695     
          26          27   1.1057781341183526     
          27          28  0.97792723433090600     
          20          29   1.3812081052326515     
          26          29   1.3933862745902077     
          17          30  0.99711667529301773     
           3          31  0.94294360834373114     
          31          32   1.0080960441474198     
          31          33   1.0087370482226665     
           5          34  0.95878223247645056     
           8          35  0.97383998776678649     
           8          36  0.97724184071544939     
           8          37  0.97379449863358403     
           9          38  0.96278637642175002     
          11          39  0.93821439273116991     
          11          40  0.93777833997335536     
          12          41  0.96788486784393424     
          13          42  0.96212089972916837     
          14          43  0.96818531126745877     
          14          44  0.97248967900561456     
          15          45  0.96078912735998934     
          15          46  0.92687787157734891     
           2          47  0.90093734089148902     
          16          48  0.95691932494713183     
          18          49  0.96387496300014475     
          18          50  0.96766369461414714     
          19          51  0.97144810722447095     
          19          52  0.97182640572653745     
          21          53  0.96807267493932803     
          22          54  0.96297007760047815     
          25          55  0.97237972871742495     
          25          56  0.97235041974870939     
          25          57  0.97663619909897892     
          28          58  0.97660849547101825     
          28          59  0.97313657560462719     
          28          60  0.97297674588709637     
          29          61  0.96230345581259968     
          30          62  0.96583163135163375     
          30          63  0.95860933020780070     
          30          64  0.97723990646989534     
          31          65  0.95912257405935275     
          32          66  0.97392816379673808     
          32          67  0.98126379318851287     
          32          68  0.98108579917478711     
          33          69  0.97545524579547771     
          33          70  0.98269423052698746     
          33          71  0.97997790741715496     
           1          72  0.94117153647706597     
