           1           2  0.98282832326893055     
           2           3   1.3643799283750511     
           3           4   1.3282313655027715     
           4           5   1.0682665990076614     
           2           6   1.2146331335763441     
           5           6   1.2059637401503163     
           6           7   1.0287337061484185     
           7           8   1.5216425800507132     
           7           9   1.3037990927850034     
           8           9  0.11371055409623465     
           9          10   1.1140198061314324     
          11          12   2.6140010268919198     
           5          13   1.5307328957638486     
          13          14   1.0687890327075211     
           1          15  0.95408083731501780     
           1          16  0.96470542229594880     
           1          17  0.94488778624941383     
           3          18  0.95095175855924774     
          10          19  0.90375771287929740     
          10          20  0.90247350494925116     
          10          21  0.90826794354060403     
          14          22  0.93527217846331401     
          14          23  0.91806270819511493     
          14          24  0.94370774068890884     
           4          25  0.92250492831404685     
