           1           2  0.99245708879362593     
           2           3   1.3331131461519792     
           3           4   1.3189780733709731     
           4           5   1.0928133797759532     
           2           6   1.1365458873505141     
           5           6   1.1648788644032559     
           6           7   1.1250366106423824     
           7           8   1.6040642413250712     
           7           9   1.0794754667694950     
           8           9  0.10975569727992893     
           9          10  0.95995796478543227     
          10          11   1.0686494136358922     
          11          12   2.0428062681600316     
           5          13   1.5204117215385686     
          13          14   1.0824148637414004     
           1          15  0.96572587591586334     
           1          16  0.96783864239375617     
           1          17  0.95800674878105085     
           3          18  0.95349428911967760     
           9          19  0.92562233199365385     
          10          20  0.90364870704476863     
          10          21  0.92464314934674496     
          14          22  0.92292446488248681     
          14          23  0.91757149937159510     
          14          24  0.88973234231231946     
           4          25  0.91893720102688803     
