           1           2   1.0080493581980998     
           2           3  0.96577934073458760     
           2           4  0.11582806523478531     
           3           4   1.1017967684892274     
           4           5   1.5370928640852091     
           2           6   1.5248330980992257     
           5           6   1.0865218087617774     
           6           7   1.0022192165025507     
           7           8   1.6958278747422875     
           7           9   1.1720810010371441     
           8           9  0.18386434039505845     
           9          10  0.96918312702400344     
           9          11   1.0614227603184108     
           9          12  0.11009718172860677     
          11          12   1.7372567184032088     
           4          13  0.11274080616604520     
           5          13   1.2141320836354992     
          11          13   1.0712143019010796     
          12          13  0.11828574616895665     
          13          14  0.96618421142122668     
           1          15  0.93887534973783959     
           1          16  0.94058367229810735     
           1          17  0.95790179039497592     
           3          18  0.88809329877044307     
          10          19  0.96933291607682026     
          10          20  0.95658035770999739     
          10          21  0.96147395950060532     
          14          22  0.96343512937168274     
          14          23  0.96313482455649591     
          14          24  0.96801403548962783     
           3          25  0.89480418314292443     
