   -0.05159530
    0.01656390
    0.01279681
   -0.00698435
   -0.08153772
    0.13044161
   -0.23009053
    0.02806318
    0.13136495
   -0.22779442
    0.02654663
   -0.06767295
   -0.04663004
   -0.06818658
   -0.06990684
   -0.00872896
    0.00869096
   -0.01725481
   -0.07004001
   -0.00174921
   -0.05021339
   -0.06852050
    0.13211090
   -0.22553800
    0.02620921
    0.13198389
   -0.22783629
    0.02803094
   -0.07995926
   -0.07266279
   -0.02210938
   -0.01716153
   -0.11849427
    0.04856459
    0.05073041
    0.08087254
    0.04646840
    0.05769504
    0.08026203
    0.04724822
    0.05716825
    0.03974394
    0.06280716
    0.05673246
    0.06693221
    0.07832545
    0.06025974
    0.06171922
    0.06662832
    0.06511170
    0.05309004
    0.05437144
    0.04171312
    0.05592967
    0.05227806
    0.05384996
    0.08066697
    0.08035245
    0.04763088
    0.05098474
    0.04629039
    0.07388889
    0.08145791
    0.07831045
    0.06186616
    0.07653928
    0.09756267
   -0.30708372
    0.04460968
    0.05379386
    0.05858271
    0.19390891
