           1           2   1.4324269838246260     
           2           3   1.0232096363612151     
           3           4  0.94679166661939884     
           4           5   1.3682304002696444     
           5           6   1.4020586720276611     
           6           7   1.0980094578780544     
           7           8  0.97895848900170490     
           6           9   1.2226319965635424     
           9          10   1.1041873222855674     
          10          11  0.97668620281527874     
           9          12   1.3963914063234006     
           4          13   1.4199008158456312     
          12          13   1.3962284819522961     
           3          14  0.97050802357346422     
          14          15  0.98147333831402062     
          15          16   1.0602698361550404     
          16          17   1.3841782030818501     
          17          18  0.98931969972745171     
          18          19  0.96469315124973620     
          19          20   1.0084379187211869     
          20          21   1.4121331932627790     
          21          22   1.4151662832572713     
          22          23   1.3865118843025004     
          23          24   1.1054482360934919     
          24          25  0.97699237712751008     
          23          26   1.2239469060329256     
          26          27   1.0998540336178109     
          27          28  0.97928456509631967     
          20          29   1.3784679627066909     
          26          29   1.3975244602342500     
          17          30  0.99959675519798230     
           3          31  0.94239358698799636     
           1          32  0.99262444514799408     
          31          32  0.98984720987873231     
          31          33   1.0115974003496058     
           5          34  0.95901325293067607     
           8          35  0.97411722100372988     
           8          36  0.97677029072997601     
           8          37  0.97391686527167587     
          11          38  0.97338788643354568     
          11          39  0.97718236289746541     
          11          40  0.97403523778388756     
          12          41  0.96292785750794296     
          13          42  0.95964164702777732     
          14          43  0.96913837584266627     
          14          44  0.97307005201945096     
          15          45  0.96204106142503676     
          15          46  0.93022879140036463     
           2          47  0.96091023696514721     
          16          48  0.95958618515497651     
          18          49  0.96595704690956541     
          18          50  0.96774213737119619     
          19          51  0.97122077487994840     
          19          52  0.97250542081668756     
          21          53  0.96851607161407305     
          22          54  0.96348407543787662     
          25          55  0.97317884715217395     
          25          56  0.97327986571027725     
          25          57  0.97703672271091735     
          28          58  0.97697251521086625     
          28          59  0.97379120126633500     
          28          60  0.97364103939988589     
          29          61  0.96253741618740507     
          30          62  0.96556677016145698     
          30          63  0.95861489512206455     
          30          64  0.97752937000209283     
          31          65  0.96513950736826271     
          32          66  0.96455990918985679     
          32          67  0.92530337636679449     
          33          69  0.98548166624867339     
          33          70  0.98179713493742593     
          33          71  0.98040654228039936     
           1          72  0.93249403385798235     
