           1           2  0.98670383202122469     
           2           3   1.3786644209962653     
           3           4   1.2655590882516319     
           4           5   1.1939170408684778     
           2           6   1.1452688309574133     
           5           6   1.3279557865809786     
           6           7   1.1171569650899749     
           7           8   1.6720148413685272     
           7           9  0.98624373953232725     
           8           9  0.10711736275738457     
           9          10   1.3497874812050481     
           9          11   1.0118114207692159     
          11          12   1.7073140942865535     
           5          13   1.1891597185475926     
          11          13   1.0899393776771564     
          12          13  0.13483241634111598     
          13          14  0.97022226468874195     
           1          15  0.95518478903625748     
           1          16  0.96504245772259234     
           1          17  0.96148147417122054     
           3          18  0.95327109759851669     
          10          20  0.95642934743317676     
          10          21  0.95970514942534801     
          14          22  0.97133229102096630     
          14          23  0.97187919340112139     
          14          24  0.96484990956608507     
           4          25  0.91914040786947693     
