   -0.26598644
    0.10203197
    0.00646128
    0.00230441
   -0.07991450
    0.13034916
   -0.22758178
    0.02692925
    0.13015722
   -0.22509738
    0.02579857
   -0.07264381
   -0.05150013
   -0.06526256
   -0.07013450
    0.01325961
    0.03200779
   -0.03121319
   -0.06905038
    0.00443344
   -0.03680640
   -0.06239521
    0.15265816
   -0.23984902
    0.02709169
   -0.05178943
   -0.32811071
    0.17448694
   -0.03393398
   -0.07828899
   -0.00744329
   -0.11859078
   -0.11918464
    0.05246330
    0.05470791
    0.08220572
    0.04808376
    0.05618959
    0.08224064
    0.05087810
    0.05476212
    0.04151136
    0.06098609
    0.05478323
    0.06902758
    0.08328017
    0.00687014
    0.07359408
    0.10561510
    0.06497433
    0.05170017
    0.05837710
    0.04268719
    0.05234661
    0.05269082
    0.05512636
    0.07889741
    0.06105426
    0.04602120
    0.04839045
    0.05118985
    0.07790668
    0.07876916
    0.10326671
    0.03801788
    0.06901629
    0.03579400
    0.05192457
    0.06201567
    0.03523816
    0.05544428
    0.15875961
