           1           2   1.9585239692709127     
           2           3  0.99387648922256511     
           3           4  0.97030701440688483     
           4           5   1.3688685906184541     
           5           6   1.3994779123316095     
           6           7   1.1017069115624025     
           7           8  0.97755879400452550     
           6           9   1.2184483871264904     
           9          10   1.1059750568769211     
          10          11  0.97652149948755251     
           9          12   1.3884601259548179     
           4          13   1.4110750130375487     
          12          13   1.4076696387065439     
           3          14  0.95623949467464564     
          14          15  0.98519514908323558     
          15          16   1.0587961592857129     
          16          17   1.4551087411440364     
          17          18  0.98419244596464139     
          18          19  0.96151502417985502     
          19          20   1.0090218646535907     
          20          21   1.4007700816769364     
          21          22   1.4516893137451525     
          22          23   1.3433263836602380     
          23          24   1.1031753195267140     
          24          25  0.97491482102927907     
          23          26   1.3191540934413504     
          27          28   1.9143291060607301     
          20          29   1.3783097648878198     
          26          29   1.4801881424860159     
          17          30  0.99591023286040958     
           3          31  0.94215221592031129     
          31          32   1.0082031297227971     
          31          33   1.0086887015312538     
           5          34  0.95746781905690559     
           8          35  0.97314988597862617     
           8          36  0.97649354080551443     
           8          37  0.97311537892058619     
          11          38  0.97289934108111553     
          11          39  0.97668956171839716     
          11          40  0.97288504703613499     
          12          41  0.96333667659717215     
          13          42  0.96230200390609688     
          14          43  0.96824948183170567     
          14          44  0.97177468142291645     
          15          45  0.95914655267072202     
          15          46  0.92382348038048234     
           2          47  0.90414952129957993     
          16          48  0.95596863278697686     
          18          49  0.94852236328104023     
          18          50  0.96777166456091324     
          19          51  0.97142474833107340     
          19          52  0.97202661073584995     
          21          53  0.96769802890484624     
          22          54  0.96402353763378013     
          25          55  0.97310751922917960     
          25          56  0.97339223429655586     
          25          57  0.97748065345847834     
          26          58  0.96551728590843711     
          28          59  0.94624309813036211     
          28          60  0.94551487755655139     
          29          61  0.96579303061974564     
          30          62  0.96507100828315107     
          30          63  0.96360949058087231     
          30          64  0.97218931485974380     
          31          65  0.95928327677615866     
          32          66  0.97343169132496543     
          32          67  0.98140434597805826     
          32          68  0.98096650261342022     
          33          69  0.97561734884195928     
          33          70  0.98267503987191573     
          33          71  0.97955911807793727     
           1          72  0.94086124402135762     
