           1           2  0.98790493534503965     
           2           3   1.3310267037912957     
           3           4   1.2575682274132820     
           4           5   1.1784426461787172     
           2           6   1.1536775908786034     
           5           6   1.3354569817705437     
           6           7   1.1060952478454920     
           7           8   1.6388104673521546     
           7           9   1.0376215206262760     
           8           9  0.13486153058020053     
           9          10  0.96982272195115105     
           9          11   1.2432076803064012     
          11          12   1.1447379474289907     
           5          13   1.1118459625991897     
          11          13   1.1558508867881705     
          11          14  0.11163960606533961     
          13          14   1.1839378445813584     
           1          15  0.95826644175270537     
           1          16  0.96509367887126540     
           1          17  0.96154156743323993     
           3          18  0.95546519074656566     
          10          19  0.96466646504694875     
          10          20  0.96473952877089675     
          10          21  0.96578003022924008     
          14          22  0.96155102328889330     
          14          23  0.97436615103278523     
          12          24  0.82692869551593406     
           4          25  0.91958473669086160     
