           1           2  0.98606958606810569     
           2           3   1.3791337174624783     
           3           4   1.2665101698995025     
           4           5   1.1938499797748361     
           2           6   1.1461051366844808     
           5           6   1.3275193598519044     
           6           7   1.1168772176355164     
           7           8   1.6741172276065490     
           7           9  0.98532337276445392     
           8           9  0.10757496719577592     
           9          10   1.3467757183681497     
           9          11   1.0136880194468896     
          11          12   1.7091778986901354     
           5          13   1.1905501723394274     
          11          13   1.0869443238063801     
          12          13  0.13465454903641533     
          13          14  0.97058996637711348     
           1          15  0.95712705499510053     
           1          16  0.96265777023093646     
           1          17  0.96187618760798321     
           3          18  0.95313455771755085     
          10          19  0.95643642124741368     
          10          20  0.96014156853963151     
          14          22  0.97209266397852367     
          14          23  0.97088634352002501     
          14          24  0.96451356914295794     
           4          25  0.91906924829172598     
