           1           2   1.3389279332794564     
           2           3   1.2447094763642408     
           3           4   1.2420771956543979     
           4           5   1.1932947772434053     
           2           6   1.0825015518626759     
           5           6   1.3495202421525967     
           6           7   1.0851935013901703     
           7           8   1.6872331060738845     
           7           9   1.0918888470824570     
           8           9  0.13786779454177420     
           9          10  0.97185068386597018     
           9          11   1.1267767874982126     
           9          12  0.13306991422391626     
          11          12   1.7065766410649486     
           5          13   1.2191022341695283     
          11          13   1.0335331149491163     
          12          13  0.11723874611537144     
          13          14  0.97549345594877124     
           1          15  0.90339211900940186     
           1          17  0.95125263742077626     
           3          18  0.95463431434378676     
          10          19  0.96484717554061028     
          10          20  0.95665377390246675     
          10          21  0.95664619353518732     
          14          22  0.96746602257083336     
          14          23  0.96788019149657845     
          14          24  0.96247224422525257     
           4          25  0.91911972126077801     
