           1           2  0.98310245506020122     
           2           3   1.4039793919199215     
           3           4   1.2718457437053254     
           4           5   1.1896079377381481     
           2           6   1.1679311000555832     
           5           6   1.3518350703460236     
           6           7   1.0588807524217023     
           7           8   1.6883815913433771     
           7           9   1.1124851668336095     
           8           9  0.15131226138336390     
           9          10  0.96792937891593867     
           9          11   1.1193080809683587     
           9          12  0.13602208365029175     
          11          12   1.7175578328930992     
           5          13   1.2199337761917453     
          11          13   1.0287046053755775     
          12          13  0.12143037182877711     
          13          14  0.97646939081651563     
           1          15  0.95923232871348163     
           1          16  0.95817875080879911     
           1          17  0.95936297281342697     
           3          18  0.95190376337646865     
          10          19  0.96784577344967404     
          10          20  0.96355098517724769     
          10          21  0.96325808208891850     
          14          22  0.97516443656704177     
          14          23  0.96477528712799276     
          14          24  0.96448650232435928     
           4          25  0.91719815130469196     
