           1           2  0.99208690935840416     
           2           3   1.4187491364121891     
           2           4  0.11248240906004126     
           3           4   1.3307395915628977     
           4           5   1.0733944156276913     
           2           6   1.0710622941017762     
           5           6   1.1079188585002027     
           6           7   1.2953461078738673     
           6           8  0.11948196718768223     
           7           8   1.7288296904432541     
           7           9  0.68479552595767990     
           9          10  0.93134759082142404     
           9          11   1.5881489301199079     
           9          12  0.23938734803047898     
          11          12   2.0650782830632224     
           5          13   1.6260247947757662     
          13          14   1.0465242778594532     
           1          15  0.95846175416238022     
           1          16  0.97348960388501660     
           1          17  0.95734082661659137     
           3          18  0.94947957836972185     
          10          19  0.96349369178042643     
          10          20  0.97012728452474639     
          10          21  0.97554834274721947     
          14          22  0.95202196054727306     
          14          23  0.96442149422718371     
          14          24  0.95130086934757752     
           4          25  0.91859622425696863     
