           1           2  0.98954996799853490     
           2           3   1.3257940454555373     
           3           4   1.2236120932177863     
           4           5   1.1983278939640061     
           2           6   1.1553473406468542     
           5           6   1.3272520786624291     
           6           7   1.0803659856133783     
           7           8   1.6738272811780393     
           7           9   1.0556893336329733     
           8           9  0.14080736679896927     
           9          11   1.1413966765341967     
          10          11  0.22299520222382427     
          10          12   1.1278891985483570     
          11          12   1.2264265468811151     
           5          13   1.1680506165514695     
          11          13   1.0872109703341182     
          13          14  0.97915861632620915     
           1          15  0.95964094805138334     
           1          16  0.96558604434858852     
           1          17  0.96360718743882301     
           3          18  0.95753519675007404     
           9          19  0.90437271480451176     
          10          20  0.96837253239887755     
          10          21  0.96980182675645432     
          14          22  0.97068914814933738     
          14          23  0.97037733499919787     
          14          24  0.97126444726442129     
           4          25  0.92447886648663580     
