           1           2  0.98189214788798118     
           2           3   1.4197544349288131     
           3           4   1.3073656214361902     
           4           5   1.1614587535161041     
           2           6   1.1701144094681946     
           5           6   1.3358384601302542     
           6           7   1.0680209814466486     
           7           8   1.6848464005581723     
           7           9   1.0878991696025069     
           8           9  0.14416451876004388     
           9          10  0.95983050201026110     
           9          11   1.1697244200177024     
           9          12  0.15340689035779054     
          11          12   1.7380227206865992     
           5          13   1.1729500684530094     
          11          13  0.92744559550538785     
          13          14   1.2946131683264048     
           1          15  0.95347381568560041     
           1          16  0.96248262622648717     
           1          17  0.95854539322413324     
           3          18  0.94947081258645760     
          10          19  0.96888297525562894     
          10          20  0.96808097524961600     
          10          21  0.96869305896838598     
          14          22  0.96638950677482549     
          14          24  0.95836062780347242     
           4          25  0.91593531024876118     
