           2           3   1.5591010677011505     
           3           4   1.2122165085577317     
           4           5   1.2239521794482195     
           2           6   1.2704176493358914     
           5           6   1.2753440048756359     
           6           7   1.0703807610180880     
           7           8   1.6714503945425758     
           7           9   1.1008125470587848     
           8           9  0.12622148189059976     
           9          10  0.97567618017933100     
           9          11   1.1197151927393767     
           9          12  0.12251498885619022     
          11          12   1.6874545585982841     
           5          13   1.2122465956322341     
          11          13   1.0536929757109794     
          12          13  0.10843978375706333     
          13          14  0.97748482090707611     
           1          15  0.97810686670183900     
           1          16  0.97809709495614128     
           1          17  0.95781525374079601     
           3          18  0.95470483616616875     
          10          19  0.96322032043644490     
          10          20  0.95157719574694610     
          10          21  0.95178625610558631     
          14          22  0.96230173503887373     
          14          23  0.96207877986348200     
          14          24  0.96240174893734109     
           4          25  0.92395145023076530     
