           1           2   1.9565812240849967     
           2           3  0.99524295002112062     
           3           4  0.96839930285336384     
           4           5   1.3675055701558545     
           5           6   1.4023050398987360     
           6           7   1.0987176739291624     
           7           8  0.97798363567004154     
           6           9   1.2224262293677650     
           9          10   1.1002609476588701     
          10          11  0.97790705475753992     
           9          12   1.3936672528755791     
           4          13   1.4154381950349537     
          12          13   1.4009618201057474     
           3          14  0.95796019455276848     
          14          15  0.98065635019857444     
          15          16   1.0596547776504459     
          16          17   1.3862086192411036     
          17          18  0.99093204673997337     
          18          19  0.96613133961588116     
          19          20   1.0106826772111996     
          20          21   1.3918879892394225     
          21          22   1.4457801288930547     
          22          23   1.3545995762134924     
          23          24   1.0538701791463723     
          24          25   1.2846841424515953     
          23          26   1.2279610177298865     
          26          27   1.1136320304008820     
          27          28  0.97336673215843306     
          20          29   1.3865330362611168     
          26          29   1.3874914736429365     
          17          30  0.99859942494673704     
           3          31  0.94218677334911516     
          31          32   1.0083931035272318     
          31          33   1.0091257251784322     
           5          34  0.95761863457109220     
           8          35  0.97368141466491109     
           8          36  0.97668895589137938     
           8          37  0.97346793321152103     
          11          38  0.97348768124855245     
          11          39  0.97694667522324097     
          11          40  0.97383277413716651     
          12          41  0.96387851934582125     
          13          42  0.96267149232966331     
          14          43  0.96887741532327354     
          14          44  0.97236818556651528     
          15          45  0.96162152157590752     
          15          46  0.92812116074874362     
           2          47  0.89726095984186727     
          16          48  0.95757240010608780     
          18          49  0.96388901607449995     
          18          50  0.96777575333343269     
          19          51  0.97115322919245939     
          19          52  0.97140749444769647     
          21          53  0.96739650915527131     
          22          54  0.96078494077725629     
          25          56  0.96416639533325266     
          25          57  0.96072167893479754     
          28          58  0.97657412485625650     
          28          59  0.97477536416010169     
          28          60  0.97450747803563886     
          29          61  0.96223262638347706     
          30          62  0.96655696249422662     
          30          63  0.96039343567111057     
          30          64  0.97774721711355794     
          31          65  0.95987971784400405     
          32          66  0.97390961546453547     
          32          67  0.98186492040507467     
          32          68  0.98138666508103745     
          33          69  0.97719227832911781     
          33          70  0.98306267751462650     
          33          71  0.98031155339620291     
           1          72  0.94188482557681918     
