           1           2  0.98618276347332157     
           2           3   1.3783195396036187     
           3           4   1.2658551003193967     
           4           5   1.1942081616718181     
           2           6   1.1451034780328782     
           5           6   1.3260593292193921     
           6           7   1.1190582717618625     
           7           8   1.6761531800015121     
           7           9  0.97825403899142271     
           8           9  0.10795663237909026     
           9          10   1.3496238913811125     
           9          11   1.0150290490126721     
          11          12   1.7073292960574589     
           5          13   1.1910031412804358     
          11          13   1.0865286443268809     
          12          13  0.13445473682868067     
          13          14  0.97036443273937156     
           1          15  0.95663991859406394     
           1          16  0.96341904935362099     
           1          17  0.96198763821671907     
           3          18  0.95326123607973423     
          10          19  0.95612289563596342     
          10          20  0.90836759767499553     
          14          22  0.97167066879444930     
          14          23  0.97154706329739648     
          14          24  0.96505562175901372     
           4          25  0.91901461113335514     
