           1           2   1.9593011077598477     
           2           3  0.97925022544587503     
           3           4  0.98646576333854730     
           4           5   1.0238794966333487     
           5           6   1.0333558189081724     
           6           7   1.1591568495676543     
           7           8  0.97133536556619227     
           6           9   1.3109749289177122     
           9          10   1.0889635246325453     
          10          11  0.97568037986795186     
           9          12   1.3400939888255863     
           4          13   1.5950942404828095     
          12          13   1.2938177052680055     
           3          14  0.94854812230869701     
          14          15  0.96014680253814211     
          14          16  0.91953186904756534     
          15          16  0.96214633978429165     
          16          17   1.0210730687566276     
          17          18   1.0083018616165813     
          18          19  0.95878895662774777     
          19          20   1.0167036183945064     
          20          21   1.3944980518181240     
          21          22   1.4231000735886832     
          22          23   1.3758807582563306     
          23          24   1.1140563371830292     
          24          25  0.97536350253342941     
          23          26   1.2117435225989004     
          26          27   1.1071631900451087     
          27          28  0.97792521149191924     
          20          29   1.3791293252828078     
          26          29   1.3925375619088201     
          17          30   1.0082551487556000     
           3          31  0.93741831642122841     
          31          32   1.0080270069937636     
          31          33   1.0102779781122631     
           5          34  0.88819923845776905     
           8          35  0.97037836952388434     
           8          36  0.97494431698625839     
           8          37  0.96678214501126392     
          11          38  0.97351827479310438     
          11          39  0.97631796052058395     
          11          40  0.97383752027869552     
          12          41  0.96457042851049835     
          13          42  0.95785282818862161     
           5          43  0.93187388675936145     
          14          44  0.95919798505797893     
          15          45  0.96946753734692004     
          15          46  0.97646381295606077     
           2          47  0.92004390519774681     
          16          48  0.95878331140927275     
          18          49  0.96809455117910048     
          18          50  0.97108173603417258     
          19          51  0.96995738752852945     
          19          52  0.96891708635241103     
          21          53  0.96752869006731534     
          22          54  0.96259537025003816     
          25          55  0.97147440451728784     
          25          56  0.97162612215861310     
          25          57  0.97648476321047162     
          28          58  0.97658833765512043     
          28          59  0.97260856750779223     
          28          60  0.97234678502153371     
          29          61  0.96173233073568654     
          30          62  0.96725502535990637     
          30          63  0.96915855213292668     
          30          64  0.97938486427619464     
          31          65  0.96157169780899177     
          32          66  0.97360127152673570     
          32          67  0.98021803002249019     
          32          68  0.98231726917887940     
          33          69  0.97269623186321263     
          33          70  0.97753257959621442     
          33          71  0.97820544445366719     
           1          72  0.93891978305040280     
