   -0.26525104
    0.10376509
    0.01070335
    0.00694265
   -0.07626929
    0.13114693
   -0.22637662
    0.02731159
    0.13164587
   -0.22301591
    0.02564024
   -0.06881885
   -0.04635062
   -0.06083145
   -0.04408292
   -0.01573719
    0.06194608
   -0.01946442
   -0.06874830
    0.00264737
   -0.04641922
   -0.06629778
    0.13474421
   -0.21809082
    0.02380006
    0.13441907
   -0.22118851
    0.02618552
   -0.07889279
   -0.06994588
   -0.00718689
   -0.11800596
   -0.11894784
    0.05312876
    0.05515170
    0.08187741
    0.04864563
    0.05737775
    0.08221701
    0.05159651
    0.05706011
    0.04541505
    0.06724413
    0.05432918
    0.05060284
   -0.00808815
    0.00921482
    0.05953421
    0.07189473
    0.07117427
    0.05744873
    0.05784906
    0.04967584
    0.06077527
    0.05649881
    0.05751619
    0.08379068
    0.08323652
    0.05032305
    0.05408310
    0.04876535
    0.00809353
    0.07566334
    0.07583673
    0.03844349
    0.06984659
    0.03601458
    0.05210498
    0.06412919
    0.03560748
    0.05493946
    0.16000635
