           1           2   1.9565103781606621     
           2           3  0.99103022485917680     
           3           4  0.97265840580339358     
           4           5   1.3725770308173633     
           5           6   1.3972905369238762     
           6           7   1.1019583902416470     
           7           8  0.97772126761694711     
           6           9   1.2162331227272336     
           9          10   1.1074832894174229     
          10          11  0.97656564732923257     
           9          12   1.3843931008220598     
           4          13   1.4054223527498584     
          12          13   1.4136894087374268     
           3          14  0.92193505149896449     
          14          15   1.0450138174744208     
          15          16   1.7090239652157238     
          16          17   1.1224280498283918     
          17          18  0.97932912739514055     
          18          19  0.96969844462342325     
          19          20   1.0086514302049159     
          20          21   1.4071105727200477     
          21          22   1.4169454381109103     
          22          23   1.3811657224435288     
          23          24   1.1146235813483487     
          24          25  0.97495984207934761     
          23          26   1.2132694727728395     
          26          27   1.1079175987642167     
          27          28  0.97755931790831385     
          20          29   1.3788261650868070     
          26          29   1.3943346936007750     
          17          30   1.4119405975253900     
           3          31  0.94950604427806518     
          31          32   1.0059972035848401     
          31          33   1.0082952449628428     
           5          34  0.95689883486527583     
           8          35  0.97288901458459831     
           8          36  0.97647120679186172     
           8          37  0.97264156406704638     
          11          38  0.97199357044695978     
          11          39  0.97668694657334054     
          11          40  0.97279153659785711     
          12          41  0.96279462137988736     
          13          42  0.96165383894654122     
          14          43  0.94841305581245416     
          14          44  0.96983713589350729     
          15          45  0.95621507849392995     
           2          47  0.92936514948027871     
          16          48  0.95631092841841780     
          18          49  0.96620688135426736     
          18          50  0.96759694493064163     
          19          51  0.97294224059346490     
          19          52  0.96818930832723382     
          21          53  0.96743769814086644     
          22          54  0.96265341216998801     
          25          55  0.97169722581460871     
          25          56  0.97202873497596276     
          25          57  0.97644617264669586     
          28          58  0.97648225558740676     
          28          59  0.97291044789318515     
          28          60  0.97258172655779185     
          29          61  0.96217150654989736     
          46          62  0.99766154098992088     
          30          63  0.96803251049758088     
          30          64  0.97238872362206652     
          31          65  0.95771699989876291     
          32          66  0.97213417609573904     
          32          67  0.98106541480707210     
          32          68  0.98081560062533679     
          33          69  0.97397842545787205     
          33          70  0.98223050155391023     
          33          71  0.97944392429549199     
           1          72  0.93978850018306215     
