           1           2   1.3093896546431851     
           1           3  0.17362176451704223     
           2           3   1.2476880779770088     
           3           4   1.1773936669473668     
           4           5   1.2604195485058218     
           2           6   1.0684912052111992     
           5           6   1.2308526863902185     
           6           7   1.2961052132939901     
           7           8   1.1539218644529088     
           7           9   1.2004855497058764     
           9          10  0.96855003460170319     
           9          11   1.0717627359816766     
           9          12  0.12611548290238711     
          11          12   1.7129214948174583     
           5          13   1.1777883975306582     
          11          13   1.0714550705633403     
          12          13  0.13502839008855980     
          13          14  0.97417733425017405     
           1          15  0.96191777161009651     
           1          16  0.97043472900092043     
           8          17  0.83759210356826486     
           3          18  0.95969970820269301     
          10          19  0.97070885196930357     
          10          20  0.96392096809194971     
          10          21  0.96324793129447150     
          14          22  0.97053695232096571     
          14          23  0.97016950902789645     
          14          24  0.96526055988503334     
           4          25  0.92350627390468654     
