           1           2  0.90077880133030463     
           2           3   1.3605984514940537     
           3           4   1.0198529141384072     
           4           5   1.4273253776391617     
           1           6  0.98062057329945584     
           2           6   1.3676082140507617     
           3           6  0.34425081360846710     
           7           8   1.8001327436584968     
           7           9   2.0595007445547697     
           8           9  0.37932217175814936     
           9          10   1.0118766640334349     
          11          12   2.6039586395641803     
           4          13  0.16987666112122710     
           5          13   2.2066611869673149     
          13          14   1.0291521376000983     
           1          15  0.96899386544976274     
           1          16  0.97011415056590966     
           6          17  0.93998958982536795     
           3          18  0.95475687932737285     
          10          19  0.96354494859079942     
          10          20  0.96416794139918938     
          10          21  0.96752650788451877     
          14          22  0.94107872247532620     
          14          23  0.95711181677970913     
          14          24  0.91601740434286194     
           4          25  0.88800800978512073     
