           1           2  0.98305373379298611     
           2           3   1.3935495317260234     
           3           4   1.3138955968230759     
           4           5   1.1506507254896416     
           2           6   1.1826491859441877     
           5           6   1.2572948675917823     
           6           7   1.0754745821997194     
           7           8   1.6386905437083632     
           7           9   1.1428665969837293     
           8           9  0.13913707967892167     
           9          10  0.98781905055423125     
           9          11   1.0277882642291638     
          11          12   1.6634447871829789     
           5          13   1.3835814524861838     
          11          13   1.1685684659334628     
           1          15  0.95892583284006272     
           1          16  0.95864365446943900     
           1          17  0.96071245215111289     
           3          18  0.95140852600776848     
          10          19  0.96040736794329828     
          10          20  0.94725106157398775     
          10          21  0.94698967450867655     
          14          22  0.98122343654015121     
          14          23  0.98127742772188442     
          14          24  0.97933577963398200     
           4          25  0.91710120201448253     
