           1           2  0.99666382253526686     
           2           3   1.3114262996726478     
           2           4  0.16631858846715791     
           3           4   1.2695532862545840     
           2           5   1.0629503374774409     
           4           5   1.0737822257588827     
           5           6   1.4724117158365539     
           6           7  0.96730324351514818     
           7           8   1.7107621005402938     
           7           9   1.1155288438973165     
           8           9  0.12725218210111994     
           9          10  0.98117826115235363     
           9          11   1.1501268099444639     
          11          12   1.2232097314811410     
           6          13   1.2280649580492284     
          11          13   1.3803997519071844     
          12          14  0.92996731452278381     
           1          15  0.95534802083602743     
           1          16  0.95892747980324788     
           1          17  0.95616593668241689     
           3          18  0.95382537674071044     
          10          19  0.96982188606683517     
          10          20  0.96418215737168689     
          10          21  0.96243256031674840     
          14          22  0.96887048691813704     
          14          23  0.96854431628057136     
          14          24  0.97377474824311894     
           4          25  0.92503385217970524     
