   -0.30691326
    0.07286983
   -0.01846865
   -0.00285323
   -0.08221444
    0.13123363
   -0.23145777
    0.02758168
    0.13275571
   -0.21944875
    0.02525922
   -0.07016132
   -0.05039011
   -0.11275048
   -0.05467090
    0.00811593
    0.02071244
   -0.01892548
   -0.07089274
    0.00040229
   -0.04868483
   -0.06700002
    0.13408355
   -0.22010707
    0.02432155
    0.13366289
   -0.22295538
    0.02657599
   -0.07870566
   -0.07273971
   -0.00466863
   -0.10698238
   -0.12098917
    0.05161899
    0.05411974
    0.08126404
    0.04788699
    0.05778969
    0.08292493
    0.05133745
    0.05336823
    0.04650652
    0.05972195
    0.06000324
    0.11245898
    0.08564848
   -0.00523454
    0.08289144
    0.06924417
    0.07303591
    0.05708979
    0.05524513
    0.04610773
    0.05964906
    0.05516191
    0.05683637
    0.08313986
    0.08252262
    0.04964994
    0.05313477
    0.04848825
    0.07762744
    0.08060696
    0.08128412
    0.04005982
    0.06270744
    0.03834976
    0.05302568
    0.07683204
    0.03255903
    0.05121568
    0.13852568
