           1           2   1.6629114226146520     
           2           3   1.2674672152727104     
           3           4   1.1853523704261284     
           4           5   1.2941480225624553     
           5           6   1.4324135022826590     
           6           7   1.0980746869403093     
           7           8  0.97762518921967800     
           6           9   1.2029018026238700     
           9          10   1.1159185535619811     
          10          11  0.97540225113680212     
           9          12   1.3593703747779049     
           4          13   1.3112062829652720     
          12          13   1.4543727198126730     
          14          15   1.0936002690266959     
          15          16   1.0677363828087669     
          16          17   1.4271079112268401     
          17          18  0.98699349934760017     
          18          19  0.96510064139876384     
          19          20   1.0083685577146633     
          20          21   1.4044116863352658     
          21          22   1.4204966999527353     
          22          23   1.3801732429871849     
          23          24   1.1124806600481432     
          24          25  0.97535572481885224     
          23          26   1.2188386529002249     
          26          27   1.1057841785676772     
          27          28  0.97805261135081734     
          20          29   1.3832495680815775     
          26          29   1.3917132411847399     
          17          30   1.0010132428997407     
           3          31   1.0090649179731104     
          31          32  0.96616874731191382     
          31          33  0.99658661245020086     
           5          34  0.95600689350147194     
           8          35  0.97370419167083266     
           8          36  0.97660164727529386     
           8          37  0.97313193958853794     
          11          38  0.97249285302847222     
          11          39  0.97675746939265440     
          11          40  0.97304471962104599     
          12          41  0.96267857604229334     
          13          42  0.96358086918963570     
          14          43  0.98182032870077451     
          14          44  0.98134794108191881     
          15          45  0.84674609854129046     
          15          46  0.91991719384254977     
           2          47  0.92733141211251346     
          16          48  0.95623886678844550     
          18          49  0.96485697784624769     
          18          50  0.96687219132284929     
          19          51  0.97007163269577634     
          19          52  0.97322411183514446     
          21          53  0.96795522927050248     
          22          54  0.96282399996799350     
          25          55  0.97245093591058707     
          25          56  0.97210132651893999     
          25          57  0.97660566383479341     
          28          58  0.97659950487334979     
          28          59  0.97311677971189992     
          28          60  0.97298605893887924     
          29          61  0.96228844308497952     
          30          62  0.96151543650408566     
          30          63  0.96164861967331938     
          30          64  0.97806089982623945     
          31          65  0.95422521218249834     
          32          66  0.97958540690382545     
          32          67  0.98554389871134707     
          32          68  0.97792067591616405     
          33          69  0.96546393342121561     
          33          70  0.97341648566461614     
          33          71  0.98019230144349467     
           1          72  0.95077585926002040     
