   -0.27000644
    0.10098087
    0.00635262
    0.00102647
   -0.08037495
    0.12873571
   -0.23144994
    0.02827185
    0.12821839
   -0.22997460
    0.02734622
   -0.07409943
   -0.05284777
   -0.06457234
   -0.06911833
    0.00670626
    0.01010239
   -0.01804690
   -0.06917843
    0.02091321
   -0.03441460
   -0.07384842
    0.10584747
   -0.21170293
    0.02046454
    0.10166119
   -0.19916727
    0.02797635
   -0.09556505
   -0.06889035
   -0.00719388
   -0.11831936
   -0.11893296
    0.05082525
    0.05325775
    0.08030671
    0.04586062
    0.05461984
    0.08023280
    0.04786263
    0.05204014
    0.03917674
    0.05984852
    0.05378313
    0.06645853
    0.07823040
    0.00624423
    0.06930385
    0.07259389
    0.06519531
    0.05203232
    0.05536238
    0.04485902
    0.05224874
    0.05911799
    0.06014615
    0.08180157
    0.05497955
    0.07804927
    0.05388527
    0.07427037
    0.07559345
    0.07797367
    0.08127141
    0.03660129
    0.06767386
    0.03514763
    0.05059845
    0.06137844
    0.03423572
    0.05407615
    0.15595737
