           1           2   1.9545521173557328     
           2           3  0.99447974842260645     
           3           4  0.97049762293757091     
           4           5   1.3683085771155110     
           5           6   1.4017196265351477     
           6           7   1.0968001123338240     
           7           8  0.97883244060658059     
           6           9   1.2236392711213588     
           9          10   1.0997923988663891     
          10          11  0.97778054296596817     
           9          12   1.3926007907227604     
           4          13   1.4151384338076145     
          12          13   1.4048937493600553     
           3          14  0.95656374249154474     
          14          15  0.98323038672184770     
          15          16   1.0590079537595241     
          16          17   1.3986791916777686     
          17          18  0.98813662725211360     
          18          19  0.96758620182719068     
          19          20  0.98660945938519928     
          20          21   1.6089712979041282     
          21          22   1.2012797847543397     
          22          23   1.6106884897999039     
          23          24   1.1612221599726342     
          24          25  0.96850112287872958     
          26          27   1.1693054966684406     
          27          28  0.93927316682250450     
          20          29   1.1513098910060036     
          26          29   2.5113767035547521     
          27          29  0.15093035050530418     
          17          30  0.99875701352012791     
           3          31  0.94262832561071153     
          31          32   1.0084585695889376     
          31          33   1.0086887391535551     
           5          34  0.95805058560433176     
           8          35  0.97355417133311362     
           8          36  0.97680620918695071     
           8          37  0.97375669703248591     
          11          38  0.97358599991313399     
          11          39  0.97704524197770892     
          11          40  0.97367997716567167     
          12          41  0.96374482201938316     
          13          42  0.96245632190609687     
          14          43  0.96811006185377457     
          14          44  0.97210786070135780     
          15          45  0.96027481436300499     
          15          46  0.92775364076009470     
           2          47  0.89844499527518196     
          16          48  0.95757283519672409     
          18          49  0.96180556419455088     
          18          50  0.96813846521238811     
          19          51  0.97274536247918353     
          19          52  0.96613458064860247     
          21          53  0.96496019322998650     
          22          54  0.96086246643286621     
          25          55  0.97336813927541221     
          25          56  0.97286385936093067     
          25          57  0.97818887334397697     
          28          58  0.98171563658108141     
          28          59  0.97761410861221443     
          28          60  0.97658175907512357     
          23          61  0.93865091731228367     
          30          62  0.96770187148288067     
          30          63  0.96308426112882695     
          30          64  0.97736189952584174     
          31          65  0.96084741114381678     
          32          66  0.97457958422654611     
          32          67  0.98196847404912457     
          32          68  0.98161603982639445     
          33          69  0.97637547149953385     
          33          70  0.98310744974551989     
          33          71  0.98023099994505092     
           1          72  0.94200669184172703     
