$coord
            5.9594523974            2.2668481302           -0.0008001848     C 
            4.2211687161            0.1472355545           -0.0003634364     N 
            4.7653194731           -2.3324609820           -0.0012757388     C 
            2.6459521401           -3.7338889351           -0.0004526771     N 
            0.7055188890           -2.0532882552            0.0010233093     C 
            1.7280233079            0.3121056274            0.0010505902     C 
            0.0436908798            2.3560910900            0.0025114627     C 
            0.8570564724            4.5918627958            0.0026299523     O 
           -2.4700624553            1.9952276257            0.0038237678     N 
           -4.0961704019            4.1628356437            0.0052977160     C 
           -3.3316952254           -0.4103370602            0.0036903513     C 
           -5.6696080601           -0.7182849523            0.0049399159     O 
           -1.8088141248           -2.4218397502            0.0023289619     N 
           -2.7173100930           -5.0008499060            0.0022066075     C 
            6.2490936326            2.7932095409            2.0075583332     H 
            7.7633902522            1.6913828305           -0.9150621265     H 
            5.2379416754            3.8853727361           -1.0614384395     H 
            6.6316569798           -3.1400599314           -0.0025488236     H 
           -3.3517671410            5.7089641173            1.2778360908     H 
           -3.9505212207            5.0219234916           -1.9441996816     H 
           -6.0845558226            3.7388629041            0.4019144645     H 
           -1.6244092959           -6.0340472257            1.4891636551     H 
           -2.1079373711           -5.8890693282           -1.8301833566     H 
           -4.7642205335           -5.1634371625            0.2193413721     H 
            2.5618211917           -5.5745437858            0.0041493491     H 
$end
$set
 chrg  1
 ewin_conf 50.0 
$end
