$coord
        5.95945239735200        2.26684813019000       -0.00080018484000      C 
        4.22116871606600        0.14723555450400       -0.00036343643000      N 
        4.76531947314600       -2.33246098196100       -0.00127573881800      C 
        2.64595214011800       -3.73388893513900       -0.00045267710900      N 
        0.70551888896500       -2.05328825522800        0.00102330929600      C 
        1.72802330794000        0.31210562737000        0.00105059018900      C 
        0.04369087975600        2.35609108998100        0.00251146265700      C 
        0.85705647240300        4.59186279584800        0.00262995228100      O 
       -2.47006245526600        1.99522762573000        0.00382376781000      N 
       -4.09617040185300        4.16283564374800        0.00529771603100      C 
       -3.33169522538400       -0.41033706015100        0.00369035126000      C 
       -5.66960806011300       -0.71828495233900        0.00493991592000      O 
       -1.80881412477200       -2.42183975018700        0.00232896191700      N 
       -2.71731009300300       -5.00084990599300        0.00220660753800      C 
        6.24909363256600        2.79320954086900        2.00755833322800      H 
        7.76339025224200        1.69138283047300       -0.91506212649300      H 
        5.23794167541800        3.88537273608300       -1.06143843950200      H 
        6.63165697984700       -3.14005993141600       -0.00254882357500      H 
       -3.35176714096300        5.70896411725900        1.27783609077200      H 
       -3.95052122073300        5.02192349162700       -1.94419968163100      H 
       -6.08455582259200        3.73886290412200        0.40191446445600      H 
       -1.62440929589200       -6.03404722574200        1.48916365508500      H 
       -2.10793737111800       -5.88906932821500       -1.83018335656800      H 
       -4.76422053345100       -5.16343716248900        0.21934137207300      H 
$end
 $chrg 0
$end
