          24
 6        5.9594523974        2.2668481302       -0.0008001848 -0.5968839660E-01
 7        4.2211687161        0.1472355545       -0.0003634364  0.2427097027E-01
 6        4.7653194731       -2.3324609820       -0.0012757388  0.7534738859E-01
 7        2.6459521401       -3.7338889351       -0.0004526771 -0.2946144345E+00
 6        0.7055188890       -2.0532882552        0.0010233093  0.1136981690E+00
 6        1.7280233079        0.3121056274        0.0010505902 -0.1576060551E-01
 6        0.0436908798        2.3560910900        0.0025114627  0.2415564223E+00
 8        0.8570564724        4.5918627958        0.0026299523 -0.4876189815E+00
 7       -2.4700624553        1.9952276257        0.0038237678 -0.6205859077E-01
 6       -4.0961704019        4.1628356437        0.0052977160 -0.3493437234E-01
 6       -3.3316952254       -0.4103370602        0.0036903513  0.3035987365E+00
 8       -5.6696080601       -0.7182849523        0.0049399159 -0.4901390317E+00
 7       -1.8088141248       -2.4218397502        0.0023289619 -0.5259399149E-01
 6       -2.7173100930       -5.0008499060        0.0022066075 -0.4723062088E-01
 1        6.2490936326        2.7932095409        2.0075583332  0.7635009641E-01
 1        7.7633902522        1.6913828305       -0.9150621265  0.6357110812E-01
 1        5.2379416754        3.8853727361       -1.0614384395  0.1035021410E+00
 1        6.6316569798       -3.1400599314       -0.0025488236  0.6112884937E-01
 1       -3.3517671410        5.7089641173        1.2778360908  0.8230241700E-01
 1       -3.9505212207        5.0219234916       -1.9441996816  0.6491864096E-01
 1       -6.0845558226        3.7388629041        0.4019144645  0.9230950995E-01
 1       -1.6244092959       -6.0340472257        1.4891636551  0.7613478331E-01
 1       -2.1079373711       -5.8890693282       -1.8301833566  0.6728266638E-01
 1       -4.7642205335       -5.1634371625        0.2193413721  0.9866712617E-01
   42    1.67216248   -0.26483299   -0.39256672  -42.63048696
 1       -2.4492082596       -1.5191305876        0.1230240092
 1       -1.3563318253        2.1385614872        0.0432972461
 1        4.9832653999        1.0716971159       -0.0146693634
 1       -2.2384026051       -3.5188035965        0.0114964461
 1       -3.1882984638        2.9131979942        0.0264135245
 3        4.3376779556       -0.6730269194       -0.4494077861
 3        4.3308262825       -0.6551851034        0.4548123479
 3       -4.8052673340       -0.6143485308        0.4645181000
 3        0.5549682379        3.7373387814        0.4617301226
 3        0.5572537780        3.7373335361       -0.4559695423
 3       -4.8089118004       -0.6147713661       -0.4577911794
 1        5.9850592613       -2.8483152390       -0.0032869626
 1        7.1173901558        1.8794586658       -0.5766853094
 1        6.1391034126        2.5813138485        1.2773958445
 3        3.3447728157       -3.0883381367        0.4380522668
 1        5.4771862030        3.2719962597       -0.6686204076
 3        3.3248870373       -3.0897190571       -0.4406484067
 4        1.2674973011       -0.6527625322        0.4709806740
 4        1.2683534622       -0.6504638791       -0.4712959826
 1       -4.0140471458       -5.0937271118        0.1514273286
 1       -2.0392007828       -5.6407160759        0.9650750160
 1       -2.3380196095       -5.5418424606       -1.1748285294
 1       -5.3501677513        3.8735551834        0.2700147927
 1       -3.9948985577        4.6812353134       -1.2418980598
 1       -3.6157469749        5.1044988632        0.8349614739
 3       -1.8138908148       -2.0863554478       -0.1640629172
 3       -2.2518382072        1.8297541142       -0.0751913786
 2        1.3933275938        4.6369285583        0.0047308709
 2       -5.9381499290       -0.2607683539        0.0064632096
 2       -5.8344779015       -1.2248637676        0.0058611427
 2        0.4730594158        4.9760174751       -0.0009502531
 2        2.6196613312       -4.3090934753        0.0009854560
 1       -2.8441324234        0.9364733696       -0.0362969637
 3       -2.3540563583        1.7470501661        0.0825464427
 1        1.0119516850        1.3217568398       -0.0383516587
 3        1.5266884565        0.5265487432        0.0800687596
 3        3.4116990566        0.1184873581       -0.4553590715
 3        3.3931438923        0.1224290058        0.4488640726
 3        2.0265433788       -3.0116195679       -0.4386678636
 2        2.6055011749       -4.3082709312       -0.0021343490
 3       -1.5670679808       -2.1891815662        0.1687341481
 1       -0.7169375420       -2.2407317162       -0.1183407009
  0.002936  0.028131  0.059240  0.121445  0.056753  0.128783  0.011148  0.318073  0.018101  0.003327
  0.004023  0.107767  0.107105  0.008385  0.002900  0.000519  0.000883 -0.000001  0.000303  0.000021
  0.000001  0.008172  0.011701  0.000284
  0.000360  0.114892  0.224888  0.018933  0.084806  0.034509  0.226280  0.163485  0.050317  0.000342
  0.008473  0.006996  0.044564 -0.000013  0.007261  0.001436  0.001850  0.000000  0.001835  0.003905
  0.000177  0.001960  0.002696  0.000047
