   -0.26039827
    0.10195090
    0.00690892
    0.00299220
   -0.07953838
    0.13152375
   -0.22331993
    0.02589760
    0.13220115
   -0.21970313
    0.02387444
   -0.07023174
   -0.04873643
   -0.06605158
   -0.06913376
    0.01729562
    0.04011307
   -0.02707146
   -0.06226618
    0.01935219
   -0.04276206
   -0.07071833
    0.13699668
   -0.21085315
    0.02272806
    0.14842736
   -0.20520609
    0.02355860
   -0.09463286
   -0.07856116
   -0.00743478
   -0.11884605
   -0.11998159
    0.05348243
    0.05616466
    0.08413451
    0.04991288
    0.05897932
    0.08440925
    0.05504384
    0.05997793
    0.04586816
    0.06245099
    0.05603326
    0.06931649
    0.08621936
    0.01187949
    0.07628611
    0.11205813
    0.06257234
    0.05082361
    0.06849567
    0.05944632
    0.06637339
    0.05909841
    0.06026551
    0.08731712
    0.08217340
    0.07059061
    0.06260444
   -0.30063039
    0.08239376
    0.07582363
    0.11207946
    0.03962838
    0.06977503
    0.03694369
    0.05379221
    0.06369423
    0.03621930
    0.05722006
    0.16270937
