           1           2   1.9609813179728279     
           2           3  0.99287152272159696     
           3           4  0.97019163365159589     
           4           5   1.3714894022976087     
           5           6   1.3955046744671948     
           6           7   1.1066049324590934     
           7           8  0.97667935260767880     
           6           9   1.2130998054948694     
           9          10   1.1134870942033479     
          10          11  0.97459135356827187     
           9          12   1.3822908520024388     
           4          13   1.4050382206237626     
          12          13   1.4132259936230740     
           3          14  0.95558190268007159     
          14          15  0.98763408595450797     
          15          16   1.0583223944985105     
          16          17   1.4767107620240081     
          17          18  0.98630640277876169     
          18          19  0.96494299478617540     
          19          20   1.0009143972685168     
          20          21   1.3303078235606165     
          21          22   1.4331761537423215     
          22          23   1.3717409512309033     
          23          24   1.1215983512377024     
          24          25  0.96897542643129553     
          23          26   1.1601733196392101     
          26          27   1.1257018570696902     
          27          28  0.96825473850812882     
          20          29   1.4264521258401510     
          26          29   1.3939834064468239     
          17          30  0.99915953846057348     
           3          31  0.94193098926199381     
          31          32   1.0079602355022670     
          31          33   1.0084422106061797     
           5          34  0.95715356776670912     
           8          35  0.97248421642483751     
           8          36  0.97610174633934643     
           8          37  0.97243541986786519     
          11          38  0.97181090399586201     
          11          39  0.97632436571929893     
          11          40  0.97187297009538565     
          12          41  0.96249270970413825     
          13          42  0.96139420784476481     
          14          43  0.96779315515253761     
          14          44  0.97120218810111469     
          15          45  0.95530783251759155     
          15          46  0.92254886118307400     
           2          47  0.89904268991621850     
          16          48  0.95436595385002276     
          18          49  0.90088326121712914     
          18          50  0.96758080356743392     
          19          51  0.97294260335122584     
          19          52  0.96410087525689969     
          21          53  0.95567775148997436     
          22          54  0.95603555563333353     
          25          55  0.97135756726800249     
          25          56  0.97121072657079965     
          25          57  0.97557063795291143     
          28          58  0.97747007586621848     
          28          59  0.96422131470280159     
          28          60  0.96923773998676188     
          30          62  0.95823794564737086     
          30          63  0.96684934724465998     
          30          64  0.93703996202237905     
          31          65  0.95812763759587116     
          32          66  0.97221064477726893     
          32          67  0.98071142702264213     
          32          68  0.98022660959375518     
          33          69  0.97393201236029014     
          33          70  0.98199211325320013     
          33          71  0.97874835593159837     
           1          72  0.93885867440333615     
