           1           2   1.5106253278231825     
           2           3   1.0273036081082425     
           3           4   1.9044636340962224     
           2           6   1.0485267396662692     
           5           6   1.5151267263905712     
           6           7   1.0414773601850804     
           7           8   1.6735117661340642     
           7           9   1.1323034569994967     
           8           9  0.13865450442242644     
           9          10  0.97092358470738482     
           9          11   1.1136118655985987     
           9          12  0.13123446511295245     
          11          12   1.7040023395119535     
           5          13   1.2889399127098233     
          11          13   1.0490290348648865     
          12          13  0.10808498621432733     
          13          14  0.97794656673512925     
           4          15  0.92138832686826377     
           1          16  0.94727054867196347     
           1          17  0.95104004495298833     
           3          18  0.92579273054565125     
          10          19  0.96516344796153897     
          10          20  0.95405174733547182     
          10          21  0.95672857282776369     
          14          22  0.96237645314486220     
          14          23  0.96213780570740548     
          14          24  0.96312168625241423     
           5          25  0.94808407883918056     
