   -0.26650481
    0.10163833
    0.00835363
    0.01562519
   -0.07924352
    0.14337080
   -0.20095022
    0.01995802
    0.11512802
   -0.28750577
    0.03489349
   -0.05330830
   -0.04223735
   -0.06313426
   -0.06466297
   -0.04192089
    0.09111484
   -0.01988347
   -0.06912883
    0.00220125
   -0.04725651
   -0.06665393
    0.13472913
   -0.21798477
    0.02382375
    0.13455498
   -0.22053369
    0.02567832
   -0.07807793
   -0.10636736
   -0.00561388
   -0.11750807
   -0.12125939
    0.05802702
    0.06585878
    0.09004228
    0.05747001
    0.04005944
    0.07851344
    0.03805862
    0.05955501
    0.05133626
    0.05884134
    0.05476381
    0.05302984
    0.06676246
    0.01098863
    0.05302615
    0.07222855
    0.06813302
    0.05818996
    0.05948609
    0.04782667
    0.06036257
    0.05635292
    0.05748744
    0.08402259
    0.08355924
    0.05118854
    0.05457394
    0.05056565
    0.05385242
    0.05159677
    0.05699935
    0.03758103
    0.06667398
    0.03564980
    0.05321632
    0.06873923
    0.03854849
    0.05634189
    0.15915660
