           1           2   1.3296469401593383     
           2           3   1.2485281888469715     
           3           4   1.2421911907269669     
           4           5   1.1915763330593021     
           2           6   1.0880679007889063     
           5           6   1.3505953862316975     
           6           7   1.0839847072595805     
           7           8   1.6872442581579459     
           7           9   1.0925859011260308     
           8           9  0.13860242378687293     
           9          10  0.97187031679553881     
           9          11   1.1266003422245368     
           9          12  0.13348980024628027     
          11          12   1.7062013901898174     
           5          13   1.2190559339348690     
          11          13   1.0339219352128937     
          12          13  0.11762928953470286     
          13          14  0.97520548539671315     
           1          16  0.96512732227188436     
           1          17  0.95584262162437983     
           3          18  0.95472799901344940     
          10          19  0.96529287103208961     
          10          20  0.95694369635760279     
          10          21  0.95817241587921942     
          14          22  0.96787774436330942     
          14          23  0.96832140230703767     
          14          24  0.96282609799975671     
           4          25  0.91948591377870492     
