           2           3   1.5591494382359850     
           3           4   1.2116983075493331     
           4           5   1.2240287797657716     
           2           6   1.2711205521618512     
           5           6   1.2746899395768909     
           6           7   1.0702021303305902     
           7           8   1.6737562964703994     
           7           9   1.0984153540902044     
           8           9  0.12670313608632131     
           9          10  0.97562066028417649     
           9          11   1.1208797809869973     
           9          12  0.12285949260653926     
          11          12   1.6860929894974741     
           5          13   1.2120607749352026     
          11          13   1.0539594474762970     
          12          13  0.10830542936637320     
          13          14  0.97754765886484574     
           1          15  0.97819182107528535     
           1          16  0.97823695211598105     
           1          17  0.96123052115619001     
           3          18  0.95442822239370240     
          10          19  0.96403588827402342     
          10          20  0.95323164414071493     
          10          21  0.95178807078407057     
          14          22  0.96168391427467692     
          14          23  0.96287064415312384     
          14          24  0.96245526868524733     
           4          25  0.92393670245515913     
