           1           2   1.4714421961365742     
           1           3  0.21755386915536776     
           2           3   1.2225726326133171     
           3           4   1.1814495503052282     
           1           5  0.10527245727081487     
           3           5  0.15169870791879761     
           4           5   1.3427579670050744     
           2           6  0.97804026956554191     
           5           6   1.0128930386484676     
           6           7  0.87024671441054191     
           7           8   1.7785121833703053     
           7           9   1.1896493716484302     
           8           9  0.16274547350958857     
           9          10  0.95395265268753526     
           9          11   1.0672031153499903     
           9          12  0.11330121475742386     
          11          12   1.7344275256691524     
           5          13   1.2051253430253008     
          11          13   1.0460844134972087     
          12          13  0.11831686928183305     
          13          14  0.96724383863132812     
           1          15  0.96343303204765807     
           6          16  0.91238829107917430     
           1          17  0.96413095820893957     
           3          18  0.95741247299168297     
          10          19  0.97355484140285453     
          10          20  0.96824216285732900     
          10          21  0.97105222860461204     
          14          22  0.96957585143326219     
          14          23  0.97496109834160727     
          14          24  0.96459943260188985     
           4          25  0.91661821764023022     
