   -0.26472258
    0.10166213
    0.00647175
    0.00243934
   -0.07970404
    0.13035971
   -0.22726174
    0.02678366
    0.12981751
   -0.22523000
    0.02582169
   -0.07371827
   -0.05243769
   -0.06525235
   -0.06987149
    0.01063707
    0.01770941
   -0.01791845
   -0.07072360
    0.00564719
   -0.04323292
   -0.06667416
    0.12958332
   -0.19337445
    0.02233792
    0.20043266
   -0.37029933
   -0.10663777
   -0.07540447
   -0.07181260
   -0.00746763
   -0.11862445
   -0.11935229
    0.05272283
    0.05488673
    0.08253417
    0.04845546
    0.05655008
    0.08261683
    0.05010810
    0.05405737
    0.03978877
    0.06149707
    0.05477487
    0.06808903
    0.08266635
    0.00735998
    0.07294174
    0.07377814
    0.06742424
    0.05438490
    0.05947976
    0.04522524
    0.05569097
    0.05933657
    0.06150165
    0.08608205
    0.09244038
    0.08721463
    0.08941007
    0.05709424
    0.07905807
    0.07957021
    0.08572055
    0.03823813
    0.06882623
    0.03584620
    0.05239974
    0.06230203
    0.03524404
    0.05555866
    0.15914086
