           1           2   1.9589803175127798     
           2           3  0.99407083242471250     
           3           4  0.96965182391389237     
           4           5   1.3691435384035255     
           5           6   1.3993486722257504     
           6           7   1.1025281227459482     
           7           8  0.97725755353470067     
           6           9   1.2183757274974727     
           9          10   1.1060520723429521     
          10          11  0.97644350671893421     
           9          12   1.3889545758358783     
           4          13   1.4116569187292516     
          12          13   1.4065026970666330     
           3          14  0.95642070548454772     
          14          15  0.98375853500377541     
          15          16   1.0597389180555461     
          16          17   1.4212745409861596     
          17          18  0.98581714741780324     
          18          19  0.96693243405437590     
          19          20   1.0016116802197765     
          20          21   1.3223299701145996     
          21          22   1.4184552400091432     
          22          23   1.3883907543739711     
          23          24   1.1513548310818695     
          24          25  0.97229378990863291     
          23          26   1.0498907065465888     
          26          27   1.5774013517413434     
          20          29   1.4946582203795706     
          26          29   1.1637793043701090     
          17          30  0.99751090380563157     
           3          31  0.94213903567699742     
          31          32   1.0082018662822683     
          31          33   1.0088043365698776     
           5          34  0.95758077257946850     
           8          35  0.97317492362440117     
           8          36  0.97640968370300962     
           8          37  0.97303076166785973     
          11          38  0.97280927793450556     
          11          39  0.97665242426131915     
          11          40  0.97309317308883092     
          12          41  0.96341627092890669     
          13          42  0.96213844382813152     
          14          43  0.96832028297115724     
          14          44  0.97183219998642389     
          15          45  0.95995870140550821     
          15          46  0.92487361468882678     
           2          47  0.89813319851882234     
          16          48  0.95632941440052632     
          18          49  0.96244832717448392     
          18          50  0.96810353691129536     
          19          51  0.97298892114921864     
          19          52  0.96989541184512251     
          21          53  0.96849043432770487     
          22          54  0.95876413357402901     
          25          55  0.96993732676824174     
          25          56  0.96954038104608831     
          25          57  0.97628651145408329     
          28          58  0.98922096479174104     
          28          59  0.99019571315965216     
          28          60  0.98984884415450825     
          29          61  0.96380322688037801     
          30          62  0.96632181004192086     
          30          63  0.96255273415101872     
          30          64  0.97669236242439017     
          31          65  0.95907847121847190     
          32          66  0.97361290975271586     
          32          67  0.98144773080305814     
          32          68  0.98090939549815237     
          33          69  0.97535716392315941     
          33          70  0.98248066112131349     
          33          71  0.97960574373007892     
           1          72  0.94060432439102193     
