           1           2  0.99464424836592547     
           2           3   1.2667965303068249     
           3           4   1.4894927933169289     
           4           5   1.2670130365753915     
           2           6   1.2178828233426726     
           5           6   1.2531983585692448     
           6           7   1.0760423832162873     
           7           8   1.6721770561496720     
           7           9   1.1009022633467849     
           8           9  0.12696023793304656     
           9          10  0.97939334300624148     
           9          11   1.1054777805294556     
           9          12  0.11684524709986202     
          11          12   1.6863494849993050     
           5          13   1.2090756893115182     
          11          13   1.0683839396472801     
          12          13  0.10097983620659606     
          13          14  0.98361555322737493     
           1          15  0.94935833300154981     
           1          16  0.95512867856393613     
           1          17  0.95987103055623924     
           3          18  0.95463114476627453     
          10          19  0.95900539354866698     
          10          20  0.94336300051706634     
          10          21  0.94361284393149303     
          14          22  0.94731817516407058     
          14          23  0.94620377941911604     
          14          24  0.96215855615897417     
