           1           2  0.99495823168931474     
           2           3   1.2638811563570669     
           3           4   1.5182697679010193     
           4           5   1.3037348004993954     
           2           6   1.2564279901466786     
           5           6   1.3543338916091956     
           6           7   1.0255101364660555     
           7           8   1.8430807363989894     
           7           9  0.97557538605517902     
           9          10  0.97934875096789875     
           5          11   1.0633570777696946     
           9          11   1.2792691716150346     
           9          12  0.10403952236184572     
          11          12   1.4203284299764536     
          12          13  0.10348381109528093     
          12          14  0.60075920456577747     
          13          14   1.3359219838207972     
           1          15  0.95524632876802029     
           1          16  0.96419863645032922     
           1          17  0.97416038768595759     
           3          18  0.95688787104728190     
          10          19  0.96998978561891303     
          10          20  0.96716377010997290     
          10          21  0.96606008938363430     
          14          22  0.95329905466067433     
          13          23  0.93962857396448918     
          13          24  0.93780933862275839     
          14          25  0.95445013287252567     
