           1           2  0.99374389607543778     
           2           3   1.3303053468117469     
           3           4   1.2422726792052019     
           4           5   1.1911445154566884     
           2           6   1.1518868413801360     
           5           6   1.3230576588665552     
           6           7   1.1279492265831124     
           7           8  0.95797534166890952     
           7           9   1.6453728182860656     
           9          10   1.0497100993864052     
           8          11   1.0733024472044574     
           8          12  0.12510125458794552     
          11          12   1.7266030992854078     
           5          13   1.1787433887065826     
          11          13   1.0367827925039879     
          12          13  0.12080785555848034     
          13          14  0.97740943383173073     
           1          15  0.95632974366804868     
           1          16  0.97224265396519927     
           1          17  0.95259263703651775     
           3          18  0.95474029915892289     
          10          19  0.95380535058031024     
          10          20  0.93515309891879339     
          10          21  0.92730799375076267     
          14          22  0.96738691768763574     
          14          23  0.96740525619809192     
          14          24  0.96240348173097601     
           4          25  0.92086256294826818     
