   -0.26463946
    0.10160545
    0.00641098
    0.00268126
   -0.07998468
    0.13006385
   -0.22763616
    0.02669765
    0.12910608
   -0.22593097
    0.02605410
   -0.07452309
   -0.05295574
   -0.06509577
   -0.06980530
    0.00986369
    0.01628966
   -0.01687145
   -0.06947143
    0.00344745
   -0.04269091
   -0.06062978
    0.20121420
   -0.36026919
   -0.10473494
    0.12939068
   -0.19489771
    0.02439485
   -0.07890697
   -0.07159503
   -0.00733437
   -0.11884147
   -0.11931654
    0.05322564
    0.05515023
    0.08264649
    0.04843519
    0.05664813
    0.08261404
    0.04865452
    0.05328644
    0.03971942
    0.06182713
    0.05474748
    0.06726437
    0.08284766
    0.00579710
    0.07245380
    0.06887247
    0.06941206
    0.05682207
    0.05604796
    0.04587977
    0.06933804
    0.08794329
    0.08914309
    0.09862276
    0.08665059
    0.05339442
    0.05775605
    0.04405161
    0.07856565
    0.08044207
    0.08161414
    0.03822236
    0.06968976
    0.03585883
    0.05261625
    0.06218427
    0.03545860
    0.05574028
    0.15926704
