           1           2   1.9557961451169330     
           2           3  0.99491865577779837     
           3           4  0.96945695377307617     
           4           5   1.3676510224014191     
           5           6   1.4022115380798641     
           6           7   1.0977907466746994     
           7           8  0.97823063057343129     
           6           9   1.2231639123559308     
           9          10   1.0999960890571503     
          10          11  0.97786216533251513     
           9          12   1.3931567314497755     
           4          13   1.4155001110266510     
          12          13   1.4023118030472010     
           3          14  0.95680864570075597     
          14          15  0.98179315697489455     
          15          16   1.0592122647327427     
          16          17   1.4072981938392652     
          17          18  0.98668238677415598     
          18          19  0.96657237329860879     
          19          20  0.99968138256872174     
          20          21   1.3541872161915605     
          21          22   1.4322413890582661     
          22          23   1.3718896733648547     
          23          24   1.1120326702855434     
          24          25  0.97052772536064702     
          23          26   1.1995383424445114     
          26          27   1.0371402446145583     
          27          28   1.2801095042847708     
          20          29   1.4147960203695837     
          26          29   1.3660938304159860     
          17          30  0.99822619552330805     
           3          31  0.94306162613336986     
          31          32   1.0083398539527302     
          31          33   1.0090038223160269     
           5          34  0.95774417772289155     
           8          35  0.97377013944316670     
           8          36  0.97672964036799614     
           8          37  0.97350752347757075     
          11          38  0.97355690006320494     
          11          39  0.97699662418061939     
          11          40  0.97374361321531799     
          12          41  0.96380922205263508     
          13          42  0.96259021944428946     
          14          43  0.96862834456616231     
          14          44  0.97235552802589520     
          15          45  0.96102345679970591     
          15          46  0.92749814605289294     
           2          47  0.90091759683925232     
          16          48  0.95713943328144691     
          18          49  0.96299456473602651     
          18          50  0.96817090116535443     
          19          51  0.97362633678207777     
          19          52  0.97045131104117832     
          21          53  0.96000672371389562     
          22          54  0.95941452412596817     
          25          55  0.97395423139001824     
          25          56  0.97417888465358149     
          25          57  0.97698838810048172     
          28          58  0.96605029219426053     
          28          59  0.95801124660708292     
          60          61  0.92586104721274709     
          30          62  0.96611682247866759     
          30          63  0.96151068264099537     
          30          64  0.97713807833725685     
          31          65  0.96012957659760390     
          32          66  0.97430199507129767     
          32          67  0.98193585711256381     
          32          68  0.98161188522535625     
          33          69  0.97668519960276901     
          33          70  0.98308107204021677     
          33          71  0.98038102374143321     
           1          72  0.94212359854246097     
