           1           2  0.98873845400902660     
           2           3   1.4407857570218479     
           3           4   1.2785678754815009     
           4           5   1.1733070481767822     
           2           6   1.1478782280956394     
           5           6   1.3041293736029251     
           6           7   1.0848534995963635     
           7           8   1.7585547608440066     
           7           9   1.0059628509646235     
           9          10   1.8516230802363385     
           9          11  0.24719117040063621     
           9          12  0.11092361792633799     
          11          12   1.7781695414066281     
           5          13   1.2930184386910586     
          11          13  0.93401077422358114     
          13          14  0.97596313404728585     
           1          15  0.95087569783367742     
           1          16  0.97322303230145579     
           1          17  0.95187674209807172     
           3          18  0.95057738551094217     
          10          19  0.94442620190155790     
          10          20  0.94838348721112742     
          11          21  0.91259788462715652     
          14          22  0.96864740931685711     
          14          23  0.97509724463886771     
          14          24  0.96322897927532514     
           4          25  0.91785090958452120     
