   -0.25939995
    0.10245773
    0.00788068
    0.01018181
   -0.07490464
    0.13550905
   -0.21654441
    0.02426943
    0.13459266
   -0.21510299
    0.02387001
   -0.06923853
   -0.04609786
   -0.06480113
   -0.06400121
   -0.02181444
    0.09550250
   -0.02005269
   -0.06891711
    0.00620388
   -0.04526336
   -0.06526724
    0.13629275
   -0.21271865
    0.02230796
    0.13623414
   -0.21562820
    0.02413554
   -0.07701373
   -0.07421643
   -0.00760927
   -0.11942482
   -0.11885852
    0.05821678
    0.05729419
    0.08567553
    0.05597937
    0.05869274
    0.08560639
    0.05524117
    0.05741223
    0.04239091
    0.06024269
    0.05371333
    0.06741021
    0.08109798
    0.01578766
    0.05890947
    0.07202447
    0.06907302
    0.06344533
    0.06676656
    0.05216422
    0.06299087
    0.05837858
    0.06057962
    0.08615493
    0.08557078
    0.05315760
    0.05819690
    0.05447543
   -0.21020849
    0.07838111
    0.06831297
    0.04178122
    0.07237124
    0.03683218
    0.05448449
    0.06168798
    0.03893292
    0.05727289
    0.16093957
