           1           2   1.9569787763705953     
           2           3  0.99327625200881087     
           3           4  0.97016606175275555     
           4           5   1.3735797386172597     
           5           6   1.3911147274770228     
           6           7   1.1153116613626031     
           7           8  0.97490864361495233     
           6           9   1.2060488037008132     
           9          10   1.1172458600827080     
          10          11  0.97488909346945130     
           9          12   1.3798713731762609     
           4          13   1.3986859911471223     
          12          13   1.4137207085888517     
           3          14  0.95399897493871166     
          14          15  0.97718053121976567     
          15          16   1.0548905686947305     
          16          17   1.3417964200678731     
          17          18  0.96494418263891113     
          18          19  0.97427938660140989     
          19          20   1.0082618163723667     
          20          21   1.3962175134246257     
          21          22   1.4234286368966178     
          22          23   1.3737775467427094     
          23          24   1.1210209842940861     
          24          25  0.97375893682110548     
          23          26   1.2080493096086524     
          26          27   1.1153983075999725     
          27          28  0.97572607964263602     
          20          29   1.3865854922431526     
          26          29   1.3857170105709511     
          16          30  0.16749764744612511     
          17          30   1.3613644682911570     
           3          31  0.93931431599394466     
          31          32   1.0075326206839776     
          31          33   1.0086390091390549     
           5          34  0.95638879442482216     
           8          35  0.97166345928231268     
           8          36  0.97583192129893148     
           8          37  0.97111553657232208     
          11          38  0.97138676171656402     
          11          39  0.97608731463957343     
          11          40  0.97153414981710773     
          12          41  0.96274944080372915     
          13          42  0.96195209015528060     
          14          43  0.96810225449194309     
          14          44  0.97147241000820428     
          15          45  0.95825374085979942     
          15          46  0.93113048598898329     
           2          47  0.90552878986497953     
          16          48  0.96120562705881007     
          18          49  0.96783941400268425     
          18          50  0.96811681800845661     
          19          51  0.96963171304745710     
          19          52  0.96911866022690363     
          21          53  0.96720228302212385     
          22          54  0.96220127544233947     
          25          55  0.97088936284783289     
          25          56  0.97076906921413653     
          25          57  0.97597566842519523     
          28          58  0.97602489910708101     
          28          59  0.97182051294824490     
          28          60  0.97151919196244652     
          29          61  0.96143542630325618     
          30          63  0.96270536058409650     
          30          64  0.97315018474723158     
          31          65  0.95554781412059775     
          32          66  0.96901613121621133     
          32          67  0.98019007745190634     
          32          68  0.97913209465088824     
          33          69  0.97350887344342552     
          33          70  0.98124162397496351     
          33          71  0.97816665011037662     
           1          72  0.93887596351104108     
