           1           2   1.3213629937992231     
           2           3   1.2504139103284642     
           3           4   1.2667664780530115     
           4           5   1.1756994558496447     
           2           6   1.0934961220664086     
           5           6   1.3637145975167086     
           6           7   1.0723013265194352     
           7           8   1.6976063180641523     
           7           9   1.1010152698371780     
           8           9  0.15057183849667455     
           9          10  0.96771403371196951     
           9          11   1.1293561299908941     
           9          12  0.14109066975718276     
          11          12   1.7182062668451508     
           5          13   1.2298113065005545     
          11          13   1.0210478830174898     
          12          13  0.12114299657453020     
          13          14  0.97510847759435582     
           1          16  0.96523050917803777     
           1          17  0.95459744490376996     
           3          18  0.95384970486604037     
          10          19  0.96970977356786214     
          10          20  0.96495739810407477     
          10          21  0.96567765036179998     
          14          22  0.97034157142632549     
          14          23  0.97068351516181106     
          14          24  0.96334569535918735     
           4          25  0.91845333857286671     
