   -0.27350619
    0.10024485
    0.01227611
   -0.01942402
   -0.07790084
    0.13445087
   -0.23404918
    0.02597442
    0.14162297
   -0.19178104
    0.01883848
   -0.06356758
   -0.02974455
   -0.06364577
   -0.08067648
    0.00913840
   -0.04413476
   -0.00691959
   -0.07189011
    0.00574917
   -0.04496418
   -0.06591666
    0.13411570
   -0.21936777
    0.02445868
    0.13371543
   -0.22303153
    0.02735056
   -0.07840607
   -0.05687629
   -0.00846439
   -0.11969673
   -0.11967460
    0.05953066
    0.05116354
    0.08325932
    0.04930846
    0.06470227
    0.08977065
    0.06247348
    0.06397128
    0.05513063
    0.05691019
    0.05763492
    0.03840569
    0.08531631
    0.00758295
    0.04740596
    0.05339007
    0.05787443
    0.05515039
    0.05678120
    0.05182644
    0.05993044
    0.05585000
    0.05737481
    0.08267209
    0.08177713
    0.04893526
    0.05328247
    0.04706196
    0.06329650
    0.05764856
    0.06682121
    0.03510429
    0.06656348
    0.03386949
    0.05150390
    0.06612638
    0.03896547
    0.05361174
    0.15771866
