           1           2   1.9479044561816281     
           2           3  0.99950643055898569     
           3           4  0.89591510786059769     
           4           5   1.0452055461851353     
           5           6   1.5660693399622261     
           5           7  0.10429911136918361     
           6           7   1.0931784626549998     
           7           8  0.97720360643927906     
           6           9   1.1380670205489831     
           9          10   1.1628995350462366     
          10          11  0.96821781470238921     
           9          12   1.2762061083320071     
           4          13   1.0561100427072421     
          12          13   1.5943272269355093     
           3          14  0.92694165507778326     
          14          15   1.0362631395659800     
          15          16   1.6585594578709322     
          16          17   1.2244989235465176     
          17          18   1.0032064158075111     
          18          19  0.96931670047934482     
          19          20   1.0122698217550854     
          20          21   1.4042472474096757     
          21          22   1.4169124062956822     
          22          23   1.3807744786187708     
          23          24   1.1120165670907425     
          24          25  0.97567314715535347     
          23          26   1.2127673681164317     
          26          27   1.1043272458516880     
          27          28  0.97875078333029430     
          20          29   1.3763547199862494     
          26          29   1.3964721117548726     
          17          30   1.0063522110992849     
           3          31  0.96782517583185246     
          31          32   1.0072688578416069     
          31          33   1.0036843881916642     
           5          34  0.95890936247853509     
           8          35  0.97422197761367701     
           8          36  0.97650556681898459     
           8          37  0.97402568046863891     
          11          38  0.97068376891026009     
          11          39  0.97595617838890181     
          11          40  0.97129048274083829     
          12          41  0.95901996584155913     
          13          42  0.96475494269080553     
          14          43  0.96071756743022241     
          14          44  0.96436209699910169     
          15          45  0.96159682582128136     
           4          46  0.87967340910106095     
           2          47  0.93141315837230021     
          16          48  0.95468699159591863     
          18          49  0.96094389753275777     
          18          50  0.96967329723109719     
          19          51  0.97458706671339335     
          19          52  0.96327720773675163     
          21          53  0.96694223944382174     
          22          54  0.96265466456617643     
          25          55  0.97180971907451941     
          25          56  0.97184281316094201     
          25          57  0.97662816586899215     
          28          58  0.97666609874608556     
          28          59  0.97316521630496400     
          28          60  0.97242302556330840     
          29          61  0.96139784981411447     
          30          62  0.96989265148383907     
          30          63  0.97058456169789076     
          30          64  0.97927453411068599     
          31          65  0.95726618549644216     
          32          66  0.97450787647014825     
          32          67  0.97107892103327287     
          32          68  0.98011583366998933     
          33          69  0.97558739376250703     
          33          70  0.98191297717355785     
          33          71  0.98073856003100224     
           1          72  0.94155566117929745     
