   -0.26716816
    0.10250819
    0.00592176
    0.00339947
   -0.03325732
   -0.05244956
   -0.33211427
    0.17466188
    0.14951258
   -0.24786308
    0.02927394
   -0.06795358
   -0.04005736
   -0.06431793
   -0.07844437
    0.01917820
    0.02693800
   -0.01817792
   -0.07067527
    0.00074604
   -0.04863011
   -0.06721518
    0.13399844
   -0.21987661
    0.02436932
    0.13375780
   -0.22265109
    0.02637932
   -0.07913077
   -0.08215435
   -0.00796885
   -0.11798560
   -0.11893823
    0.04957691
    0.05659924
    0.04967881
    0.04614826
    0.05374589
    0.07744825
    0.04759737
    0.04654544
    0.03553297
    0.06458035
    0.05281925
    0.09446485
    0.08962613
    0.00427267
    0.07168877
    0.07003491
    0.06679546
    0.05746067
    0.05837056
    0.04608734
    0.05937373
    0.05486757
    0.05703639
    0.08326865
    0.08277930
    0.04957676
    0.05392248
    0.04890288
    0.10861266
    0.08268488
    0.07966983
    0.04097716
    0.06816238
    0.03575584
    0.05199007
    0.06138731
    0.03604730
    0.05546759
    0.15682775
