           1           2  0.98239569964461437     
           2           3   1.4193225894355501     
           3           4   1.3067967728128456     
           4           5   1.1585410590481191     
           2           6   1.1687981418088440     
           5           6   1.3322071042001136     
           6           7   1.0706167617486455     
           7           8   1.6812204323253293     
           7           9   1.0869357933115498     
           8           9  0.14381268128877453     
           9          10  0.96041550759470118     
           9          11   1.1697480906300759     
           9          12  0.15343861042229245     
          11          12   1.7353146266196622     
           5          13   1.1741544413716583     
          11          13  0.92877358997516979     
          13          14   1.2930410809422974     
           1          15  0.95352021887243654     
           1          16  0.96286449605995472     
           1          17  0.95820237507304107     
           3          18  0.94972324023449239     
          10          19  0.96893167126737989     
          10          20  0.96872355580923897     
          10          21  0.96831302921306506     
          14          23  0.96959895239062266     
          14          24  0.95753478067279929     
           4          25  0.91678433143399907     
