   -0.25897588
    0.08890204
    0.01291939
    0.01359467
   -0.07476154
    0.13380571
   -0.21944126
    0.02502814
    0.13450573
   -0.21595302
    0.02362752
   -0.06766228
   -0.04280665
   -0.06611667
   -0.06884792
   -0.00060906
   -0.10393123
    0.00124691
   -0.07253871
    0.01262832
   -0.04183868
   -0.06375781
    0.13743887
   -0.20893908
    0.02157334
    0.13755323
   -0.21233948
    0.02360942
   -0.07474034
   -0.04940028
   -0.00687955
   -0.11843699
   -0.11457609
    0.05556030
    0.05699684
    0.08531405
    0.05383719
    0.06095652
    0.08528378
    0.05457463
    0.05980057
    0.05843106
    0.05198786
    0.04889574
    0.04582403
    0.05660309
    0.03644289
    0.04775613
    0.04182791
    0.05185979
    0.06484445
    0.05640776
    0.05722478
    0.06423368
    0.06069636
    0.06189024
    0.08715990
    0.08629326
    0.05605976
    0.05853278
    0.05544416
    0.06040630
    0.04034176
    0.06191362
    0.05169587
    0.10909554
    0.04584915
    0.06492942
    0.05194061
    0.04280477
    0.05612382
    0.07027888
