           1           2   1.3322201842819463     
           2           3   1.2467899922343224     
           3           4   1.2424066638879498     
           4           5   1.1929511601841885     
           2           6   1.0872317258530799     
           5           6   1.3505991567672999     
           6           7   1.0833847914216661     
           7           8   1.6874444453342887     
           7           9   1.0933589652969258     
           8           9  0.13857862691572198     
           9          10  0.97187874680601705     
           9          11   1.1249258797245392     
           9          12  0.13306607216485514     
          11          12   1.7065445193788595     
           5          13   1.2177112210288994     
          11          13   1.0354743449774424     
          12          13  0.11764183899042682     
          13          14  0.97508602972300751     
           1          16  0.94903288661133123     
           1          17  0.95484644104345007     
           3          18  0.95473640940787696     
          10          19  0.96495255087501486     
          10          20  0.95661381894183184     
          10          21  0.95761167809848846     
          14          22  0.96780141072328418     
          14          23  0.96815692677353571     
          14          24  0.96267595070935985     
           4          25  0.91928551608200904     
