           1           2   1.0877230644676630     
           2           3  0.11652873493459068     
           3           4   1.6274631698179713     
           4           5   1.0834173117443273     
           2           6   1.5416176470204788     
           5           6   1.2171739625961675     
           6           7  0.93928357879237490     
           7           8   1.7019373478489275     
           7           9   1.1587313692813195     
           8           9  0.14066437549349425     
           9          10  0.96113591527491615     
           9          11   1.1035116415178199     
           9          12  0.12080201863760989     
          11          12   1.7001842088178751     
           5          13   1.2163958733539253     
          11          13   1.0498824206723236     
          12          13  0.11005642096390578     
          13          14  0.97771166500788775     
           1          15  0.91120239982972251     
           1          16  0.92938562993975771     
           1          17  0.89140604574163340     
           3          18  0.85974592246546899     
          10          19  0.96731546638498844     
          10          20  0.95908223817735216     
          10          21  0.95933583446196180     
          14          22  0.96089084684418313     
          14          23  0.96107565509295845     
          14          24  0.95623062529860781     
           4          25  0.87382106048098807     
