           1           2   1.1496941708122281     
           1           3  0.99795019147595765     
           4           5   1.6455841464884324     
           3           6   1.5990758735904751     
           5           6   1.0402212739437087     
           6           7   1.0283199873389470     
           7           8   1.6497733580557536     
           7           9   1.1240531986010469     
           8           9  0.11084112075898260     
           9          10  0.98080620990899026     
           9          11   1.0901955022390832     
           9          12  0.10006872448302709     
          11          12   1.6601877039148085     
           5          13   1.1418433795314367     
          11          13   1.1042403491994113     
          12          13  0.10354999448040783     
          13          14  0.98326378627903666     
           1          15  0.84760887500141768     
           1          16  0.85945389565855368     
           2          17  0.90699124587142776     
           3          18  0.94282486454387970     
          10          19  0.94981969587622894     
          10          20  0.93575103894636191     
          10          21  0.93733649348901105     
          14          22  0.93674121951632139     
          14          23  0.93307502644948115     
          14          24  0.94723610040264261     
           4          25  0.91844937384243919     
