           1           2  0.99477240536895939     
           2           3   1.2687519120328365     
           3           4   1.4870163286955302     
           4           5   1.2670711304567175     
           2           6   1.2170840406538130     
           5           6   1.2537420862092437     
           6           7   1.0755737406195771     
           7           8   1.6737839246499571     
           7           9   1.0999546441407890     
           8           9  0.12672539960426715     
           9          10  0.97944659000866785     
           9          11   1.1064070292773118     
           9          12  0.11679186299198571     
          11          12   1.6842871551203427     
           5          13   1.2084901712584928     
          11          13   1.0697149628127127     
          12          13  0.10101792418580818     
          13          14  0.98293267203926371     
           1          15  0.94731140613820330     
           1          16  0.95730627589775974     
           1          17  0.95992773364174444     
           3          18  0.95434601691939214     
          10          19  0.95960802082249663     
          10          20  0.94291496797280783     
          10          21  0.94320838539043994     
          14          22  0.94862226622860946     
          14          23  0.94765029559939107     
          14          24  0.96230654596401732     
