           1           2  0.99541436072546741     
           2           3   1.3276759221385204     
           3           4   1.3019413644286413     
           3           5  0.10930330365635101     
           4           5   1.1843174944239327     
           2           6   1.0810287326154413     
           5           6   1.2170712742087524     
           6           7   1.3967272581164543     
           7           8   1.0059212394823382     
           7           9   1.0551878061252782     
           8           9  0.88252448995652866     
           9          10   1.0033839726748326     
          11          12   1.9035064175248353     
           5          13   1.0770756945759452     
          11          13   1.3177993353965078     
          12          13  0.14535137454594327     
          13          14  0.92245579870557970     
           1          15  0.95878654541376984     
           1          16  0.97494777318864456     
           1          17  0.96073558313803720     
           3          18  0.95396362583813099     
          10          19  0.96831064604225148     
          10          20  0.97257718862133224     
          10          21  0.95697542085555221     
          14          22  0.97260547823579058     
          14          23  0.97140604596563129     
          14          24  0.97400871133675349     
           4          25  0.92093816202962164     
