           1           2  0.98035917387567517     
           2           3   1.3566702246895339     
           3           4   1.3549682843542172     
           4           5   1.0525976640230255     
           2           6   1.2269412285119006     
           5           6   1.1998617451365818     
           6           7   1.0357485391515586     
           7           8   1.5369979990346514     
           7           9   1.2892389824487527     
           8           9  0.13479885328887542     
           9          10   1.1213968083611976     
          11          12   2.6145563799242506     
           5          13   1.5500314336217285     
          13          14   1.0913871613504669     
           1          15  0.95756023461306117     
           1          16  0.96217196376512204     
           1          17  0.94715218675751212     
           3          18  0.95031258839929256     
          10          19  0.90639078594168854     
          10          20  0.90272434382620514     
          10          21  0.90373611716106672     
          14          22  0.95791587798631628     
          14          23  0.87515684660788140     
          14          24  0.92517762994766972     
           4          25  0.92087001981385364     
