           1           2  0.98615183245644544     
           2           3   1.3782972431880249     
           3           4   1.2666660978066493     
           4           5   1.1936459589904538     
           2           6   1.1460324027566144     
           5           6   1.3283173777864681     
           6           7   1.1164715990882739     
           7           8   1.6751971787373041     
           7           9  0.98446386432997968     
           8           9  0.10781576766958423     
           9          10   1.3471792269962810     
           9          11   1.0133292525547191     
          11          12   1.7079836697853188     
           5          13   1.1892336743832550     
          11          13   1.0891310296645227     
          12          13  0.13477137736424305     
          13          14  0.97063355899736969     
           1          15  0.95698696136543426     
           1          16  0.96286634107619418     
           1          17  0.96193723718088908     
           3          18  0.95323625543416446     
          10          19  0.95687578903143045     
          10          20  0.95980967454893096     
          14          22  0.97201801074121907     
          14          23  0.97100221152979915     
          14          24  0.96473674307032742     
           4          25  0.91907780239841375     
