           1           2  0.98608539133611828     
           2           3   1.4002754518391241     
           3           4   1.2987612430652746     
           4           5   1.1851825486444292     
           2           6   1.1905065553949503     
           5           6   1.4291452363105615     
           6           7  0.99801069216938687     
           7           8  0.92883972204475884     
           7           9  0.95514749799201482     
           8           9  0.88541867614804803     
           9          10   1.0065384155749164     
           7          12  0.91968853652441274     
          11          12   1.3268772187292324     
           5          13   1.1428181548538714     
          11          13   1.2839629512132655     
          13          14  0.98073051202067130     
           1          15  0.95310573544696320     
           1          16  0.97386741616940931     
           1          17  0.95392481212744629     
           3          18  0.95088134403641178     
          10          19  0.97132312381034769     
          10          20  0.97429873930721178     
          10          21  0.96465810598471102     
          14          22  0.97272266424491716     
          14          23  0.97343074552698883     
          14          24  0.97117583067243696     
           4          25  0.91685431168579323     
