   -0.26059444
    0.10365698
    0.00956965
    0.00772199
   -0.07548386
    0.13323755
   -0.22274703
    0.02635126
    0.13403323
   -0.21873007
    0.02413519
   -0.06727974
   -0.04425289
   -0.06171903
   -0.05111894
    0.00532214
   -0.11667132
   -0.00450351
   -0.07137126
    0.00862909
   -0.04392599
   -0.06537155
    0.13540922
   -0.21517123
    0.02348871
    0.13557326
   -0.21856999
    0.02537287
   -0.07677608
   -0.04939493
   -0.00818724
   -0.11879215
   -0.11853127
    0.05186599
    0.05552896
    0.08334495
    0.04976644
    0.05838177
    0.08366876
    0.05504853
    0.05991701
    0.04794954
    0.08227412
    0.06283448
    0.05972658
    0.05338281
    0.01753115
    0.07431579
    0.05572027
    0.04801575
    0.04642162
    0.05694237
    0.05101956
    0.06080459
    0.05758685
    0.05889437
    0.08442076
    0.08370363
    0.05270717
    0.05590532
    0.05230596
    0.04214108
    0.05738311
    0.06089284
    0.03859495
    0.07113068
    0.03680410
    0.05275316
    0.06300353
    0.03421702
    0.05590545
    0.16388034
