           1           2   1.9616402139607916     
           2           3  0.98755317340117932     
           3           4  0.97061315380195012     
           4           5   1.3742290914420439     
           5           6   1.3955108785303996     
           6           7   1.1056902965513074     
           7           8  0.97728387692478469     
           6           9   1.2126207316397442     
           9          10   1.1133899106380238     
          10          11  0.97514239659349400     
           9          12   1.3805142998309083     
           4          13   1.4006896731903495     
          12          13   1.4166171068031692     
           3          14  0.92554881412621626     
          14          15   1.0941190362405584     
          15          16   1.0680074460627900     
          16          17   1.0067265140271622     
          17          18   1.0153584047129227     
          18          19  0.95912068208951706     
          19          20   1.0175886299858730     
          20          21   1.3931565024063077     
          21          22   1.4214236662519901     
          22          23   1.3754034992782849     
          23          24   1.1169977596105416     
          24          25  0.97480332794139279     
          23          26   1.2064400758084064     
          26          27   1.1108442052723699     
          27          28  0.97694999832475726     
          20          29   1.3766646048803699     
          26          29   1.3931587043478257     
          17          30   1.0145203198199391     
           3          31  0.95066153580783208     
          31          32   1.0060777025009215     
          31          33   1.0083959569114831     
           5          34  0.95538376255626556     
           8          35  0.97261782152650988     
           8          36  0.97621621524631486     
           8          37  0.97229591585035369     
          11          38  0.97167866968944305     
          11          39  0.97648334763852762     
          11          40  0.97204434276560947     
          12          41  0.96239106961297161     
          13          42  0.96130032549339828     
          14          43  0.91050528676339648     
          14          44  0.95837632824274332     
          15          45  0.96501356703330365     
          16          46  0.92606121394753105     
           2          47  0.91920149755670877     
          16          48  0.91663098644004681     
          18          49  0.96428644910190975     
          18          50  0.96966537606355041     
          19          51  0.97388029661368936     
          19          52  0.96127051949195663     
          21          53  0.96672178220666805     
          22          54  0.96231073747866858     
          25          55  0.97105430509392909     
          25          56  0.97120451688027987     
          25          57  0.97630406655217827     
          28          58  0.97632783202400564     
          28          59  0.97237051938696850     
          28          60  0.97150983051044593     
          29          61  0.96071877603013467     
          30          62  0.96320300204862663     
          30          63  0.97463154547162345     
          30          64  0.97936631075154057     
          31          65  0.95762192678946501     
          32          66  0.97194951258496909     
          32          67  0.98083204417308101     
          32          68  0.98076170479737090     
          33          69  0.97487582328198319     
          33          70  0.98130415921305192     
          33          71  0.97943400950359316     
           1          72  0.93744078034435430     
