           1           2   1.9452598415451319     
           2           3  0.99508206765600371     
           3           4  0.97212181631098138     
           4           5   1.3639991988049569     
           5           6   1.4102854286439150     
           6           7   1.0808039331001229     
           7           8  0.98098603148024899     
           6           9   1.2373498230789677     
           9          10   1.0859205607699869     
          10          11  0.97969165176157857     
           9          12   1.4006897149983983     
           4          13   1.4286030163268666     
          12          13   1.3994721240299728     
           3          14  0.91464574493409201     
          14          15   1.0392229736349854     
          15          16   1.7836639415087838     
          16          17  0.92478973234386785     
          17          18  0.92857292677508141     
          18          19  0.99534440477056296     
          19          20  0.99403557225243544     
          20          21   1.4267510501839096     
          21          22   1.4076998012751485     
          22          23   1.3938157770682129     
          23          24   1.1026087422784872     
          24          25  0.97709869108699177     
          23          26   1.2319489948553384     
          26          27   1.0943544090953419     
          27          28  0.98039425133032587     
          20          29   1.3744561054622826     
          26          29   1.4025964191589548     
          17          30  0.95281259137083363     
           3          31  0.95175050903057012     
          31          32   1.0062887579305599     
          31          33   1.0087355744938959     
           5          34  0.95919548307018343     
           8          35  0.97522562672332491     
           8          36  0.97721894035973900     
           8          37  0.97499562998175904     
          11          38  0.97501878946893417     
          11          39  0.97752429763645154     
          11          40  0.97505427567516612     
          12          41  0.96430889148339949     
          13          42  0.96266709309130816     
          14          43  0.96395035760853887     
          14          44  0.96574453352509793     
          17          45  0.91294258967292774     
          15          46  0.95975911515651524     
           2          47  0.93300481900205501     
          16          48  0.95730099416336878     
          18          49  0.96782832382510364     
          18          50  0.96706922548401908     
          19          51  0.97076365121177233     
          19          52  0.96938805562381869     
          21          53  0.96894772662196504     
          22          54  0.96382679461796616     
          25          55  0.97462130726803764     
          25          56  0.97418034308489754     
          25          57  0.97730025008726429     
          28          58  0.97710845613337516     
          28          59  0.97471635731722106     
          28          60  0.97492864723394734     
          29          61  0.96272813157899362     
          30          62  0.97539430725390297     
          30          63  0.97751507425666273     
          30          64  0.97275816334955478     
          31          65  0.96251631020958528     
          32          66  0.97713813875798117     
          32          67  0.98310201425759935     
          32          68  0.98276341067696427     
          33          69  0.97636985907330387     
          33          70  0.98398204411610668     
          33          71  0.98174560512085629     
           1          72  0.94585551903617171     
