           1           2   1.0162637444914411     
           2           3  0.99805127623081435     
           3           4  0.91955651100576508     
           3           5  0.85358690241679114     
           4           5   1.0034331944199095     
           2           6   1.2593814578771882     
           5           6   1.0280058482982308     
           6           7   1.2242842730162056     
           7           8   1.7054526132588679     
           7           9  0.80667603875883809     
           9          10  0.95220143149288994     
           9          11   1.5458674036661928     
           9          12  0.10751490886448917     
          11          12   1.1139620003636832     
          11          13   1.1217405075818305     
          12          13  0.84490840301868220     
          13          14   1.0012275258247827     
           1          15  0.94135062989570517     
           1          16  0.94487333794773909     
           1          17  0.96431558927240857     
           3          18  0.96015531103327711     
          10          19  0.95583314136451425     
          10          20  0.97204967377406548     
          10          21  0.96101510874036622     
          14          22  0.96880722958284293     
          14          23  0.93632615994440771     
          14          24  0.96348629993495361     
           4          25  0.92864555775813273     
