   -0.25857075
    0.10365786
    0.00820304
    0.01601946
   -0.06000232
    0.15795932
   -0.20113080
    0.02365206
    0.14957222
   -0.20320533
    0.02284978
   -0.06176658
   -0.03891725
   -0.06269995
   -0.06975226
   -0.02678015
    0.09169413
   -0.02072410
   -0.06921043
    0.00471992
   -0.04529225
   -0.06527629
    0.13616399
   -0.21347457
    0.02249673
    0.13601092
   -0.21643604
    0.02456150
   -0.07764951
   -0.08690565
   -0.00808836
   -0.11881194
   -0.11923264
    0.06104185
    0.05822776
    0.08715625
    0.06244675
    0.06011140
    0.08720718
    0.05954095
    0.05940829
    0.04458893
    0.05969857
    0.05205272
    0.08827529
    0.07530788
    0.01897632
    0.05617307
    0.07323230
    0.06829587
    0.05948450
    0.06263642
    0.05199604
    0.06296658
    0.05864478
    0.05974157
    0.08594256
    0.08533739
    0.05272211
    0.05708360
    0.05256961
    0.10052542
   -0.32837170
    0.06772609
    0.04221831
    0.07041123
    0.03647065
    0.05479791
    0.06398010
    0.03935678
    0.05723668
    0.16114822
