   -0.26695995
    0.10146485
    0.00607313
    0.00534349
   -0.07888894
    0.12410042
   -0.24849039
    0.03024292
    0.12247857
   -0.26902008
    0.02885959
   -0.05895871
   -0.05300645
   -0.06410724
   -0.06990063
    0.00803194
    0.01760989
   -0.01752470
   -0.07080118
    0.00021647
   -0.04843721
   -0.06725456
    0.13397227
   -0.22023680
    0.02449273
    0.13370298
   -0.22297522
    0.02645660
   -0.07928627
   -0.07382963
   -0.00721223
   -0.11798441
   -0.11988056
    0.05187698
    0.05222416
    0.07694703
    0.04663373
    0.06321805
    0.04857877
    0.07260746
    0.06458536
    0.04197962
    0.06145827
    0.05461464
    0.06706417
    0.08099329
    0.00559576
    0.07146532
    0.07063955
    0.06737522
    0.05573657
    0.05697522
    0.04576906
    0.05917391
    0.05491666
    0.05656802
    0.08307366
    0.08271197
    0.04986659
    0.05340197
    0.04820843
    0.07842190
    0.08346845
    0.08371313
    0.03657942
    0.06838726
    0.03482790
    0.05121608
    0.06317611
    0.03505379
    0.05471548
    0.15789038
