           1           2   1.9581661523571379     
           2           3  0.99278527754160528     
           3           4  0.97181214534749238     
           4           5   1.3894165485389807     
           5           6   1.3828911061826634     
           6           7   1.0842054576687679     
           7           8  0.97551586487077979     
           6           9   1.2607824035135442     
           9          10   1.0578945556994379     
          10          11  0.95967638654392395     
           9          12   1.3957476858739211     
           4          13   1.4028571870717448     
          12          13   1.4208805636974853     
           3          14  0.95336762816112386     
          14          15  0.98125392685869328     
          15          16   1.0603874676193503     
          16          17   1.4184625292521231     
          17          18  0.98777924144326446     
          18          19  0.96675949862855792     
          19          20   1.0076430525482891     
          20          21   1.4082774024692566     
          21          22   1.4170749534928999     
          22          23   1.3825191946112059     
          23          24   1.1122291663812813     
          24          25  0.97548226810600258     
          23          26   1.2172409486030842     
          26          27   1.1062072487897638     
          27          28  0.97779046111906809     
          20          29   1.3803902900556022     
          26          29   1.3939257192522809     
          17          30  0.99676577916633413     
           3          31  0.94576035179469775     
          31          32   1.0081569573043936     
          31          33   1.0087853560006816     
           5          34  0.95752541891610887     
           8          35  0.97440646082270332     
           8          36  0.97714362578429570     
           8          37  0.97466586493633156     
          11          38  0.97212612525110642     
          11          39  0.97354547955165482     
          11          40  0.97846632950137935     
          12          41  0.96509460553849591     
          13          42  0.96069669006411984     
          14          43  0.96849899977511422     
          14          44  0.97254367745098547     
          15          45  0.96101099813063173     
          15          46  0.92684963580249469     
           2          47  0.90434804955072190     
          16          48  0.95620494770745379     
          18          49  0.96291587102258824     
          18          50  0.96822927052415331     
          19          51  0.97195561095224003     
          19          52  0.97087936241965545     
          21          53  0.96799349040644378     
          22          54  0.96296275739293058     
          25          55  0.97232755399380455     
          25          56  0.97233526748142252     
          25          57  0.97660837136491541     
          28          58  0.97656345303684200     
          28          59  0.97313484459749933     
          28          60  0.97292811068343499     
          29          61  0.96243102759523769     
          30          62  0.96700940441321337     
          30          63  0.95777246273860739     
          30          64  0.97690997416843006     
          31          65  0.95931573579395679     
          32          66  0.97436184623907163     
          32          67  0.98186301245277285     
          32          68  0.98155168177106267     
          33          69  0.97517191050064767     
          33          70  0.98298431379651907     
          33          71  0.98013102232564475     
           1          72  0.94124620493419275     
