           1           2  0.99491678501118452     
           2           3   1.3507231416597363     
           3           4   1.3208693068242039     
           4           5   1.1393223046229133     
           2           6   1.0651329615899534     
           5           6   1.1972253690187533     
           6           7   1.4304599568252474     
           7           8   1.0055488144274594     
           7           9   1.0681630825713349     
           8           9  0.88336350964116706     
           9          10   1.0006898619132194     
          11          12   1.9209150167497793     
           5          13   1.0288617397708604     
          11          13   1.3113032703467269     
          12          13  0.15554134150485030     
          13          14  0.96341331577362666     
           1          15  0.95833083836432942     
           1          16  0.97430080560880172     
           1          17  0.95965876678620865     
           3          18  0.95216688702353669     
          10          19  0.96949890832432206     
          10          20  0.97008715280013602     
          10          21  0.95807214544195674     
          14          22  0.97661239374955933     
          14          23  0.97191476812461741     
          14          24  0.97332308008923185     
           4          25  0.92310193751450820     
