           1           2  0.99012945671530950     
           2           3   1.4040533424844657     
           3           4   1.2706434314260289     
           4           5   1.1892278123715123     
           2           6   1.1623519545716030     
           5           6   1.3554693004475880     
           6           7   1.0587226355617647     
           7           8   1.6959658767823003     
           7           9   1.1067911353033821     
           8           9  0.15135395134784507     
           9          10  0.96795498512843725     
           9          11   1.1232187917549323     
           9          12  0.13570123095858483     
          11          12   1.7138922886805827     
           5          13   1.2211697285121796     
          11          13   1.0289683293568934     
          12          13  0.12164537124772400     
          13          14  0.97401648112343531     
           1          15  0.94850253790979810     
           1          16  0.97169603587348363     
           1          17  0.95627887565963943     
           3          18  0.95163590723731262     
          10          19  0.96797901005756892     
          10          20  0.96363108266003750     
          10          21  0.96331201366057617     
          14          22  0.97094325304542073     
          14          23  0.97031011426969338     
          14          24  0.96313351601970154     
           4          25  0.91802288623836403     
