           1           2  0.97746932187486002     
           2           3   1.3848942775054303     
           2           4  0.12960185091787305     
           3           4   1.3504728264860280     
           3           5  0.11539734560261893     
           4           5   1.0267739862836849     
           2           6   1.0347515272557677     
           6           7   1.2711961761427673     
           6           8  0.78345103975603525     
           7           8   1.2141214328702465     
           7           9   1.2902941036435385     
           9          10  0.94689555814368609     
           9          11   1.0715012698205459     
           9          12  0.11996639730696029     
          11          12   1.8035448279904878     
           5          13   1.6393032479052085     
          11          13  0.92680293455457663     
          13          14  0.95496125656892505     
           1          15  0.95943031157364156     
           1          16  0.97471169494529764     
           1          17  0.96572556617116656     
           3          18  0.94305321397758779     
          10          19  0.97397892972631150     
          10          20  0.96752924624193315     
          10          21  0.96745659509324955     
          14          22  0.96617459140843542     
          14          23  0.96942459184233687     
          14          24  0.95914617048688688     
           4          25  0.89442158578994424     
