           2           3  0.98927393451291878     
           3           4  0.98513141657123360     
           4           5   1.3717279237700266     
           5           6   1.4038920763179057     
           6           7   1.0942294329373927     
           7           8  0.98013690859828118     
           6           9   1.2262628027362341     
           9          10   1.0990034914140505     
          10          11  0.97848617818155792     
           9          12   1.3944218141128137     
           4          13   1.4160635505220915     
          12          13   1.4018915928459599     
           3          14  0.97676016780898833     
          14          15   1.0050691400987415     
           2          16  0.96629538514054936     
          15          16  0.97907686626063095     
          16          17   1.0043772316437103     
          17          18   1.0189315398650356     
          18          19  0.95407487197486485     
          19          20   1.0176168647990325     
          20          21   1.4038731971679874     
          21          22   1.4162648883678379     
          22          23   1.3840549730682359     
          23          24   1.1039522151951999     
          24          25  0.97775090896560191     
          23          26   1.2181549863343382     
          26          27   1.0984304077776348     
          27          28  0.97988412436009487     
          20          29   1.3725765715242377     
          26          29   1.4005209668721763     
          17          30   1.0186717837535091     
           3          31  0.90112343857453947     
           1          32   1.3875407307461245     
          31          32   1.0599603148066989     
          31          33   1.0069287834229781     
           5          34  0.95550815247714094     
           8          35  0.97399859046853399     
           8          36  0.97692475892491593     
           8          37  0.97394657297071663     
          11          38  0.97391872935520052     
          11          39  0.97731311985082303     
          11          40  0.97411805088252035     
          12          41  0.96420648951680343     
          13          42  0.95812375543308725     
          14          43  0.96986592899240065     
          14          44  0.97129033591859459     
          15          45  0.97111257850671850     
          15          46  0.97721923218180984     
           2          47  0.96572367413965765     
          16          48  0.96613359951474009     
          18          49  0.96625562044926916     
          18          50  0.96921212829291703     
          19          51  0.97409419400759256     
          19          52  0.96623360961554838     
          21          53  0.96781142947339838     
          22          54  0.96328711282302770     
          25          55  0.97284534095976194     
          25          56  0.97258863981872690     
          25          57  0.97712947520048932     
          28          58  0.97716503113207898     
          28          59  0.97357999984298671     
          28          60  0.97303177987369416     
          29          61  0.96181080532767171     
          30          62  0.96189031733722730     
          30          63  0.96641007489163677     
          30          64  0.97593870649051229     
          31          65  0.93199305440978453     
           1          66  0.94095493544940534     
          32          67  0.96045934258767429     
           1          68  0.92836739254061085     
          33          69  0.97782602845444766     
          33          70  0.98008859242372393     
          33          71  0.97979938403518929     
           2          72  0.97213918871577287     
