           1           2  0.98305059718167520     
           2           3   1.3954794898725855     
           3           4   1.3141281105470854     
           4           5   1.1526769080569834     
           2           6   1.1806107894461058     
           5           6   1.2629112517987906     
           6           7   1.0770439178053204     
           7           8   1.6413799022657733     
           7           9   1.1385881177423993     
           8           9  0.13896792871593419     
           9          10  0.98656234878952120     
           9          11   1.0414132106477485     
          11          12   1.6332852319374813     
           5          13   1.3749845505779690     
          11          13   1.1815746451477078     
           1          15  0.95577592832654967     
           1          16  0.96186396321619494     
           1          17  0.96021238312021351     
           3          18  0.95121300357523308     
          10          19  0.96108618916263600     
          10          20  0.94909803432384976     
          10          21  0.94930556570391444     
          14          22  0.98023269726598361     
          14          23  0.98023148084457756     
          14          24  0.96082132680874632     
           4          25  0.91666884837025642     
