           1           2  0.99099815699092997     
           2           3   1.2993572839341827     
           3           4   1.2599641648041384     
           4           5   1.1995078469673572     
           2           6   1.1325603807227658     
           5           6   1.2662914149680267     
           6           7   1.2789112061832775     
           7           8   1.0979411923242679     
           7           9   1.1335278455124329     
           7          10  0.13096364528142246     
           9          10   1.3049283981873085     
           9          11  0.98042134899219602     
          11          12   1.6993927241969391     
           5          13   1.1586597877198308     
          11          13   1.1192672329241542     
          12          13  0.14671479350298022     
          13          14  0.97183375560580099     
           1          15  0.96012944464579686     
           1          16  0.96939649193512478     
           1          17  0.96733140381576754     
           3          18  0.95698711826014671     
           8          19  0.83602970434091506     
          10          20  0.95768718807552455     
          10          21  0.96311328047574118     
          14          22  0.97145457320984030     
          14          23  0.97197384366973849     
          14          24  0.96597916963318853     
           4          25  0.92194703159741120     
