           1           2   1.9454441537055818     
           2           3  0.99602878911375292     
           3           4  0.97087810733446533     
           4           5   1.3654454823112003     
           5           6   1.4071101672127246     
           6           7   1.0870474877827336     
           7           8  0.98097809249707280     
           6           9   1.2331351654742870     
           9          10   1.0883009657094718     
          10          11  0.98061452366014534     
           9          12   1.3995806165715448     
           4          13   1.4232197815144509     
          12          13   1.3993709044864147     
           3          14  0.95615026526182390     
          14          15  0.98063679074877841     
          15          16   1.0599494214149259     
          16          17   1.3610001627567194     
          17          18  0.99180602814318763     
          18          19  0.96733577829333994     
          19          20   1.0042581047081589     
          20          21   1.4187270441435764     
          21          22   1.3711234180393619     
          22          23   1.4485829421935941     
          23          24  0.77120607902499472     
          24          25  0.90839582862980472     
          23          26   1.2980429045621720     
          26          27   1.0603467963526496     
          27          28  0.97570954348846939     
          20          29   1.3873078983756246     
          22          29  0.10193867436637842     
          26          29   1.3810342323929534     
          17          30   1.0005433675973265     
           3          31  0.94566741994780468     
          31          32   1.0087215601808990     
          31          33   1.0089456335577442     
           5          34  0.95832964168841028     
           8          35  0.97456593879336784     
           8          36  0.97741950237610586     
           8          37  0.97451558530755644     
          11          38  0.97471133488602024     
          11          39  0.97766783503499766     
          11          40  0.97468888762994677     
          12          41  0.96446082145890388     
          13          42  0.96308092100516374     
          14          43  0.96855937580561990     
          14          44  0.97287979808008018     
          15          45  0.96134024118800354     
          15          46  0.93194232674751309     
           2          47  0.90931007485680215     
          16          48  0.95908041813604683     
          18          49  0.96599253046696387     
          18          50  0.96702203534299280     
          19          51  0.97090399049750720     
          19          52  0.97362132069850493     
          21          53  0.96440220778007768     
          24          54  0.83358769988456394     
          25          55  0.97533006793199450     
          25          56  0.97896294186838972     
          25          57  0.96995309607792624     
          28          58  0.97861947039173702     
          28          59  0.97736958897899928     
          28          60  0.97703970217818026     
          29          61  0.96224480423043390     
          30          62  0.96860655064819479     
          30          63  0.96335338710621377     
          30          64  0.97882858213094237     
          31          65  0.96258444326733561     
          32          66  0.97700928378227880     
          32          67  0.98291766727541530     
          32          68  0.98307200856256394     
          33          69  0.97740904045047450     
          33          70  0.98393277136856716     
          33          71  0.98170856856466748     
           1          72  0.94566298279795380     
