           1           2  0.98460778489063672     
           2           3   1.3530838158201326     
           3           4   1.2958541611121979     
           4           5   1.1739913550344077     
           2           6   1.1732368537359710     
           5           6   1.3995864017541837     
           6           7  0.98826353610943229     
           7           8   1.5062139199724023     
           7           9   1.3492001749948273     
           8           9  0.12698751555165969     
           9          10   1.0704051582877199     
          11          12   1.9237891137977228     
           5          13   1.0286758946379952     
          11          13   1.3476045417691134     
          12          13  0.15055205901887508     
          13          14  0.95036319916336265     
           1          15  0.96113029741703981     
           1          16  0.95170706956568951     
           1          17  0.93067227433732858     
           3          18  0.95201120743192114     
          10          19  0.92161279224839976     
          10          20  0.92994432973031815     
          10          21  0.91805231506528207     
          14          22  0.96363665996922110     
          14          23  0.91341490262360547     
          14          24  0.97167854862531822     
           4          25  0.91711982772000500     
