           1           2   1.9571772976629107     
           2           3  0.99440862313195333     
           3           4  0.96966753140890904     
           4           5   1.3675339020162882     
           5           6   1.4014226912299692     
           6           7   1.0986793704522078     
           7           8  0.97815714296875322     
           6           9   1.2222402032155364     
           9          10   1.1008172044707925     
          10          11  0.97761525830066198     
           9          12   1.3927460820464728     
           4          13   1.4133916119143459     
          12          13   1.4023003728531291     
           3          14  0.95823172674593482     
          14          15  0.98033186803527017     
          15          16   1.0592772571094322     
          16          17   1.3953650988248845     
          17          18  0.99115001308585338     
          18          19  0.95513843049476332     
          19          20   1.0179859126200650     
          20          21   1.3532359682894861     
          21          22   1.7469569575746111     
          22          23  0.92930600386118178     
          23          24   1.0050021122948867     
          24          25  0.98476958539853454     
          23          26  0.95739215027691138     
          26          27   1.1488893902071089     
          27          28  0.96736658683949894     
          20          29   1.2334292558058184     
          26          29   1.5189195045000086     
          17          30  0.99830137953602072     
           3          31  0.94088118958858558     
          31          32   1.0083366933400126     
          31          33   1.0089396915946516     
           5          34  0.95792858326058172     
           8          35  0.97348961522440225     
           8          36  0.97667391479841614     
           8          37  0.97356497015835075     
          11          38  0.97346305888734319     
          11          39  0.97692521971060309     
          11          40  0.97363159591816029     
          12          41  0.96373581502602867     
          13          42  0.96279917756106892     
          14          43  0.96851212486856531     
          14          44  0.97222429505707653     
          15          45  0.96153131204627740     
          15          46  0.92721914974838526     
           2          47  0.90131096298512858     
          16          48  0.95747631152978441     
          18          49  0.96448777486716186     
          18          50  0.96739388203642374     
          19          51  0.96719854113446624     
          19          52  0.97123822255951153     
          23          53  0.90497783455693470     
          22          54  0.95163798876162820     
          25          55  0.97520843183096018     
          25          56  0.97178079833364284     
          25          57  0.97697623270772538     
          28          58  0.97643970707856620     
          28          59  0.97359969490854559     
          28          60  0.97293114184267293     
          29          61  0.95268085109767031     
          30          62  0.96546416375692290     
          30          63  0.96168842067225091     
          30          64  0.97718075111636149     
          31          65  0.96023756520274661     
          32          66  0.97387156575483136     
          32          67  0.98173841044249399     
          32          68  0.98118818725595680     
          33          69  0.97660296202292352     
          33          70  0.98285059843929701     
          33          71  0.98005824057369284     
           1          72  0.94161357581087790     
