   -0.26725500
    0.10165382
    0.00644425
    0.00207016
   -0.08015520
    0.12932839
   -0.23021527
    0.02752168
    0.12827265
   -0.22894089
    0.02692694
   -0.07478668
   -0.05342010
   -0.06482532
   -0.06925459
    0.00598680
    0.00928961
   -0.01637532
   -0.07199981
    0.00731372
   -0.04557703
   -0.05357072
    0.10400665
   -0.08856295
    0.03931087
    0.13972338
   -0.22858689
    0.02516360
   -0.07967606
   -0.07029425
   -0.00735862
   -0.11866295
   -0.11879241
    0.05211218
    0.05397398
    0.08131394
    0.04734472
    0.05509523
    0.08119427
    0.04777902
    0.05171418
    0.03858802
    0.06050935
    0.05434478
    0.06631555
    0.08011721
    0.00599489
    0.06983406
    0.06700606
    0.06891182
    0.05915385
    0.05847977
    0.05651627
    0.09062520
   -0.20587468
    0.09428451
    0.10292001
    0.08395898
    0.05062691
    0.05492832
    0.05186911
    0.07597787
    0.07993004
    0.07862363
    0.03736676
    0.06904072
    0.03521283
    0.05135385
    0.06068533
    0.03506915
    0.05490848
    0.15749136
