           1           2   1.9575040182711141     
           2           3  0.99459103443100727     
           3           4  0.96980054979876729     
           4           5   1.3680861628550480     
           5           6   1.4012064094895826     
           6           7   1.0991869545190700     
           7           8  0.97777429663200144     
           6           9   1.2221804068021485     
           9          10   1.1011419124072503     
          10          11  0.97743886597219620     
           9          12   1.3922938195430892     
           4          13   1.4141090431794767     
          12          13   1.4029722224295742     
           3          14  0.95685901987666022     
          14          15  0.98160204885725078     
          15          16   1.0598283345245034     
          16          17   1.3932414257207137     
          17          18  0.99028624141420396     
          18          19  0.96532856775422693     
          19          20   1.0104198623591638     
          20          21   1.3883694928670676     
          21          22   1.4482725973818082     
          22          23   1.3538039494624576     
          23          24   1.0501598524130822     
          24          25   1.3050904608139460     
          23          26   1.2269082672763696     
          26          27   1.1120900534880021     
          27          28  0.97362416054928380     
          20          29   1.3880368101011029     
          26          29   1.3875024068081581     
          17          30  0.99845661025651999     
           3          31  0.94193405756174220     
          31          32   1.0083278829211673     
          31          33   1.0088603267266139     
           5          34  0.95777532718136782     
           8          35  0.97361751769431193     
           8          36  0.97661227358469149     
           8          37  0.97339432708422102     
          11          38  0.97351554491250303     
          11          39  0.97688549797106827     
          11          40  0.97360223164461046     
          12          41  0.96375668186645447     
          13          42  0.96256241678808796     
          14          43  0.96842348642007792     
          14          44  0.97227875610597203     
          15          45  0.96099738544759195     
          15          46  0.92670778642203899     
           2          47  0.89919892386760092     
          16          48  0.95748740852761882     
          18          49  0.96415567304494643     
          18          50  0.96777631187013857     
          19          51  0.97136443150365226     
          19          52  0.97069110460274743     
          21          53  0.96657139980625573     
          22          54  0.91671223058674300     
          25          56  0.94701496312743227     
          25          57  0.96267016898834024     
          28          58  0.97662495672264682     
          28          59  0.97487496970206999     
          28          60  0.97432486383283179     
          29          61  0.96208209843909553     
          30          62  0.96639380097085481     
          30          63  0.96165379092999248     
          30          64  0.97757219166777309     
          31          65  0.95977622234594395     
          32          66  0.97380434502981461     
          32          67  0.98176468410514761     
          32          68  0.98125214453067666     
          33          69  0.97650463842905477     
          33          70  0.98295819370267679     
          33          71  0.97996423220243545     
           1          72  0.94142625134615820     
