           1           2   1.9653775406431835     
           2           3  0.99074582657823684     
           3           4  0.97209290337830090     
           4           5   1.3690425194457836     
           5           6   1.3977134585360531     
           6           7   1.1040751002953151     
           7           8  0.97661537431463363     
           6           9   1.2171482217465506     
           9          10   1.1064381851981793     
          10          11  0.97619772469115429     
           9          12   1.3876128431048096     
           4          13   1.4084763882852112     
          12          13   1.4052192827862329     
           3          14  0.95736001692481176     
          14          15  0.97731397114051122     
          15          16   1.0632039309813461     
          16          17   1.4905533423001258     
          17          18  0.98087839173914027     
          18          19  0.96833480941800398     
          19          20   1.0024525414121492     
          20          21   1.4135720487234074     
          21          22   1.4752840428965042     
          22          23   1.3135682555500561     
          23          24   1.1226245222297790     
          24          25  0.97021617478808153     
          23          26   1.2166449109152788     
          26          27   1.1049494066330849     
          27          28  0.97627172064437617     
          20          29   1.3332298767739503     
          26          29   1.3923659565059534     
          17          30  0.99193227490227787     
           3          31  0.93929922659239617     
          31          32   1.0078441717476454     
          31          33   1.0088127240313116     
           5          34  0.95792328025558959     
           8          35  0.97288244641326471     
           8          36  0.97624455144183075     
           8          37  0.97284322749630359     
          11          38  0.97270557148546744     
          11          39  0.97648411529280055     
          11          40  0.97289081310573278     
          12          41  0.96320919294090279     
          13          42  0.96222845679000413     
          14          43  0.96782525752764637     
          14          44  0.97113712906370764     
          15          45  0.96026868178622271     
          15          46  0.92392053813218522     
           2          47  0.89801422512895401     
          16          48  0.92393994655102740     
          18          49  0.96216898601338474     
          18          50  0.90735113354015495     
          19          51  0.96510167552114456     
          19          52  0.97279472538582068     
          22          54  0.94336886686609167     
          25          55  0.97014084720579086     
          25          56  0.97109701616857813     
          25          57  0.97515014459265503     
          28          58  0.97596003931600817     
          28          59  0.97243482073828980     
          28          60  0.97193094564952798     
          29          61  0.95093041970657022     
          30          62  0.96542548617747559     
          30          63  0.95976835342540279     
          30          64  0.97757989213869267     
          31          65  0.95769333487505737     
          32          66  0.97167891915553417     
          32          67  0.98102411058971073     
          32          68  0.97989270832862463     
          33          69  0.97269439743045383     
          33          70  0.98150201525721692     
          33          71  0.97861029807212430     
           1          72  0.93605643974369324     
