           1           2  0.98211885304851243     
           2           3   1.4296504917941713     
           3           4   1.2841047180005103     
           4           5   1.1871755747415653     
           2           6   1.1746350060070048     
           5           6   1.3573980248532509     
           6           7   1.0485633115750075     
           7           8   1.7031434566985291     
           7           9   1.1205507977863149     
           8           9  0.16069221435092962     
           9          10  0.96450840885108602     
           9          11   1.1208888105099466     
           9          12  0.13867972022907463     
          11          12   1.7238186332164311     
           5          13   1.2283976372283054     
          11          13   1.0237760369992632     
          12          13  0.12439907623443572     
          13          14  0.97311596581077076     
           1          15  0.95423904899967660     
           1          16  0.96290286147385484     
           1          17  0.95922311089634649     
           3          18  0.95076351004500081     
          10          19  0.97018169011265876     
          10          20  0.96820398231485860     
          10          21  0.96827154445104680     
          14          22  0.97213301899644788     
          14          23  0.97197200334165390     
          14          24  0.96345930935982094     
           4          25  0.91705665563241046     
