   -0.21242833
    0.04123165
    0.00996988
    0.00662980
   -0.06938692
    0.14024912
   -0.21236842
    0.01991129
    0.10760351
   -0.31565090
    0.03429152
   -0.05258008
   -0.00970705
   -0.06013126
   -0.07011954
    0.09652776
   -0.12202776
   -0.00349189
   -0.07178718
    0.00923396
   -0.04400305
   -0.06526407
    0.13537744
   -0.21494551
    0.02336339
    0.13557453
   -0.21838235
    0.02529954
   -0.07654583
   -0.05344410
   -0.01350707
   -0.11191982
   -0.11435114
    0.05894487
    0.06491987
    0.08719956
    0.06515499
    0.04946302
    0.06953199
    0.04356913
    0.06086179
    0.05907130
    0.05207024
    0.05992030
    0.05951926
    0.04838921
    0.06157682
    0.05154834
    0.05327878
    0.05090693
    0.04940346
    0.05570296
    0.05157174
    0.06097036
    0.05759587
    0.05896238
    0.08439888
    0.08364108
    0.05298442
    0.05598168
    0.05296385
    0.04810312
    0.07636473
    0.05902838
    0.04562627
    0.04022490
    0.03638991
    0.05377269
    0.04697530
    0.04312556
    0.05524395
    0.16182099
