           1           2   1.0300048984910291     
           2           3  0.94130479596589778     
           3           4  0.99078535566641879     
           4           5   1.3777609894559781     
           5           6   1.4283801147573636     
           6           7   1.1617371889003065     
           7           8  0.96133174685278988     
           6           9  0.97611670389363980     
           9          10  0.92988554700100634     
          10          11  0.98843333916170739     
           9          12   1.0005130767775645     
           2          13  0.94434924833397438     
           4          13   1.1936574933471282     
          12          13   1.6647182517376611     
           3          14  0.96962712720816568     
          14          15   1.0049623751405727     
           1          16  0.98137964952522982     
          15          16  0.98552248278012744     
          16          17  0.98765338529668956     
          17          18   1.0188409931695532     
          18          19  0.95001993215899994     
          19          20   1.0189517499194383     
          20          21   1.3893611980374145     
          21          22   1.4250115367657463     
          22          23   1.3732570583279251     
          23          24   1.1172420709199369     
          24          25  0.97486168820661701     
          23          26   1.2074789600237164     
          26          27   1.1111641893294897     
          27          28  0.97684524840712550     
          20          29   1.3787232988127447     
          26          29   1.3908741535303513     
          17          30   1.0164192952224211     
           3          31  0.95782683525823753     
          31          32   1.0069721853217217     
          31          33   1.0066942687020752     
           5          34  0.95625090389754575     
           8          35  0.97239789545931588     
           8          36  0.97690662378818338     
           8          37  0.97177068615918150     
          11          38  0.97304522383761682     
          11          39  0.97285506605684291     
          11          40  0.97473059378618543     
          12          41  0.96379459037262472     
           9          42  0.94645887977791010     
          14          43  0.97140223643243506     
          14          44  0.96547827340889114     
          15          45  0.96405904651751351     
          15          46  0.97406242785181951     
           2          47  0.94526875870073446     
          16          48  0.94530508098759958     
          18          49  0.96406813380198375     
          18          50  0.96949272007336851     
          19          51  0.97225383855383574     
          19          52  0.96806861219501028     
          21          53  0.96706209270896371     
          22          54  0.96229340074928349     
          25          55  0.97120797698373551     
          25          56  0.97101980819499500     
          25          57  0.97631583714585735     
          28          58  0.97637649357315781     
          28          59  0.97214765080350141     
          28          60  0.97175448549802335     
          29          61  0.96150386224107431     
          30          62  0.95953731436952516     
          30          63  0.95924291234785797     
          30          64  0.97561393036366018     
          31          65  0.96035304322942616     
          32          66  0.98220366788200764     
          32          67  0.98164045681079359     
          32          68  0.98281266471876605     
          33          69  0.98246500538942760     
          33          70  0.98028605566868277     
          33          71  0.98016485542086706     
           1          72  0.94301423899970327     
