           2           3   1.3849126335423012     
           3           4   1.0058232279985528     
           4           5   1.4144387482884921     
           1           6   1.1171996669625994     
           2           6   2.1113463466260809     
           3           6  0.23360948247039451     
           7           8   1.7991055685681330     
           7           9   2.0672052964779093     
           8           9  0.37959136409468891     
           9          10   1.0125839406829877     
          11          12   2.5766732522998339     
           4          13  0.16236786218428004     
           5          13   2.1727187829507302     
          13          14   1.0298025573332514     
           1          15  0.95055876598922340     
           1          16  0.92981221059848274     
           1          17  0.89767522077249495     
           3          18  0.94128468573847646     
          10          19  0.96187695844630994     
          10          20  0.96186171930141984     
          10          21  0.96748060528198132     
          14          22  0.95597814971162820     
          14          23  0.94214270553368440     
          14          24  0.93484676692362512     
           4          25  0.89407279322215172     
