           1           2   2.0914844379956468     
           1           3  0.13503395194295112     
           2           3   1.6784721220573111     
           4           5   1.4079754630985966     
           5           6   1.3842662729491608     
           6           7   1.1038150339810873     
           7           8  0.97727203050838640     
           6           9   1.2212750548754179     
           9          10   1.1044163980280224     
          10          11  0.97725305239647520     
           9          12   1.3886996018017435     
           4          13   1.4357495967081539     
          12          13   1.4036016169149301     
           3          14  0.97890910002992149     
          14          15  0.98699213956461662     
          15          16  0.99092142044690767     
          16          17   1.0082683867089579     
          17          18   1.0099697151115186     
          18          19  0.96563080606189644     
          19          20   1.0157252823601655     
          20          21   1.3892648829903012     
          21          22   1.4261275263747260     
          22          23   1.3734081115281633     
          23          24   1.1146850671829389     
          24          25  0.97545391944733040     
          23          26   1.2106968740841177     
          26          27   1.1101420983342485     
          27          28  0.97719391721970894     
          20          29   1.3853249389800184     
          26          29   1.3871713528391489     
          17          30   1.0195524439642405     
           3          31  0.95809120614488663     
          31          32   1.0758706774723747     
          31          33  0.92252052455255140     
           5          34  0.96227491590137160     
           8          35  0.97290980257681536     
           8          36  0.97656580957185568     
           8          37  0.97276771022861830     
          11          38  0.97272036093943592     
          11          39  0.97670343726879505     
          11          40  0.97279385879667934     
          12          41  0.96273878263289925     
          13          42  0.96893556690350024     
          14          43  0.96374285937567106     
          14          44  0.97056455546032516     
          15          45  0.97412139591831071     
          15          46  0.97133238614022732     
          16          47  0.95713630247775616     
          16          48  0.96767232967017358     
          18          49  0.96007720952954412     
          18          50  0.96919344626616732     
          19          51  0.96917007481751472     
          19          52  0.96965284358406212     
          21          53  0.96708334808338114     
          22          54  0.96245649700066760     
          25          55  0.97133790645248341     
          25          56  0.97128949981108303     
          25          57  0.97639947251524395     
          28          58  0.97646277744927268     
          28          59  0.97213527757941687     
          28          60  0.97191897634272040     
          29          61  0.96156124299074630     
          30          62  0.97758506094219644     
          30          63  0.96140842204191324     
          30          64  0.97716996275710399     
          31          65  0.94621454886129586     
          32          66  0.97831183155695289     
           4          67  0.87222235091033373     
          32          68  0.97785836704456142     
          33          69  0.98664678357981783     
          33          70  0.97673903220176039     
          33          71  0.98216684347213845     
           1          72  0.90708727937952460     
