           1           2   1.9384685360595115     
           2           3  0.99816044265726289     
           3           4  0.97310982486760977     
           4           5   1.3682057522600486     
           5           6   1.4016340466826447     
           6           7   1.0975760123986429     
           7           8  0.97853277330497712     
           6           9   1.2230031715590803     
           9          10   1.0985693856649585     
          10          11  0.97830750196213545     
           9          12   1.3924400971918844     
           4          13   1.4148218913962873     
          12          13   1.4059018287282445     
           3          14  0.96785133834551706     
          14          15   1.0055186277821293     
          15          16  0.98388350555506843     
          16          17  0.97964234563468089     
          17          18   1.4623246932490559     
          18          19   1.0485183842024568     
          19          20  0.96426237393778291     
          20          21   1.4094194087611951     
          21          22   1.4174676477561539     
          22          23   1.3833523809134813     
          23          24   1.1096301122360310     
          24          25  0.97555019917837960     
          23          26   1.2234644258180976     
          26          27   1.1012464122183414     
          27          28  0.97903726066414798     
          20          29   1.3786511185122521     
          26          29   1.3944606459188447     
          17          30  0.99637421415728455     
           3          31  0.93186551599473977     
          31          32   1.0093601752418619     
          31          33   1.0091084813894775     
           5          34  0.95759892554097148     
           8          35  0.97344088393808403     
           8          36  0.97682233618543468     
           8          37  0.97344712809559519     
          11          38  0.97361262467770526     
          11          39  0.97696536954029023     
          11          40  0.97352947615177710     
          12          41  0.96388344584963936     
          13          42  0.96200406129904392     
          14          43  0.96979006278480306     
          14          44  0.96757498251185969     
          15          45  0.97103639292412058     
          15          46  0.97410804179829302     
           2          47  0.93515949969558632     
          16          48  0.95888743331981008     
          16          49  0.95784964202586020     
          18          50  0.95609031249913823     
          19          51  0.93366356024332908     
          19          52  0.96562566392008542     
          21          53  0.96774446031706218     
          22          54  0.96277307801449630     
          25          55  0.97289112326598559     
          25          56  0.97290037865150825     
          25          57  0.97679794801601716     
          28          58  0.97669883113999667     
          28          59  0.97380065202313604     
          28          60  0.97364227187444219     
          29          61  0.96243414071350442     
          30          62  0.96855763565520758     
          30          63  0.97721711592347638     
          30          64  0.96486155231617077     
          31          65  0.95957800351235867     
          32          66  0.98137516507119771     
          32          67  0.98153659550113126     
          32          68  0.98268834044797748     
          33          69  0.98217535628480190     
          33          70  0.98347520828562018     
          33          71  0.98183055674802455     
           1          72  0.94535927261888197     
