           1           2   2.1027960410727369     
           1           3  0.12847887584367540     
           2           3   1.6009341118909077     
           3           4   1.0936737700382775     
           4           5   1.3280524866557775     
           5           6   1.4135459880784083     
           6           7   1.0952204316251559     
           7           8  0.98016217960677143     
           6           9   1.2161772785584009     
           9          10   1.1093157770859037     
          10          11  0.97652185228181021     
           9          12   1.3651088853463320     
           4          13   1.3404777002783252     
          12          13   1.4488329607002874     
           3          14  0.96715024229910351     
          14          15  0.99256990818681246     
          15          16  0.99961071711821570     
          16          17   1.0040212343354227     
          17          18   1.0143330718632892     
          18          19  0.95627585522207181     
          19          20   1.0179185207944306     
          20          21   1.3964104925435545     
          21          22   1.4221416166221432     
          22          23   1.3789994934378353     
          23          24   1.1074109540212289     
          24          25  0.97701488095376610     
          23          26   1.2174122993019549     
          26          27   1.1020674328977178     
          27          28  0.97894149212241599     
          20          29   1.3785564233181258     
          26          29   1.3943550225869721     
          17          30   1.0162144022577200     
          31          32   1.1146372016693951     
          31          33   1.1158748684039466     
           5          34  0.95738306176906507     
           8          35  0.97366025868402928     
           8          36  0.97676065654374966     
           8          37  0.97350708088282567     
          11          38  0.97301811111128855     
          11          39  0.97691901499890554     
          11          40  0.97277435746263130     
          12          41  0.96295798462723203     
          13          42  0.96635709878167231     
          14          43  0.95860270213714160     
          14          44  0.97416945335570548     
          15          45  0.96998813601895806     
          15          46  0.97128029102583902     
          16          47  0.97046576958238806     
          16          48  0.95482467765753509     
          18          49  0.96961155099138463     
          18          50  0.96984600322018089     
          19          51  0.97051424454617252     
          19          52  0.96940822365538959     
          21          53  0.96786323978490496     
          22          54  0.96301458738531098     
          25          55  0.97224852706647114     
          25          56  0.97223389211800881     
          25          57  0.97681486889966385     
          28          58  0.97685201345204931     
          28          59  0.97294260159221313     
          28          60  0.97293602252071165     
          29          61  0.96201059129266797     
          30          62  0.96521748135972829     
          30          63  0.97124704164149633     
          30          64  0.98088662764326784     
          31          65  0.97095118665439484     
          32          66  0.97771019825057681     
          32          67  0.94121253597533250     
          32          68  0.92066502292645791     
          33          69  0.98003968922146456     
          33          70  0.93634700870077570     
          33          71  0.92283324843111125     
           1          72  0.90355970337074776     
