           1           2  0.98767376830714326     
           2           3   1.3760729586409701     
           3           4   1.2867598424831184     
           4           5   1.1961274815559328     
           2           6   1.1557502436215545     
           5           6   1.3626768176792854     
           6           7   1.0844525365313287     
           7           8   1.7008554235271078     
           7           9   1.0402620339079760     
           8           9  0.12649108006525964     
           9          10  0.97945454136570076     
           9          11   1.4068929591102852     
           5          13   1.1773362412579234     
          11          13   1.2512156105653507     
          12          14   1.0320330837071414     
          13          14  0.94198481329793227     
           1          15  0.96925470288116378     
           1          16  0.95413804569159355     
           1          17  0.96248027216226772     
           3          18  0.95340590055166885     
          10          19  0.96622165107619162     
          10          20  0.97550597001504291     
          10          21  0.96205940666400103     
          14          22  0.95185159742592984     
          14          23  0.96207324510150960     
          12          24  0.88068585509912967     
           4          25  0.89923289016140018     
