           1           2  0.98386595418172329     
           2           3   1.3846669967706060     
           3           4   1.2867303592176125     
           4           5   1.1657484821726276     
           2           6   1.1648847721022675     
           5           6   1.3361483634382634     
           6           7   1.0763339912511443     
           7           8   1.6725521268762304     
           7           9   1.0804521305173638     
           8           9  0.13768422922161649     
           9          10  0.96274851529387950     
           9          11   1.1705393333825487     
           9          12  0.15145473492110387     
          11          12   1.7261195379101946     
           5          13   1.1657067684319589     
          11          13  0.93253111781821030     
          13          14   1.2979827155914636     
           1          15  0.95741441041140718     
           1          16  0.96012839745212464     
           1          17  0.95913398740152256     
           3          18  0.95171892804209157     
          10          19  0.96753439756413595     
          10          20  0.96590586496160458     
          10          21  0.96625524171664900     
          14          22  0.96937685333890256     
          14          23  0.93531952163904586     
           4          25  0.91835268229643685     
