           1           2  0.98215559088200033     
           2           3   1.4289846038068958     
           3           4   1.2838585006860581     
           4           5   1.1872629224526576     
           2           6   1.1744130858801423     
           5           6   1.3574014155256195     
           6           7   1.0488400722721829     
           7           8   1.7029825066550655     
           7           9   1.1201844604765625     
           8           9  0.16045554686516730     
           9          10  0.96458747734472283     
           9          11   1.1210106320517115     
           9          12  0.13863179136302867     
          11          12   1.7236060886929863     
           5          13   1.2282392880318356     
          11          13   1.0238465699991024     
          12          13  0.12434981622077199     
          13          14  0.97320930215586188     
           1          15  0.95428069874691968     
           1          16  0.96287346928224227     
           1          17  0.95926637002767001     
           3          18  0.95078130998180743     
          10          19  0.97016082026260775     
          10          20  0.96807524041346271     
          10          21  0.96814186049168127     
          14          22  0.97188659074163897     
          14          23  0.97210813950362662     
          14          24  0.96349785860706760     
           4          25  0.91705288589601452     
