           1           2   1.9352094330974432     
           2           3   1.0021824109256507     
           3           4  0.97881094925042267     
           4           5   1.3675204223737398     
           5           6   1.3980827474248172     
           6           7   1.0984701186027890     
           7           8  0.97865798627962786     
           6           9   1.2142687455087970     
           9          10   1.1057652072884718     
          10          11  0.97689641707442187     
           9          12   1.3818203235682818     
           4          13   1.4054874608719621     
          12          13   1.4125534501122028     
           3          14  0.97087913533188064     
          14          15  0.99528363232727712     
          15          16   1.0041153071692868     
          16          17   1.9021277176738847     
          18          19   1.0305906118012595     
          18          20  0.82538511665758219     
          19          20  0.81851895963695165     
          20          21   1.1231148171324694     
          21          22   1.5721479485037686     
          22          23   1.2881996507143167     
          23          24   1.1621304825222583     
          24          25  0.96748585983736213     
          23          26   1.1535490114625224     
          26          27   1.1008525532131446     
          27          28  0.97503424899038449     
          20          29   1.1043960348856319     
          26          29   1.5294298949284744     
          17          30   1.0346405164960653     
           3          31  0.91275821152105918     
          31          32   1.0120822874577613     
          31          33   1.0084844536366651     
           5          34  0.95705484257176854     
           8          35  0.97265978548047127     
           8          36  0.97657245663002734     
           8          37  0.97251908819267896     
          11          38  0.97205200665724467     
          11          39  0.97684650719422284     
          11          40  0.97233261495862067     
          12          41  0.96230399803799727     
          13          42  0.94911100180346541     
          14          43  0.96979575293011822     
          14          44  0.97033465388608131     
          15          45  0.96199005547307004     
          15          46  0.94200282448477890     
           2          47  0.93037001495815952     
          16          48  0.94676900349280513     
          18          49  0.97403752583579317     
          18          50  0.97525234578390618     
          19          51  0.97490453751145090     
          19          52  0.97448169514665972     
          21          53  0.96634423468118757     
          22          54  0.95976008543854952     
          25          55  0.97145934008645418     
          25          56  0.97105299261786016     
          25          57  0.97592079604711190     
          28          58  0.97654153831028490     
          28          59  0.97403335165288729     
          28          60  0.97406912828125902     
          29          61  0.96111737900110472     
          30          62  0.95859786896329857     
          30          63  0.95786059977438509     
          30          64  0.97636590181389737     
          31          65  0.95698826491218469     
          32          66  0.97322976907897873     
          32          67  0.98143327843355321     
          32          68  0.97978951947740334     
          33          69  0.98274328424512203     
          33          70  0.98278473996099680     
          33          71  0.98138736300489415     
           1          72  0.94048342944777552     
