           2           3   1.5464292138064692     
           3           4   1.2154056115866749     
           4           5   1.2202296259261678     
           2           6   1.2891657395732690     
           5           6   1.2572699814744275     
           6           7   1.0664915495272749     
           7           8   1.6740751895663508     
           7           9   1.1078813469627540     
           8           9  0.13507622350515308     
           9          10  0.96974013463537956     
           9          11   1.1312222802690950     
           9          12  0.13045830736666236     
          11          12   1.7033317247946984     
           5          13   1.2335316058533845     
          11          13   1.0280835436438718     
          12          13  0.10365359284377182     
          13          14  0.98062669823689919     
           1          15  0.97594878462407841     
           1          16  0.97541785633614253     
           1          17  0.94666006426851723     
           3          18  0.95595074298589555     
          10          19  0.96888425276832757     
          10          20  0.96125810575917670     
          10          21  0.96041286892241029     
          14          22  0.96149456610603556     
          14          23  0.96015580787251131     
          14          24  0.96339736771001916     
           4          25  0.92441850448569862     
