   -0.26078508
    0.10205551
    0.00687013
    0.00251365
   -0.08002244
    0.13097571
   -0.22398289
    0.02604927
    0.13194618
   -0.22001155
    0.02384269
   -0.06999725
   -0.04826234
   -0.06540532
   -0.06928496
    0.01665637
    0.04230509
   -0.02686352
   -0.06263589
    0.01927209
   -0.04341750
   -0.07109065
    0.13683242
   -0.21048450
    0.02299369
    0.14806003
   -0.20541045
    0.02401842
   -0.09838723
   -0.07937716
   -0.00745765
   -0.11858295
   -0.12048525
    0.05317842
    0.05605495
    0.08401175
    0.04968228
    0.05882295
    0.08430691
    0.05543167
    0.06046641
    0.04651533
    0.06298331
    0.05622863
    0.06892298
    0.08617391
    0.01115507
    0.07595498
    0.11184251
    0.06267035
    0.05100430
    0.06845593
    0.05776990
    0.06566282
    0.05875855
    0.05990475
    0.08710307
    0.08247979
    0.06603542
    0.06228532
   -0.28832357
    0.08351463
    0.07613008
    0.11215121
    0.03943600
    0.06928834
    0.03670169
    0.05372068
    0.06480223
    0.03657942
    0.05713134
    0.16255899
