           1           2   1.9608755207760948     
           2           3  0.99219623773564869     
           3           4  0.97211555965152630     
           4           5   1.3710698638855245     
           5           6   1.3956592779492476     
           6           7   1.1058166033178649     
           7           8  0.97672817986217975     
           6           9   1.2133826552925981     
           9          10   1.1132283388034381     
          10          11  0.97451209867463284     
           9          12   1.3823218154715977     
           4          13   1.4050726767897912     
          12          13   1.4131762442115130     
           3          14  0.95459216718551987     
          14          15  0.98555062150171246     
          15          16   1.0588707674888285     
          16          17   1.4786374017178037     
          17          18  0.98861310289123150     
          18          19  0.96394192138433310     
          19          20   1.0005827183771265     
          20          21   1.3318394744063995     
          21          22   1.4322360291383447     
          22          23   1.3729533691312981     
          23          24   1.1218758770209181     
          24          25  0.96936210034570292     
          23          26   1.1579930886359380     
          26          27   1.1246163131017004     
          27          28  0.96931851649569378     
          20          29   1.4253806990354656     
          26          29   1.3952954785542404     
          17          30   1.0001168608365525     
           3          31  0.94180927055094943     
          31          32   1.0080055946944637     
          31          33   1.0082954208076274     
           5          34  0.95749386613209930     
           8          35  0.97260771396255918     
           8          36  0.97610637854784232     
           8          37  0.97243909173255738     
          11          38  0.97194220693673383     
          11          39  0.97632198556060068     
          11          40  0.97174535348030777     
          12          41  0.96241098698465122     
          13          42  0.96121558035856558     
          14          43  0.96749519653791261     
          14          44  0.97152010967104641     
          15          45  0.95590651181268516     
          15          46  0.92318308070265187     
           2          47  0.90314737650931753     
          16          48  0.95430238814216262     
          18          49  0.89313439315534315     
          18          50  0.96745107374913908     
          19          51  0.97162756202786471     
          19          52  0.96640097143299941     
          21          53  0.95610418975875444     
          22          54  0.95598604908685547     
          25          55  0.97127822631234817     
          25          56  0.97117676906289008     
          25          57  0.97556838835977233     
          28          58  0.97776142921837939     
          28          59  0.96853025428378914     
          28          60  0.96987897020321845     
          30          62  0.95765522526373237     
          30          63  0.96717421707181372     
          30          64  0.93138310779735278     
          31          65  0.95806517460369356     
          32          66  0.97238836636017512     
          32          67  0.98073830209119006     
          32          68  0.98027328150450277     
          33          69  0.97352232966340035     
          33          70  0.98201918060794302     
          33          71  0.97869486170175102     
           1          72  0.93895894074664943     
