           1           2  0.88242175429558278     
           1           3  0.97691756539307451     
           2           3   1.5032987481085538     
           4           5   1.7434684815514836     
           2           6   1.2122450572737771     
           3           6  0.18669778958414279     
           5           6   1.0155592086075405     
           6           7   1.2641715103653632     
           7           8   1.1663909183830639     
           7           9   1.3171176137517235     
           9          10  0.97131758553116365     
           9          11  0.98136692561738836     
          11          12   1.7187742341273937     
           4          13  0.10010383411561746     
           5          13   1.1129986480296221     
          11          13   1.1693407927260664     
          12          13  0.15664117363219912     
          13          14  0.96414569901279157     
           1          15  0.96622614112135818     
           1          16  0.96611603115774325     
           8          17  0.84401321923196737     
           3          18  0.94897326525477477     
          10          19  0.97170696237077325     
          10          20  0.95950263570334315     
          10          21  0.95981954200584885     
          14          22  0.96689078253041061     
          14          23  0.96566170492465397     
          14          24  0.97048609725001656     
           4          25  0.94064039550566569     
