   -0.14971314
    0.01323377
   -0.02699611
   -0.04146265
   -0.06948832
    0.12716472
   -0.24166170
    0.03050826
    0.12335279
   -0.24647026
    0.03051989
   -0.07604054
   -0.04584329
   -0.06364855
   -0.06861707
   -0.00130622
    0.01278213
   -0.01869196
   -0.07024127
   -0.00198459
   -0.05011509
   -0.06841389
    0.13177243
   -0.22664415
    0.02642470
    0.13138241
   -0.22916700
    0.02863514
   -0.08039407
   -0.06941910
   -0.01904445
   -0.00472094
   -0.11233700
    0.04682352
    0.05243832
    0.07670737
    0.04195413
    0.05313145
    0.07605247
    0.03608506
    0.04104451
    0.03885836
    0.05733142
    0.06086737
    0.07186771
    0.07812090
    0.03331592
    0.07310174
    0.06798815
    0.06919109
    0.05508457
    0.05367471
    0.04308722
    0.05604616
    0.05177461
    0.05372836
    0.08007183
    0.07968234
    0.04628754
    0.05040761
    0.04450110
    0.07838133
    0.07545979
    0.08017393
    0.04536020
    0.06441016
    0.04373404
    0.04106677
    0.04723765
    0.04728269
    0.05130937
    0.16300363
