           1           2   1.1860456446587069     
           2           3   1.6791801107655875     
           4           5   1.4062691153699258     
           5           6   1.3958609274500897     
           6           7   1.0860349234367621     
           7           8  0.97985516848593068     
           6           9   1.2422724253540338     
           9          10   1.0774236914963362     
          10          11  0.98181050746456600     
           9          12   1.3987496156332604     
           4          13   1.4488270656540296     
          12          13   1.4020856437894600     
           3          14   1.0257746387834383     
          14          15  0.99930293278165672     
          15          16   1.0634009021145365     
          16          17   1.4026938577232768     
          17          18  0.98888217818584589     
          18          19  0.96646789616810758     
          19          20   1.0074545917507425     
          20          21   1.4145133790029552     
          21          22   1.4140597171930513     
          22          23   1.3878743955415977     
          23          24   1.1040029584407860     
          24          25  0.97729807483352638     
          23          26   1.2252897514752250     
          26          27   1.0976389299792475     
          27          28  0.97996309246970403     
          20          29   1.3778261454246652     
          26          29   1.3987831578568097     
          17          30   1.0013036437917306     
           3          31  0.99557338894972391     
           1          32   1.0008637524039483     
          31          32  0.98983421430900342     
          31          33  0.99371998150945517     
           5          34  0.96425707256811810     
           8          35  0.97491120012766375     
           8          36  0.97737746341307097     
           8          37  0.97410159729119417     
          11          38  0.97515392521779587     
          11          39  0.97734472423844876     
          11          40  0.97448935490295452     
          12          41  0.96433649117918341     
          13          42  0.97083140870284867     
          14          43  0.96065449612535558     
          14          44  0.95300848081278189     
          15          45  0.93960443703030783     
          15          46  0.92802228170858647     
           2          47  0.96128301374712688     
          16          48  0.95884429536897298     
          18          49  0.96389931800645434     
          18          50  0.96801381033551714     
          19          51  0.97185838257266055     
          19          52  0.97185126790154974     
          21          53  0.96845055307142947     
          22          54  0.96350055991522654     
          25          55  0.97343530133591494     
          25          56  0.97327828623706059     
          25          57  0.97713851598597978     
          28          58  0.97706486458701081     
          28          59  0.97398057069130473     
          28          60  0.97384559223450817     
          29          61  0.96270818250142598     
          30          62  0.96653558443496279     
          30          63  0.96179903637299136     
          30          64  0.97844793575526523     
          31          65  0.95658250993383354     
          32          66  0.96389861825204559     
          32          67  0.96521718195179274     
           4          68  0.96994908985952399     
          33          69  0.98656208822224822     
          33          70  0.98412539809648802     
          33          71  0.98339120602241581     
           1          72  0.94612747033980538     
