           1           2  0.98387074061769786     
           2           3   1.3843740551513040     
           3           4   1.2874883379294555     
           4           5   1.1650058058643231     
           2           6   1.1651876029531814     
           5           6   1.3372763883584264     
           6           7   1.0753784602005143     
           7           8   1.6729077404773149     
           7           9   1.0812980510165680     
           8           9  0.13799533839143502     
           9          10  0.96281242605787498     
           9          11   1.1693259987095006     
           9          12  0.15124676867008974     
          11          12   1.7261503904000199     
           5          13   1.1651002767652157     
          11          13  0.93366301237434557     
          13          14   1.2996562152554012     
           1          15  0.95723375884314621     
           1          16  0.96037067722917491     
           1          17  0.95933087963536778     
           3          18  0.95169569099867923     
          10          19  0.96755526845450446     
          10          20  0.96588266057171601     
          10          21  0.96614102054971340     
          14          22  0.96998863792513879     
          14          23  0.95701622248913942     
           4          25  0.91830847024443141     
