   -0.29280241
    0.07066745
    0.01273340
   -0.03462582
   -0.06427089
    0.13750087
   -0.21745396
    0.02414062
    0.13651700
   -0.21826265
    0.02532124
   -0.06695082
   -0.03757331
   -0.06478545
   -0.06664560
    0.00890617
   -0.04208314
   -0.00809869
   -0.07115344
    0.00717913
   -0.04453662
   -0.06546817
    0.13525835
   -0.21610693
    0.02356200
    0.13525463
   -0.21922508
    0.02568033
   -0.07702708
   -0.05824270
   -0.01194388
   -0.10747542
   -0.11243306
    0.05742291
    0.05834430
    0.08359281
    0.05616872
    0.05632802
    0.08326897
    0.05452325
    0.05397577
    0.03726761
    0.08130794
    0.07094068
    0.04333959
    0.04326857
    0.01587404
    0.05119934
    0.05615654
    0.06054956
    0.05370096
    0.05552050
    0.05163385
    0.06073723
    0.05750494
    0.05833155
    0.08412873
    0.08333253
    0.05232668
    0.05499007
    0.05115339
    0.05920639
    0.06649457
    0.06487055
    0.08083982
    0.04394085
    0.05986545
    0.05914566
    0.04700126
    0.04099236
    0.05417928
    0.15101869
