           1           2  0.98211885304851332     
           2           3   1.4296504917941717     
           3           4   1.2841047180005143     
           4           5   1.1871755747415658     
           2           6   1.1746350060070045     
           5           6   1.3573980248532540     
           6           7   1.0485633115750079     
           7           8   1.7031434566985304     
           7           9   1.1205507977863149     
           8           9  0.16069221435092967     
           9          10  0.96450840885108646     
           9          11   1.1208888105099464     
           9          12  0.13867972022907432     
          11          12   1.7238186332164323     
           5          13   1.2283976372283072     
          11          13   1.0237760369992654     
          12          13  0.12439907623443591     
          13          14  0.97311596581077053     
           1          15  0.95423904899967771     
           1          16  0.96290286147385662     
           1          17  0.95922311089634837     
           3          18  0.95076351004500148     
          10          19  0.97018169011265776     
          10          20  0.96820398231485760     
          10          21  0.96827154445104657     
          14          22  0.97213301899644833     
          14          23  0.97197200334165657     
          14          24  0.96345930935982182     
           4          25  0.91705665563241223     
