           1           2  0.98652487614753326     
           2           3   1.3791263361674000     
           3           4   1.2663361011605405     
           4           5   1.1937505192362763     
           2           6   1.1459747588614977     
           5           6   1.3281792972657787     
           6           7   1.1161456943361674     
           7           8   1.6743297222403579     
           7           9  0.98648799141979282     
           8           9  0.10751881593989476     
           9          10   1.3456332700614499     
           9          11   1.0140948666033518     
          11          12   1.7092472009707400     
           5          13   1.1905335396954722     
          11          13   1.0868948144727639     
          12          13  0.13467566337317330     
          13          14  0.97057865542183752     
           1          15  0.95532216008534387     
           1          16  0.96470132232508421     
           1          17  0.96146202584817619     
           3          18  0.95319105153176042     
          10          19  0.95637178452600180     
          10          21  0.96003024581075680     
          14          22  0.97105941908282700     
          14          23  0.97194059743833439     
          14          24  0.96486615010001575     
           4          25  0.91901472655025218     
