           1           2   1.3243815711393196     
           1           3  0.17904897952554338     
           2           3   1.2389977460415815     
           3           4   1.1692374547758548     
           4           5   1.2636541819187634     
           2           6   1.0708224319013393     
           5           6   1.2588742773835013     
           6           7   1.2504106498969576     
           7           8   1.1799070459321124     
           7           9   1.2618607318181976     
           9          11   1.4307951961372547     
          10          12  0.92763099199828614     
          11          12   1.1972873402605844     
           5          13   1.1564300426626075     
          11          13   1.1160331645078698     
          13          14  0.97674071724497957     
           1          15  0.96535973587048540     
           1          16  0.97122991446046747     
           8          17  0.84720345761169469     
           3          18  0.96071066268844507     
          10          19  0.97263907474862199     
          10          20  0.97021103544799314     
          10          21  0.96911330293166253     
          14          22  0.96953863326368062     
          14          23  0.96861749899960370     
          14          24  0.96953908343647799     
           4          25  0.92527428597760908     
