           1           2  0.98618244696770208     
           2           3   1.4287913133403973     
           3           4   1.2767330420140963     
           4           5   1.1905076644936368     
           2           6   1.1517331615292505     
           5           6   1.3171005162239791     
           6           7   1.1823541946487335     
           7           9   1.4087342315636544     
           8          10   1.0734890786875493     
           9          10  0.91252326785681237     
           9          11   1.0708716930925075     
           9          12  0.11334633258805327     
          11          12   1.7204663440066033     
           5          13   1.2344466756109742     
          11          13   1.0535000744699219     
          12          13  0.13821641103112026     
          13          14  0.97382283151474769     
           1          15  0.95601079867148298     
           1          16  0.96463928345756900     
           1          17  0.96691255709814561     
           3          18  0.95284934346225414     
           8          19  0.87479646909789399     
          10          20  0.94892778716660886     
          10          21  0.94677791912977205     
          14          22  0.97105389572471412     
          14          23  0.97117803951885373     
          14          24  0.96524429276279688     
           4          25  0.91895055806292281     
