           1           2  0.98479956486026143     
           2           3   1.3760895234172301     
           3           4   1.2693047743159895     
           4           5   1.1876908142487772     
           2           6   1.1573692074898809     
           5           6   1.3596642264289445     
           6           7   1.0881974551098630     
           7           8   1.6701207908562807     
           7           9   1.0611582785410323     
           8           9  0.12734059106149598     
           9          10  0.91414326781837718     
           9          11   1.3797002419808273     
          10          12   1.0640565339613419     
           5          13   1.1826234781168514     
          11          13   1.2773294219237310     
          13          14  0.98047354048854873     
           1          15  0.96015918070185458     
           1          16  0.96069931662231811     
           1          17  0.96291733722858119     
           3          18  0.95367939946633007     
          10          19  0.94874833865363450     
          10          20  0.95696996653863353     
          12          21  0.86241014603417532     
          14          22  0.97129411116402198     
          14          23  0.97042367580928379     
          14          24  0.97145973350932668     
           4          25  0.91995341955407672     
