   -0.26446174
    0.09877096
    0.00837499
    0.00907999
   -0.07447597
    0.13439828
   -0.21896786
    0.02498923
    0.13454543
   -0.21637070
    0.02398755
   -0.06759662
   -0.04376100
   -0.06565005
   -0.07028231
   -0.00308608
   -0.12733106
    0.00017912
   -0.04963083
    0.01614401
   -0.03545825
   -0.06086072
    0.14417686
   -0.19749097
    0.01950836
    0.13691543
   -0.22578744
    0.02636169
   -0.07691566
   -0.04214274
   -0.00704783
   -0.11651982
   -0.11968766
    0.05730349
    0.05671550
    0.08436811
    0.05351549
    0.05868220
    0.08452162
    0.05572892
    0.05850788
    0.04877178
    0.05348971
    0.05450436
    0.05279755
    0.04934641
    0.04494877
    0.05007122
    0.05365804
    0.05881211
    0.04932049
    0.04061778
    0.05972801
    0.06491147
    0.06411352
    0.06364593
    0.08904152
    0.08404128
    0.05240623
    0.05094755
    0.05316996
    0.03873826
    0.05717295
    0.04975796
    0.04001992
    0.06416951
    0.03580180
    0.05281247
    0.06845544
    0.03965882
    0.05589293
    0.15592646
