           1           2  0.98969717109469113     
           2           3   1.4384595641740354     
           2           4  0.15215466417425405     
           3           4   1.3890927612208115     
           4           5  0.96764230449745736     
           2           6   1.0194251918949817     
           5           6  0.99806461437374738     
           6           7   1.6359456380009738     
           7           8   1.0273698945340854     
           7           9   1.0575097883806421     
           8           9  0.87874815086398395     
           9          10   1.0017094069138852     
           5          11  0.76911056957530755     
          11          12   1.8067583211932514     
           5          13  0.90038671437381124     
          11          13   1.2499964840873921     
          12          13  0.25301288755585399     
          13          14  0.97689319579057010     
           1          15  0.95950685182799189     
           1          16  0.97358232522830590     
           1          17  0.95868015228537484     
           3          18  0.94495783495409791     
          10          19  0.96866291585755759     
          10          20  0.97582458914366776     
          10          21  0.95737858884477400     
          14          22  0.96655700165576319     
          14          23  0.96674957552542073     
          14          24  0.96586523263313251     
           4          25  0.92305772904328232     
