           1           2   1.0335817448293536     
           2           3  0.98694762650636136     
           3           4   1.0253479926025562     
           3           5  0.71481448658964120     
           4           5  0.92510660020858049     
           2           6   1.3198952357396410     
           5           6   1.0249641545216428     
           6           7   1.0716594614800934     
           7           8   1.5990147755420214     
           7           9   1.1280616125560725     
           8           9  0.10944017546987897     
           9          10  0.99519242030754440     
           9          11   1.0117890705749599     
          11          12   1.5649959544707031     
          11          13   1.2751172415254706     
          13          14   1.0923703626856351     
           1          15  0.91790110914540257     
           1          16  0.92335111098350020     
           1          17  0.93752075700279258     
           5          18  0.95448656341808769     
          10          19  0.94844907609827034     
          10          20  0.92769686697377063     
          10          21  0.92309589625530108     
          14          22  0.92097364529978709     
          14          23  0.89872234847851407     
          14          24  0.89847517937964305     
           4          25  0.91955774020688197     
