   -0.26857570
    0.09924139
    0.00613176
    0.00611766
   -0.06705925
    0.10268571
   -0.10496413
    0.03679326
    0.13500675
   -0.23078759
    0.02457259
   -0.07428679
   -0.04813410
   -0.06611875
   -0.06896232
    0.00567697
    0.00830990
   -0.01619498
   -0.07053675
   -0.00034121
   -0.04878835
   -0.06740480
    0.13356325
   -0.22154280
    0.02480701
    0.13306829
   -0.22452199
    0.02719784
   -0.07960471
   -0.06971490
   -0.00740141
   -0.11984669
   -0.11825034
    0.05902178
    0.07364220
    0.10790649
   -0.14716172
    0.05726841
    0.08407165
    0.05072196
    0.05757439
    0.04571711
    0.06086151
    0.05571172
    0.06281651
    0.08145656
    0.00733498
    0.06970488
    0.06655709
    0.06715856
    0.05557614
    0.05545790
    0.04532254
    0.05882518
    0.05439666
    0.05617283
    0.08259310
    0.08201010
    0.04829905
    0.05251517
    0.04679611
    0.07617644
    0.07613755
    0.07945069
    0.03630078
    0.07086551
    0.03279705
    0.05226817
    0.05886657
    0.03556603
    0.05562437
    0.15748321
