           1           2   1.9571839746741786     
           2           3  0.99439475807738509     
           3           4  0.96936208972043802     
           4           5   1.3967965387896879     
           5           6   1.3684385642057688     
           6           7   1.0457001495031848     
           7           8   1.2712753981863607     
           6           9   1.2302322614637236     
           9          10   1.1113842221736991     
          10          11  0.97242923314854157     
           9          12   1.3822563136441519     
           4          13   1.3958736393403446     
          12          13   1.4107756566932022     
           3          14  0.95898362355106914     
          14          15  0.98094777328664762     
          15          16   1.0588644046661695     
          16          17   1.3924244429501569     
          17          18  0.98834271673266871     
          18          19  0.96670441929061102     
          19          20   1.0076465153200593     
          20          21   1.4091628712028736     
          21          22   1.4170078117225442     
          22          23   1.3831123263085661     
          23          24   1.1107035733007085     
          24          25  0.97573107678451954     
          23          26   1.2194683207408912     
          26          27   1.1036816847130229     
          27          28  0.97858536023710652     
          20          29   1.3800113873046851     
          26          29   1.3950230772541450     
          17          30  0.99894721644983075     
           3          31  0.94168455048950472     
          31          32   1.0085190959767658     
          31          33   1.0093596913125138     
           5          34  0.95546210593340053     
           8          35  0.96505961632002846     
           8          36  0.96091962312070955     
          11          38  0.97447591856495908     
          11          39  0.97673257190473595     
          11          40  0.97491115003612139     
          12          41  0.96331716870136996     
          13          42  0.96255354245745983     
          14          43  0.96869905036688608     
          14          44  0.97192712053938934     
          15          45  0.96278775605822531     
          15          46  0.92809231223740074     
           2          47  0.89561759020538245     
          16          48  0.95717270184942560     
          18          49  0.96389367682538252     
          18          50  0.96772267132006540     
          19          51  0.97174355925855538     
          19          52  0.97184971925322527     
          21          53  0.96807884102729025     
          22          54  0.96302751894359084     
          25          55  0.97251412407780968     
          25          56  0.97250988767227642     
          25          57  0.97669403563997348     
          28          58  0.97668317817114170     
          28          59  0.97339687486295345     
          28          60  0.97319108339148164     
          29          61  0.96249872448525220     
          30          62  0.96654909976831616     
          30          63  0.96135784886623177     
          30          64  0.97758254137368150     
          31          65  0.96072868068710604     
          32          66  0.97396754907790573     
          32          67  0.98245142995500612     
          32          68  0.98145827676501041     
          33          69  0.97792569813834107     
          33          70  0.98299201546903991     
          33          71  0.98021613591142198     
           1          72  0.94172656806015620     
