   -0.31369296
    0.09815373
    0.02809792
    0.00070424
   -0.07473993
    0.13446542
   -0.22131297
    0.02445832
    0.13181968
   -0.22115974
    0.02468359
   -0.07188027
   -0.04652015
   -0.07224689
   -0.12235988
    0.02136436
   -0.04686917
   -0.00722762
   -0.07076961
    0.00858694
   -0.04407101
   -0.06481287
    0.13615169
   -0.21282245
    0.02261187
    0.13624965
   -0.21584153
    0.02446190
   -0.07575056
   -0.05625873
   -0.00305027
   -0.11267615
   -0.12329151
    0.05820516
    0.05705266
    0.08446480
    0.05430475
    0.05820174
    0.08423324
    0.05122664
    0.05599544
    0.05167902
    0.06164284
    0.08553839
    0.04327517
    0.05075609
    0.01362062
    0.05277683
    0.05473500
    0.06052090
    0.05824171
    0.05315950
    0.05187663
    0.06223840
    0.05863658
    0.06020435
    0.08570235
    0.08497286
    0.05437427
    0.05714127
    0.05419336
    0.06030556
    0.06338743
    0.06175130
    0.05418543
    0.05699983
    0.04078250
    0.05579451
    0.08300456
    0.04532084
    0.05688038
    0.14816206
