           1           2   1.3544979542758873     
           2           3  0.69379047075692457     
           3           4   1.0015601886001098     
           4           5   1.3663477389320955     
           5           6   1.3938854355000811     
           6           7   1.1100780170061366     
           7           8  0.97515564663155840     
           6           9   1.2127788798015364     
           9          10   1.1104185430829434     
          10          11  0.97590669033434763     
           9          12   1.3826518955229226     
           4          13   1.3980767230043942     
          12          13   1.4103878363573832     
           2          14  0.83560514969049793     
           3          14   1.0016405196895146     
          15          16   1.7213593543656383     
          16          17   1.2063176843248207     
          17          18   1.0048601713991980     
          18          19  0.96055376708981932     
          19          20   1.0154436629244556     
          20          21   1.3847117798356550     
          21          22   1.4301993828359614     
          22          23   1.3690774848567602     
          23          24   1.1203752035664372     
          24          25  0.97405579181146418     
          23          26   1.2083298577571411     
          26          27   1.1148287832856358     
          27          28  0.97594959713252305     
          20          29   1.3882839121873598     
          26          29   1.3830073993733798     
          17          30   1.0068539052841832     
           3          31  0.97674867834892687     
          31          32  0.99508493790976027     
          31          33   1.0077784697644523     
           5          34  0.96138275637343762     
           8          35  0.97232703359477002     
           8          36  0.97618563100025679     
           8          37  0.97196266691603261     
          11          38  0.97218567154937818     
          11          39  0.97632666951894109     
          11          40  0.97246164764623910     
          12          41  0.96294340837722647     
          13          42  0.96574976336444140     
          14          43  0.95514677233340772     
          14          44  0.96575338092745167     
          15          45  0.97378231262137427     
          15          46  0.97465763510090708     
           2          47  0.94034852467367025     
          16          48  0.95733458086822820     
          18          49  0.96835057699297133     
          18          50  0.96648009496348197     
          19          51  0.96576344761386546     
          19          52  0.97348766201973047     
          21          53  0.96703272370380500     
          22          54  0.96215071853414491     
          25          55  0.97088464128849239     
          25          56  0.97060990844185357     
          25          57  0.97606648253057260     
          28          58  0.97609959014382053     
          28          59  0.97151606073631380     
          28          60  0.97164065551822443     
          29          61  0.96104417499037065     
          30          62  0.96652866199322940     
          30          63  0.96645294635308188     
          30          64  0.97998329446267896     
          31          65  0.93832763962015409     
          32          66  0.97552329050247832     
          32          67  0.98113400456401156     
          32          68  0.98164122146560495     
          33          69  0.96206828351853024     
          33          70  0.97975934622962435     
          33          71  0.97805337955191218     
           1          72  0.94842351723939544     
