           1           2   1.1184030926293760     
           2           3   1.4032991870059091     
           3           4   1.6290910195225949     
           5           7   1.0894983605893340     
           6           7  0.78597847660007925     
           6           8   1.5705540207244297     
           7           8  0.82536779371126834     
           7           9  0.99886274679145748     
           9          10  0.98729052803858774     
           9          11   1.1890522674939188     
           9          12  0.15523471449901341     
          11          12   1.7206346043794460     
           5          13   1.5594696838974422     
          11          13  0.92706590886564655     
          13          14  0.98980326809269792     
           1          15  0.90383726594474612     
           1          16  0.91389615155214776     
           1          17  0.90082470820303984     
           3          18  0.84033221795086288     
          10          19  0.95679064614726672     
          10          20  0.95257640208911232     
          10          21  0.96406124712749297     
          14          22  0.94757893465834842     
          14          23  0.95460506171320381     
          14          24  0.96443846856905280     
           4          25  0.80185685522519023     
           5          25  0.11038788845672753     
