           1           2   1.9548228882713998     
           2           3  0.99342002558232378     
           3           4  0.96556088199667645     
           4           5   1.2453908780214915     
           5           6   1.3541817043446946     
           6           7   1.0838271651166256     
           7           8  0.97672255789967921     
           6           9   1.3106896202596245     
           9          10   1.1529142681580029     
          10          11  0.97402196126534391     
           9          12   1.0373501897480077     
           4          13   1.6250402988219157     
          12          13   1.0420610255670590     
           3          14  0.95959794357748551     
          14          15  0.98066338579172674     
          15          16   1.0462928571011914     
          16          17   1.3488732263049039     
          17          18  0.96622007015250999     
          18          19  0.97686864563719900     
          19          20   1.0066345057273804     
          20          21   1.4107831458707161     
          21          22   1.4156920637233457     
          22          23   1.3839171757589774     
          23          24   1.1098207669294309     
          24          25  0.97596761908057950     
          23          26   1.2189320826900010     
          26          27   1.1028236089766295     
          27          28  0.97886297794060129     
          20          29   1.3802164502082515     
          26          29   1.3955476704457248     
          16          30  0.23494646832107194     
          17          30   1.3603409233659036     
           3          31  0.94400357225127363     
          31          32   1.0083986549263382     
          31          33   1.0089988366545286     
           5          34  0.95862862085454159     
           8          35  0.97422453628442818     
           8          36  0.97628144513516191     
           8          37  0.97380197603772634     
          11          38  0.96840476791215768     
          11          39  0.97548990647895484     
          11          40  0.96797812928352323     
          12          41  0.90579147468290810     
          13          42  0.96225297501736073     
          14          43  0.96902669909632588     
          14          44  0.97253743249156877     
          15          45  0.96201662930720755     
          15          46  0.94454043284298006     
           2          47  0.91325014382558634     
          16          48  0.96217362278512886     
          18          49  0.96834374618724506     
          18          50  0.96896827986621425     
          19          51  0.97169288559857026     
          19          52  0.97025434809987765     
          21          53  0.96781807553436439     
          22          54  0.96301603994897278     
          25          55  0.97249904665911746     
          25          56  0.97246733903328275     
          25          57  0.97676449464198334     
          28          58  0.97678490631326409     
          28          59  0.97340758884624057     
          28          60  0.97311460114139203     
          29          61  0.96244527244468070     
          30          62  0.96950257189789568     
          12          63  0.92098036580013098     
          30          64  0.97599268417163310     
          31          65  0.95944687781342042     
          32          66  0.97376963273272810     
          32          67  0.98295645298904466     
          32          68  0.98149586887431783     
          33          69  0.97648478790714333     
          33          70  0.98277187705219715     
          33          71  0.98070951637173720     
           1          72  0.94229602526254064     
