           1           2  0.94666922965873734     
           2           3   1.0913204253056661     
           3           4   1.8283265221559162     
           2           6   1.3313274029404101     
           5           6   1.4859849399471845     
           5           7  0.94333050676032915     
           7           8   1.6653475267404949     
           7           9   1.1424626126914781     
           8           9  0.11527787607974167     
           9          10  0.98640933787468110     
           9          11   1.0659421525260404     
          11          12   1.6806465691779886     
           5          13   1.1270369867149406     
          11          13   1.0949721284500804     
          12          13  0.10263161944869856     
          13          14  0.99695467172156005     
           1          15  0.94674597789596682     
           1          16  0.94725861035455805     
           1          17  0.93507683529152164     
           3          18  0.92032177378682622     
          10          19  0.95785904865957483     
          10          20  0.93883440778198457     
          10          21  0.93942251317138259     
          14          22  0.94769389797051584     
          14          23  0.94754656397168113     
          14          24  0.95800650243972141     
           4          25  0.91587166110082574     
