           1           2  0.99139339805821358     
           2           3   1.2994359096010735     
           3           4   1.2601265318376689     
           4           5   1.1994392033470547     
           2           6   1.1319274640877046     
           5           6   1.2655188445904177     
           6           7   1.2797772499744191     
           7           8   1.0987695565398830     
           7           9   1.1332541277664283     
           7          10  0.13052972166620500     
           9          10   1.3050478616640109     
           9          11  0.98110716660839525     
          11          12   1.6988502315398777     
           5          13   1.1591025923078335     
          11          13   1.1184308170991348     
          12          13  0.14658312180758579     
          13          14  0.97240630711061571     
           1          15  0.95976078244380458     
           1          16  0.96982279825819551     
           1          17  0.96712628417202062     
           3          18  0.95692471949713998     
           8          19  0.83525074631835527     
          10          20  0.95709952730795989     
          10          21  0.96305149244638166     
          14          22  0.97121294112735512     
          14          23  0.97201002660018343     
          14          24  0.96602527473261746     
           4          25  0.92196018007799441     
