           1           2   1.6903196383580683     
           2           3   1.4882420055703562     
           3           4   1.2049480052738424     
           4           5   1.1585596274566450     
           5           6   1.3519663781206637     
           6           7   1.3682044757686977     
           7           8   1.1404518332367015     
           7           9   1.1393869031402795     
           9          10   1.3027107875841328     
           9          11  0.98009813315341832     
          11          12   1.6918844684793823     
           5          13   1.1327479270273895     
          11          13   1.1461102255344076     
          12          13  0.15252838354470244     
          13          14  0.97596045427470224     
           1          15  0.94900239564140798     
           1          16  0.93357917335967167     
           6          17  0.94525985721153183     
           3          18  0.93011567923613525     
           8          19  0.84454202742991236     
          10          20  0.96215282728152329     
          10          21  0.96083240137611181     
          14          22  0.96957006356550024     
          14          23  0.96598120867250614     
          14          24  0.95907429914315168     
           4          25  0.90513652593440508     
