   -0.26732898
    0.10127781
    0.00641933
    0.00242662
   -0.07986673
    0.12929861
   -0.22712472
    0.02928432
    0.12853039
   -0.22828613
    0.02686002
   -0.07456153
   -0.05332012
   -0.06509087
   -0.06902366
    0.00728875
    0.01040860
   -0.01641270
   -0.07051140
   -0.00038123
   -0.04886148
   -0.06747797
    0.13350524
   -0.22165652
    0.02488953
    0.13307502
   -0.22451748
    0.02715166
   -0.07954416
   -0.06987078
   -0.00726306
   -0.11881767
   -0.11837206
    0.05201989
    0.05177785
    0.08027524
    0.04591258
    0.05526014
    0.08127852
    0.04772966
    0.05184058
    0.03827627
    0.06012110
    0.05358563
    0.06608091
    0.07973002
    0.00688226
    0.06975601
    0.06728356
    0.06740507
    0.05533437
    0.05562664
    0.04513887
    0.05860436
    0.05426947
    0.05603602
    0.08247487
    0.08196607
    0.04853161
    0.05254974
    0.04698274
    0.07645664
    0.07888518
    0.08022056
    0.03725710
    0.06921954
    0.03581083
    0.05128843
    0.06000698
    0.03430612
    0.05455841
    0.15713351
