           1           2   1.9571470692074227     
           2           3  0.99503799171363938     
           3           4  0.96852205210252018     
           4           5   1.3680218888965932     
           5           6   1.4016290585766931     
           6           7   1.0984061722105836     
           7           8  0.98144466810118580     
           6           9   1.2213764916897270     
           9          10   1.1019029414516606     
          10          11  0.97751990386039667     
           9          12   1.3922214813240585     
           4          13   1.4145719357740822     
          12          13   1.4034491838872571     
           3          14  0.95764066062607656     
          14          15  0.98262565391216028     
          15          16   1.0589775393798029     
          16          17   1.3995993504897168     
          17          18  0.98818342402983839     
          18          19  0.96686513252617279     
          19          20   1.0075133955206912     
          20          21   1.4093121822219299     
          21          22   1.4168322546774736     
          22          23   1.3833626774622467     
          23          24   1.1105293438729198     
          24          25  0.97580545810318675     
          23          26   1.2193882079225098     
          26          27   1.1038522565871889     
          27          28  0.97848891827190665     
          20          29   1.3800869615004665     
          26          29   1.3949646243733365     
          17          30  0.99826650219028401     
           3          31  0.94218123630909523     
          31          32   1.0083585251330187     
          31          33   1.0090019974148301     
           5          34  0.95739280652770375     
           8          35  0.97226189022683085     
           8          36  0.97611685969994288     
           8          37  0.97268591575258856     
          11          38  0.97322980720824270     
          11          39  0.97690338021439937     
          11          40  0.97375720152038014     
          12          41  0.96375425610313226     
          13          42  0.96254863560508785     
          14          43  0.96859355033422023     
          14          44  0.97211316138585258     
          15          45  0.96084955467079669     
          15          46  0.92692125775763967     
           2          47  0.89578977186984354     
          16          48  0.95696044844482209     
          18          49  0.96350742474524231     
          18          50  0.96786191830349766     
          19          51  0.97185401484745293     
          19          52  0.97171287403288176     
          21          53  0.96809964865016174     
          22          54  0.96306787652135117     
          25          55  0.97259320010309835     
          25          56  0.97251404391548157     
          25          57  0.97672069958889163     
          28          58  0.97669316656799010     
          28          59  0.97338061144720311     
          28          60  0.97319404537554721     
          29          61  0.96250896196116975     
          30          62  0.96670316586656035     
          30          63  0.96211733828831913     
          30          64  0.97756460405187551     
          31          65  0.95996768403228883     
          32          66  0.97382946670323056     
          32          67  0.98179294509357051     
          32          68  0.98126292418852512     
          33          69  0.97677728427186206     
          33          70  0.98282643344058607     
          33          71  0.98017777095960645     
           1          72  0.94150625803005095     
