           1           2  0.98364840703777112     
           2           3   1.1719580832699013     
           2           4  0.14568006137280984     
           3           4   1.8011310612613276     
           2           6  0.96870675346146484     
           5           6   1.2506557567555343     
           6           7   1.3970670270703827     
           6           8  0.13960901847465321     
           7           8   2.1486232182082148     
           5           9   1.1727373906275993     
           9          10  0.99179386961901184     
           9          11  0.97737174883340583     
           9          12  0.10713482056245850     
          11          12   1.8593223492066153     
           5          13   1.1724427799729771     
           9          13  0.11964262695301432     
          11          13  0.97215341560899260     
          12          13  0.10597711171638642     
          13          14  0.99016855796406877     
           1          15  0.96842804963115159     
           1          16  0.96283581269592999     
           1          17  0.97262366907743825     
           3          18  0.92372876913234614     
          10          19  0.96569072924415877     
          10          20  0.96655374435251673     
          10          21  0.95872899215732987     
          14          22  0.96354887056970706     
          14          23  0.96020829151894160     
          14          24  0.96779847680611031     
           4          25  0.92897039224616629     
