           1           2  0.99851589319427803     
           2           3   1.2414897051588858     
           3           4   1.4954165001145454     
           4           5   1.2225449658864451     
           2           6   1.2143920296629769     
           5           6   1.1583268205472821     
           6           7   1.0881482514325942     
           7           8   1.6135358082391758     
           7           9   1.1253823277985202     
           8           9  0.11366614460267867     
           9          10  0.99836552515009325     
           9          11   1.0052642496319188     
          11          12   1.6514606806263377     
           5          13   1.3592361827555774     
          11          13   1.1924207365396371     
           1          15  0.93761896534562428     
           1          16  0.94344597185037893     
           1          17  0.94819929665864022     
           3          18  0.94887564509181177     
          10          19  0.93882520724906615     
          10          20  0.92001482972157822     
          10          21  0.92092502251365760     
          14          22  0.92025041740847391     
          14          23  0.92099959676771048     
          14          24  0.91644285436184236     
          14          25  0.89997211067252780     
