           1           2  0.95470504650878918     
           2           3   1.7443965529318344     
           4           5   1.5758402908170819     
           2           6  0.99662778769843330     
           5           6   1.1527231143517966     
           6           7   1.1059087971274568     
           7           8   1.6220250847451119     
           7           9   1.1097746550627456     
           8           9  0.11299895792861117     
           9          10  0.98187432054587165     
           9          11   1.0893511671243805     
           9          12  0.10716666619020926     
          11          12   1.6781324656659919     
           5          13   1.1236893359222200     
          11          13   1.1036880775603723     
          12          13  0.11094355707970247     
          13          14  0.98381695108362099     
           1          15  0.96753732606013998     
           1          16  0.96012007061096316     
           1          17  0.94720683400972094     
           3          18  0.91212951028163025     
          10          19  0.95984144136269789     
          10          20  0.93684717871594336     
          10          21  0.94116624321262687     
          14          22  0.93879866868759887     
          14          23  0.94030443399970465     
          14          24  0.95713601751005140     
           4          25  0.92628652540936063     
