           1           2   1.0945204006076144     
           2           3  0.10765045017483368     
           3           4   1.6137862572029551     
           4           5   1.0913173148560453     
           2           6   1.5360369396543858     
           5           6   1.2208400972293718     
           6           7  0.93827815044345375     
           7           8   1.6993505077027176     
           7           9   1.1617402701487942     
           8           9  0.13995941925565847     
           9          10  0.96096002440332495     
           9          11   1.1030177561945462     
           9          12  0.12040962675330247     
          11          12   1.6998908513583550     
           5          13   1.2164666027138376     
          11          13   1.0510836024723269     
          12          13  0.11000029443952791     
          13          14  0.97714548208510643     
           1          15  0.88577173736951509     
           1          16  0.92899528228909356     
           1          17  0.90772412517900891     
           3          18  0.85878099944502584     
          10          19  0.96741527203594513     
          10          20  0.95889182979641419     
          10          21  0.95923511017744534     
          14          22  0.96058748630335899     
          14          23  0.96077437611097771     
          14          24  0.95533776741542076     
           4          25  0.87396776002285426     
