           1           2  0.98694806524812673     
           2           3   1.3781986923709024     
           3           4   1.2659634380179661     
           4           5   1.1937091435348184     
           2           6   1.1446581330827883     
           5           6   1.3272939899823615     
           6           7   1.1182306342128294     
           7           8   1.6775768650056679     
           7           9  0.97812146917767451     
           8           9  0.10818252892129158     
           9          10   1.3480671422230253     
           9          11   1.0160503331753745     
          11          12   1.7064443247070902     
           5          13   1.1904342599550588     
          11          13   1.0870358000391549     
          12          13  0.13432874435046516     
          13          14  0.97050321635102021     
           1          15  0.95456542367745800     
           1          16  0.96587502326929220     
           1          17  0.96153162963455951     
           3          18  0.95321276259416288     
          10          19  0.95628073860050244     
          10          21  0.90955161433608056     
          14          22  0.97157730973757328     
          14          23  0.97158671783272510     
          14          24  0.96494339223538150     
           4          25  0.91905185162292014     
