           1           2   1.9560638373278525     
           2           3  0.99444928894119766     
           3           4  0.97106265817910964     
           4           5   1.3682948048552517     
           5           6   1.4014870577851530     
           6           7   1.0990514508991107     
           7           8  0.97752687144292905     
           6           9   1.2220762350586438     
           9          10   1.1012551695436665     
          10          11  0.97752979706490817     
           9          12   1.3923532639544629     
           4          13   1.4145038137891304     
          12          13   1.4026727843450697     
           3          14  0.95452950563718919     
          14          15  0.98245854620591766     
          15          16   1.0589581504091878     
          16          17   1.4006744437384788     
          17          18  0.98805274418237399     
          18          19  0.96656103491875056     
          19          20   1.0076328857841170     
          20          21   1.4090278031056218     
          21          22   1.4170203669819363     
          22          23   1.3831997428599674     
          23          24   1.1106480897341053     
          24          25  0.97578875523108732     
          23          26   1.2192931441358799     
          26          27   1.1039776942944652     
          27          28  0.97845119104372658     
          20          29   1.3801319865568544     
          26          29   1.3948197918549476     
          17          30  0.99822646136868576     
           3          31  0.94345204579293751     
          31          32   1.0078407212768805     
          31          33   1.0090613978837111     
           5          34  0.95791425101456740     
           8          35  0.97391358724290078     
           8          36  0.97654976486345579     
           8          37  0.97329942460414198     
          11          38  0.97350348106608320     
          11          39  0.97687306302423271     
          11          40  0.97358800205590790     
          12          41  0.96373677600761143     
          13          42  0.96237443103544051     
          14          43  0.96818420592063259     
          14          44  0.97233242419586841     
          15          45  0.96107654328163483     
          15          46  0.92674450520445162     
           2          47  0.89748511989594282     
          16          48  0.95721612161635694     
          18          49  0.96371650610309001     
          18          50  0.96788751227097325     
          19          51  0.97176446187134202     
          19          52  0.97175726588541933     
          21          53  0.96810342534933669     
          22          54  0.96305454290786385     
          25          55  0.97258312888413367     
          25          56  0.97249078080299189     
          25          57  0.97671371248934735     
          28          58  0.97668410665007155     
          28          59  0.97336593662327597     
          28          60  0.97317480939951750     
          29          61  0.96250791190170404     
          30          62  0.96612142537276313     
          30          63  0.96170102236519306     
          30          64  0.97738789334839515     
          31          65  0.95966421804692048     
          32          66  0.98201737588131999     
          32          67  0.98159011967396959     
          32          68  0.97495359777229296     
          33          69  0.97523377896252039     
          33          70  0.98285912108903672     
          33          71  0.98002484112901622     
           1          72  0.94157346100212846     
