           1           2   2.0334817849118281     
           3           4   1.1077920444003628     
           4           5   1.1461998373182578     
           3           6   1.3603647055117902     
           5           6   1.0822947985618714     
           6           7   1.1305969985599782     
           7           8   1.6647000033968833     
           7           9   1.0470477389987749     
           8           9  0.11584743891272697     
           9          10  0.97113335532296674     
           9          11   1.1702510329857778     
           9          12  0.14289494641226558     
          11          12   1.7192644563105883     
           5          13   1.3897109609365936     
          11          13  0.95430470160529524     
          13          14  0.97494354722726106     
           1          15  0.92682067833255211     
           2          16  0.91243322669900162     
           1          17  0.89430156795879590     
           3          18  0.95667850678785360     
          10          19  0.96500375686290585     
          10          20  0.95917800281707088     
          10          21  0.95920213026021983     
          14          22  0.96084063731598968     
          14          23  0.95826078134563741     
          14          24  0.96189594489169661     
           4          25  0.92760528767519035     
