           1           2   1.9543004753833098     
           2           3  0.99393564619943464     
           3           4  0.96627856372183596     
           4           5   1.3846280046799659     
           5           6   1.3888577735977541     
           6           7   1.0998929548390202     
           7           8  0.97256880078320873     
           6           9   1.2031624922516591     
           9          10   1.0392171080140793     
          10          11   1.2768338226086973     
           9          12   1.3547673006526968     
           4          13   1.3464350960603912     
          12          13   1.4588760792553561     
           3          14  0.95482096939236305     
          14          15  0.98224827356160038     
          15          16   1.0588470358565769     
          16          17   1.4011114440799355     
          17          18  0.98832323590820836     
          18          19  0.96600788336298349     
          19          20   1.0077893706349765     
          20          21   1.4086966681977613     
          21          22   1.4174387861118924     
          22          23   1.3833256791454223     
          23          24   1.1094578731798599     
          24          25  0.97609818339331988     
          23          26   1.2207321048849957     
          26          27   1.1033613165107556     
          27          28  0.97855529278157904     
          20          29   1.3808466919381410     
          26          29   1.3944822472323282     
          17          30  0.99794292683800367     
           3          31  0.94139770199847672     
          31          32   1.0084052514888346     
          31          33   1.0081886111596339     
           5          34  0.95476443354093188     
           8          35  0.97507276599460546     
           8          36  0.97675625723770598     
           8          37  0.97448813651594035     
          11          38  0.95859162415532140     
          11          39  0.96621520718870890     
          40          41  0.93932743541114494     
          13          42  0.95031555879774199     
          14          43  0.96874120007650910     
          14          44  0.97185344197309353     
          15          45  0.96088172837213504     
          15          46  0.92780151722591375     
           2          47  0.90270592820923445     
          16          48  0.95747170370249957     
          18          49  0.96411130466217498     
          18          50  0.96754192020623864     
          19          51  0.97126812906942006     
          19          52  0.97239453005295962     
          21          53  0.96822805210584439     
          22          54  0.96313172531428892     
          25          55  0.97264026091849276     
          25          56  0.97268933860714424     
          25          57  0.97677558644983864     
          28          58  0.97675351750544115     
          28          59  0.97339078168852100     
          28          60  0.97325178945741719     
          29          61  0.96238776724283748     
          30          62  0.96678009600944992     
          30          63  0.96075754004506986     
          30          64  0.97743188547792514     
          31          65  0.96073052222518207     
          32          66  0.97430629250913225     
          32          67  0.98180977629906196     
          32          68  0.98164547856115458     
          33          69  0.97655232590177887     
          33          70  0.98319579593907869     
          33          71  0.98010009474449544     
           1          72  0.94180807641035003     
