   -0.27138442
    0.10216167
    0.00962739
    0.01269113
   -0.08200970
    0.13768412
   -0.21640878
    0.02236424
    0.11990566
   -0.31746888
    0.03515697
   -0.10457732
   -0.03903993
   -0.06389149
   -0.07041617
    0.00885397
    0.02036810
   -0.01768492
   -0.07019629
   -0.00009134
   -0.04902207
   -0.06756921
    0.13356797
   -0.22135170
    0.02488663
    0.13343996
   -0.22383716
    0.02668629
   -0.07918122
   -0.07791964
   -0.00515009
   -0.11697823
   -0.12056233
    0.05542326
    0.06086652
    0.08640697
    0.05863178
    0.04823243
    0.06313999
    0.04636081
    0.06693943
    0.05334341
    0.06007937
    0.05536651
    0.07451443
    0.08087111
    0.00589926
    0.07033937
    0.07073936
    0.06705387
    0.05426875
    0.05674918
    0.04417146
    0.05833888
    0.05439277
    0.05586995
    0.08255276
    0.08218377
    0.04969632
    0.05286771
    0.04849259
    0.07813496
    0.10210666
    0.08011318
    0.03486527
    0.06694193
    0.03557607
    0.05139501
    0.06679112
    0.03536421
    0.05553649
    0.15672985
