           1           2   1.3041833018370883     
           2           3   1.2246400073715185     
           3           4   1.2561707346948467     
           4           5   1.1702098662326650     
           2           6   1.1236239886947634     
           5           6   1.3937910380000726     
           6           7  0.94381567471131966     
           7           8   1.2118109393828136     
           7           9  0.87077615677919018     
           9          10  0.99852319684852542     
           9          11   1.2039775980334670     
           9          12  0.13389337326836523     
          11          12   1.6343343418697671     
           5          13   1.1806018233133466     
          11          13   1.0201992574376051     
          13          14  0.98364750755851527     
           7          15  0.84358410080375390     
           1          16  0.96264777043755656     
           1          17  0.95135363905800008     
           3          18  0.95361647563468566     
          10          19  0.93443685384699582     
          10          20  0.94773139617944646     
          10          21  0.92915380938565573     
          14          22  0.96168073393769027     
          14          23  0.95687158480611689     
          14          24  0.95522243573771493     
           4          25  0.91873819815806901     
