           1           2  0.98942075014638742     
           2           3   1.3414296912893700     
           3           4   1.2478911459460078     
           4           5   1.1897654079123563     
           2           6   1.1437542563959056     
           5           6   1.3101715689071729     
           6           7   1.1259555605861060     
           7           8   1.6473796446931044     
           7           9  0.98031660676656007     
           9          10   1.3301325549008025     
           9          11   1.0220720468500484     
          11          12   1.6832257863621112     
           5          13   1.1830274514312464     
          11          13   1.0845775349044207     
          12          13  0.12446674729304430     
          13          14  0.97361849386382071     
           1          15  0.95579846146213776     
           1          16  0.95926531616896404     
           1          17  0.95896105340942939     
           3          18  0.95449949536147571     
          10          19  0.95536442788131803     
          10          20  0.95483906853935907     
          14          22  0.96799228287638472     
          14          23  0.96687873909832800     
          14          24  0.96208378741900036     
           4          25  0.92049154009747092     
