           1           2  0.95895640721816644     
           2           3  0.91912456401807940     
           3           4   2.0239848183740343     
           2           6   1.6384352758886054     
           5           6   1.7843939069812813     
           5           7  0.81166642334825534     
           7           8   1.7837841777803327     
           7           9   1.2137295141052331     
           8           9  0.16965316985706252     
           9          10  0.96318716860633147     
           9          11   1.0434891685414642     
           9          12  0.10766640757513093     
          11          12   1.7569142345143725     
           5          13   1.1519499859759166     
           6          13  0.11131024600368339     
          11          13   1.0665319270667413     
          12          13  0.12497119889833344     
          13          14  0.97986401856670868     
           1          15  0.95413084141867599     
           1          16  0.95754315606112295     
           1          17  0.97443188392776903     
           3          18  0.93896590433119242     
          10          19  0.97273156249793447     
          10          20  0.96547364448307960     
          10          21  0.96787859809402188     
          14          22  0.97193758119751383     
          14          23  0.97229155499283770     
          14          24  0.96778273160645256     
           4          25  0.91865428596319365     
