           1           2  0.99368777739588465     
           2           3   1.4073360332895162     
           2           4  0.11341762767132260     
           3           4   1.3193384667998753     
           4           5   1.0294235044507318     
           2           6   1.0457001340206182     
           5           6   1.0473243262738101     
           6           7   1.4646860989662509     
           6           8  0.14742992561326029     
           7           8   2.1132155814201004     
           9          10   1.0199521927289987     
           9          11   2.0384934874377869     
           9          12  0.35915645437706473     
          11          12   1.8265140052502258     
           5          13   1.7090082857607891     
          13          14   1.0351345144107809     
           1          15  0.96397763788981017     
           1          16  0.97353793611684614     
           1          17  0.96058211719420883     
           3          18  0.94881307717711949     
          10          19  0.95512385137822498     
          10          20  0.95345587099773654     
          10          21  0.96007069755152719     
          14          22  0.96295652571137880     
          14          23  0.94665734303970317     
          14          24  0.96175557569515524     
           4          25  0.92353295527943502     
