   -0.15810429
    0.09265516
    0.02780732
    0.00580804
   -0.07731927
    0.13105481
   -0.22854935
    0.02739483
    0.13128235
   -0.22666430
    0.02673913
   -0.07077190
   -0.04795451
   -0.05919925
   -0.07118873
    0.00025876
   -0.12230509
    0.00385980
   -0.07237165
    0.00859608
   -0.04544913
   -0.06631713
    0.13335939
   -0.22018155
    0.02498327
    0.13395820
   -0.22234985
    0.02671661
   -0.07671964
   -0.04728098
   -0.00757710
   -0.11498816
   -0.12118818
    0.05267102
    0.05222483
    0.08190304
    0.04862245
    0.05452052
    0.08154213
    0.04970945
    0.05489553
    0.03774799
    0.06468305
    0.05222918
    0.05120218
    0.06319020
    0.02826966
    0.04141113
    0.03372443
    0.04477335
    0.06150100
    0.05352992
    0.05130568
    0.05846967
    0.05512413
    0.05662038
    0.08213272
    0.08155423
    0.05076000
    0.05435299
    0.05091335
    0.05597566
    0.03294504
    0.05987235
    0.05540170
    0.04596355
    0.04301710
    0.05905485
    0.05539751
    0.04493127
    0.06065068
    0.21921240
