           1           2   1.9522055605233921     
           2           3  0.99492486286707804     
           3           4  0.96728267763904274     
           4           5   1.6363065137575461     
           5           6   1.0129814557908650     
           6           7  0.90761432844808454     
           7           8  0.99473657086178457     
           6           9  0.98852239887428039     
           9          10   1.1375559323420721     
           9          11  0.18414460791137849     
          10          11   1.2753745789005355     
           9          12   1.3519113283277424     
           4          13   1.2235450594381920     
          12          13   1.4677539838134028     
           3          14  0.95388663861518097     
          14          15  0.97913360647387171     
          15          16   1.0637636318370189     
          16          17   1.4249541982220379     
          17          18  0.98847177334010294     
          18          19  0.96607796092135489     
          19          20   1.0078836199348544     
          20          21   1.4098284716062071     
          21          22   1.4164308110988315     
          22          23   1.3843984404253535     
          23          24   1.1086097811820639     
          24          25  0.97626332783022951     
          23          26   1.2209779453714837     
          26          27   1.1026398054183606     
          27          28  0.97869153105285867     
          20          29   1.3802259112036499     
          26          29   1.3954053571480345     
          17          30  0.99610923841256671     
           3          31  0.94563518638658073     
          31          32   1.0081385853634837     
          31          33   1.0083606615112772     
           5          34  0.96385554906681259     
           8          35  0.97673243308563307     
           8          36  0.97474340624498568     
           8          37  0.97662861626227004     
           6          38  0.95271811600212375     
          11          39  0.96791001035155910     
          11          40  0.96802348217379808     
          12          41  0.95971311482446375     
          13          42  0.96332905217776554     
          14          43  0.96705250031004253     
          14          44  0.97264263854725352     
          15          45  0.95473984194543526     
          15          46  0.92541472172139794     
           2          47  0.90892185624165345     
          16          48  0.95625982146748101     
          18          49  0.96386784609184528     
          18          50  0.96764489990726821     
          19          51  0.97174153336190761     
          19          52  0.97238195978458897     
          21          53  0.96814036140461879     
          22          54  0.96317110867265776     
          25          55  0.97282764627421237     
          25          56  0.97271477704446585     
          25          57  0.97684268899111582     
          28          58  0.97680604341436394     
          28          59  0.97349752942841805     
          28          60  0.97332521782633274     
          29          61  0.96261887806696800     
          30          62  0.96390572703397881     
          30          63  0.95823448421377311     
          30          64  0.97802519516330078     
          31          65  0.96065992288920088     
          32          66  0.97522217631614794     
          32          67  0.98151007728077755     
          32          68  0.98177153075688561     
          33          69  0.97531071465597308     
          33          70  0.98315011145956854     
          33          71  0.98019279932360404     
           1          72  0.94258675229480593     
