   -0.30700272
    0.08390793
    0.00430697
    0.00715805
   -0.07804388
    0.13037681
   -0.23033107
    0.02861977
    0.13242340
   -0.22367630
    0.02548791
   -0.07093577
   -0.04552943
   -0.08818514
   -0.12068505
    0.01991967
   -0.04684051
   -0.00723884
   -0.07047028
    0.00611969
   -0.04625815
   -0.06643809
    0.13350265
   -0.22029881
    0.02503672
    0.13396212
   -0.22254124
    0.02653317
   -0.07697677
   -0.05807071
   -0.00604414
   -0.12786462
   -0.11390297
    0.04992657
    0.04892389
    0.08064334
    0.04986150
    0.05493432
    0.08143341
    0.05264066
    0.05449134
    0.06568183
    0.05819290
    0.04742301
    0.04536039
    0.05310262
    0.01450617
    0.04780263
    0.05412162
    0.05772524
    0.05500407
    0.05169757
    0.04786599
    0.05813517
    0.05472619
    0.05655766
    0.08216261
    0.08161136
    0.05112656
    0.05407683
    0.05116104
    0.05884781
    0.06632972
    0.06127383
    0.05628993
    0.13894898
    0.06725843
    0.08254505
    0.06606095
    0.06854637
    0.09255701
    0.15042499
