           1           2  0.99478926408360147     
           2           3   1.3502205140050454     
           3           4   1.3220308207264153     
           4           5   1.1386027797006775     
           2           6   1.0656037942308143     
           5           6   1.1950939925066213     
           6           7   1.4325508457721294     
           7           8   1.0065480072585067     
           7           9   1.0672504988252700     
           8           9  0.88362884687583421     
           9          10   1.0011349881937461     
          11          12   1.9207191509646659     
           5          13   1.0224157139111747     
          11          13   1.3183777542447030     
          12          13  0.15779280705337545     
          13          14  0.96347579314803478     
           1          15  0.95872283236453959     
           1          16  0.97436629576734590     
           1          17  0.95965852241333716     
           3          18  0.95218103993306291     
          10          19  0.96944337961561122     
          10          20  0.96998590387971473     
          10          21  0.95845455131462420     
          14          22  0.97619966933970681     
          14          23  0.97175882041740147     
          14          24  0.97352311483637410     
           4          25  0.92334066694936912     
