           1           2   1.9412794148761514     
           2           3  0.94723453214409237     
           3           4  0.96781579052242350     
           4           5   1.5459096464766873     
           5           6   1.2961670485578720     
           6           7   1.1200646866543547     
           7           8  0.97670670795919534     
           6           9   1.1359735673726923     
           9          10   1.0855337681610240     
          10          11  0.97923106655045689     
           9          12   1.5834287637900686     
          10          12  0.10562539226238961     
           4          13   1.0354519465076137     
          12          13   1.0386688044530235     
           3          14  0.95610377883639586     
          14          15  0.98698782857040890     
          15          16   1.0562774262921788     
          16          17   1.3513727306804506     
          17          18  0.99024804787040477     
          18          19  0.96561980780506818     
          19          20   1.0083332234891897     
          20          21   1.4167432210932098     
          21          22   1.4121732183752502     
          22          23   1.3901658716786800     
          23          24   1.1010830048835496     
          24          25  0.97798674988686629     
          23          26   1.2272458163844684     
          26          27   1.0951642364825549     
          27          28  0.98055999386121828     
          20          29   1.3756876059629790     
          26          29   1.4012195823938756     
          17          30   1.0013389562026582     
           3          31  0.99607194756145390     
          31          32   1.0912034753562299     
          31          33   1.0753449842481515     
           5          34  0.95681491200276492     
           8          35  0.97275165088029014     
           8          36  0.97650599527921489     
           8          37  0.97257482391112271     
          11          38  0.97481578352376397     
          11          39  0.97731180373608328     
          11          40  0.97523570904915413     
          12          41  0.96403156509742405     
          13          42  0.92640463597779843     
          14          43  0.97104415690427293     
          14          44  0.97353281817308424     
          15          45  0.96044265504766801     
          15          46  0.93073689116047031     
           2          47  0.91366812048863000     
          16          48  0.95878305974323252     
          18          49  0.96594997658784043     
          18          50  0.96832495498661975     
          19          51  0.97250991317670954     
          19          52  0.97212122316860361     
          21          53  0.96854157773981475     
          22          54  0.96367872164615964     
          25          55  0.97365029304163608     
          25          56  0.97367119487833875     
          25          57  0.97730707075085710     
          28          58  0.97723837227547916     
          28          59  0.97424342073370740     
          28          60  0.97403791571061493     
          29          61  0.96294782746599261     
          30          62  0.96569146017538687     
          30          63  0.96653693496583548     
          30          64  0.97764843261807488     
          13          65  0.91465738074569591     
          32          66  0.90555159802964558     
          32          67  0.96049225091415924     
          32          68  0.97292323707560224     
          33          69  0.94008591517924323     
          33          70  0.94749145140278923     
          33          71  0.97813552378481938     
           1          72  0.94270336516889519     
