           1           2   1.7375753512427257     
           3           4   1.4085918388084802     
           4           5   1.1568090017109438     
           2           6   1.2054638542948155     
           5           6   1.2922922247493460     
           6           7   1.0383546350457340     
           7           8   1.6455655037735684     
           7           9   1.1038609234104342     
           8           9  0.11232373659051167     
           9          10  0.97310309671297623     
           9          11   1.1205207707209672     
           9          12  0.11652276803056943     
          11          12   1.6623704368586107     
           5          13   1.1689692127700371     
          11          13   1.0691760419187555     
          12          13  0.11168248126642205     
          13          14  0.98105946343278594     
           1          15  0.93556579378402760     
           3          16  0.94305732919085838     
           1          17  0.88213755451132403     
           3          18  0.96234220060820674     
          10          19  0.95634686790118373     
          10          20  0.94779368567547118     
          10          21  0.94782211929402749     
          14          22  0.96329406482904301     
          14          23  0.95745042071260955     
          14          24  0.95090602670712088     
           4          25  0.89682311503229561     
