   -0.27490812
    0.10248629
    0.00668613
    0.00244370
   -0.07986083
    0.12896894
   -0.23062987
    0.02805746
    0.12891313
   -0.22850281
    0.02687276
   -0.07327824
   -0.05255169
   -0.06397593
   -0.06647449
   -0.04529688
    0.07642473
   -0.05061717
   -0.06780118
    0.00760704
   -0.06309953
   -0.08112048
    0.13461745
   -0.23351907
    0.02403658
    0.13747321
   -0.19577809
    0.02096369
   -0.07293714
   -0.07479255
   -0.00698066
   -0.11746235
   -0.11840298
    0.05277657
    0.05337780
    0.08037627
    0.04651250
    0.05486035
    0.08054006
    0.04925969
    0.05287917
    0.04096659
    0.05444866
    0.04993941
    0.05595605
    0.06224530
    0.00546446
    0.04889670
    0.04977517
    0.07660928
    0.05902752
    0.07201057
    0.08187905
    0.06087320
    0.05162437
    0.05297666
    0.08320193
    0.08851171
    0.05848916
    0.06064988
    0.05790747
    0.08060377
    0.08290158
    0.07914126
    0.03596415
    0.06606164
    0.03486267
    0.04994705
    0.06232889
    0.03474670
    0.05269159
    0.15115413
