   -0.26956843
    0.09909218
    0.00660725
    0.00447631
   -0.07818546
    0.13077134
   -0.22860647
    0.02696093
    0.12924577
   -0.22827462
    0.02708576
   -0.07503132
   -0.05423476
   -0.06435365
   -0.06810602
    0.00696179
    0.01155511
   -0.01634155
   -0.07043580
   -0.00046567
   -0.04891770
   -0.06749555
    0.13340698
   -0.22194983
    0.02497587
    0.13310888
   -0.22462207
    0.02717605
   -0.07961467
   -0.07089920
    0.03286700
   -0.11785221
   -0.10266171
    0.05266777
    0.05354504
    0.08161671
    0.04811762
    0.05449089
    0.08127180
    0.04777938
    0.05058649
    0.03369871
    0.06441135
    0.05309873
    0.06587126
    0.08050673
    0.00655096
    0.06976656
    0.06730064
    0.06711111
    0.05474898
    0.05585586
    0.04496483
    0.05850357
    0.05424728
    0.05584531
    0.08234020
    0.08188041
    0.04860318
    0.05238477
    0.04698934
    0.07625718
    0.08099889
    0.07963251
    0.00365468
    0.06924712
    0.05600443
    0.05605142
    0.05884077
    0.04143562
   -0.00372534
    0.16017264
