           1           2   1.9659897625291056     
           2           3  0.98023090526840717     
           3           4  0.96036274264902721     
           4           5   1.3684869107190749     
           5           6   1.4028287371761434     
           6           7   1.1011417963310111     
           7           8  0.97792437515844399     
           6           9   1.2206082917470773     
           9          10   1.1017911026625424     
          10          11  0.97770851743876896     
           9          12   1.3946059862289995     
           4          13   1.4186674183671282     
          12          13   1.3982147748859262     
           3          14  0.95816529140252882     
          14          15  0.98229435840382751     
          15          16   1.0601316500099398     
          16          17   1.4015530439262593     
          17          18  0.98813982546303125     
          18          19  0.96650874870820791     
          19          20   1.0077691424316384     
          20          21   1.4099853357493695     
          21          22   1.4161584093175503     
          22          23   1.3840602824548238     
          23          24   1.1101345938838876     
          24          25  0.97585956538021390     
          23          26   1.2191848190949401     
          26          27   1.1038015706103226     
          27          28  0.97848667701077063     
          20          29   1.3792487210850846     
          26          29   1.3956754285459771     
          17          30  0.99820299815915325     
           3          31  0.95813376618830681     
          31          32   1.0253562097094151     
          31          33   1.9010230324945461     
           5          34  0.95960105586716304     
           8          35  0.97312389329546922     
           8          36  0.97667409421032136     
           8          37  0.97348994046334625     
          11          38  0.97345354693535946     
          11          39  0.97683299257168121     
          11          40  0.97367733374347776     
          12          41  0.96396318785824908     
          13          42  0.96375842078206841     
          14          43  0.96780534125190798     
          14          44  0.97318666292600198     
          15          45  0.96159632594246103     
          15          46  0.92650781056147191     
           2          47  0.90037425607196031     
          16          48  0.95672628896610690     
          18          49  0.96373413250052686     
          18          50  0.96786331578868134     
          19          51  0.97206267611560981     
          19          52  0.97162879273324454     
          21          53  0.96805048066057675     
          22          54  0.96307553201046681     
          25          55  0.97255595885317492     
          25          56  0.97264484153883135     
          25          57  0.97674650340041302     
          28          58  0.97672429634400615     
          28          59  0.97344506287037491     
          28          60  0.97320567756245357     
          29          61  0.96260097486147500     
          30          62  0.96583584194094174     
          30          63  0.96011564634353086     
          30          64  0.97752304220273900     
          32          66  0.97177897943883018     
          32          67  0.97857180113135611     
          32          68  0.96091896471292682     
          33          69  0.96919340174388413     
          33          70  0.97149690118939325     
          65          71  0.99355320606994224     
           1          72  0.94187380863408010     
