           1           2   1.9553856585892415     
           2           3  0.99335829470626913     
           3           4  0.96644963684615548     
           4           5   1.2447990973911376     
           5           6   1.3541193236003009     
           6           7   1.0840967918991302     
           7           8  0.97660323115984859     
           6           9   1.3106884883714029     
           9          10   1.1529837196304500     
          10          11  0.97404636759466579     
           9          12   1.0375059125468316     
           4          13   1.6258960618849900     
          12          13   1.0417731875070715     
           3          14  0.95667525223007899     
          14          15  0.98277219081615697     
          15          16   1.0458463099685875     
          16          17   1.3495508945906216     
          17          18  0.96635448544315006     
          18          19  0.97677176450246617     
          19          20   1.0068539469907147     
          20          21   1.4109484653242306     
          21          22   1.4154400942739613     
          22          23   1.3840905314925045     
          23          24   1.1099992862287109     
          24          25  0.97593350321748984     
          23          26   1.2185373760145892     
          26          27   1.1030196284654161     
          27          28  0.97880635432247598     
          20          29   1.3799067484448932     
          26          29   1.3957705944637462     
          16          30  0.23528006657555828     
          17          30   1.3590160358820071     
           3          31  0.94609249644632154     
          31          32   1.0082038868431871     
          31          33   1.0089927624580706     
           5          34  0.95832436572164670     
           8          35  0.97438065021826858     
           8          36  0.97620638510667179     
           8          37  0.97366001729479146     
          11          38  0.96737279336942006     
          11          39  0.97547430862061679     
          11          40  0.96884429766652480     
          12          41  0.91520912983094616     
          13          42  0.96227379138152602     
          14          43  0.96907267561427479     
          14          44  0.97264705293663856     
          15          45  0.96187872789240814     
          15          46  0.94294107550595840     
           2          47  0.91207881518372413     
          16          48  0.96189942766686820     
          18          49  0.96847109145641064     
          18          50  0.96910579302845379     
          19          51  0.97169674125460082     
          19          52  0.96989678901442677     
          21          53  0.96778766812219130     
          22          54  0.96301685422372263     
          25          55  0.97246924664140688     
          25          56  0.97247772032620328     
          25          57  0.97675982959933871     
          28          58  0.97678440580677695     
          28          59  0.97338748825544219     
          28          60  0.97311322914018761     
          29          61  0.96250085500713611     
          30          62  0.96949700926504367     
          12          63  0.91188238941157385     
          30          64  0.97600971039967210     
          31          65  0.95869198760643903     
          32          66  0.97391080690050313     
          32          67  0.98275529156117591     
          32          68  0.98174911422622690     
          33          69  0.97588786277039641     
          33          70  0.98289795917948375     
          33          71  0.98069547206395902     
           1          72  0.94209493385081255     
