   -0.20959364
    0.10311041
   -0.02941741
   -0.04534445
   -0.06993260
    0.13376415
   -0.22453632
    0.02668030
    0.13264850
   -0.22541377
    0.02617821
   -0.06760713
   -0.03752581
   -0.05549751
   -0.06742330
   -0.00215923
   -0.11124581
    0.00106069
   -0.07225592
    0.00981013
   -0.04470446
   -0.06566474
    0.13468428
   -0.21653753
    0.02385885
    0.13502399
   -0.21923672
    0.02559697
   -0.07576661
   -0.04754011
    0.00417027
   -0.09274163
   -0.10544525
    0.04962338
    0.05506250
    0.08235059
    0.05027818
    0.05582762
    0.08195307
    0.05057474
    0.05409480
    0.04433192
    0.05953630
    0.05093440
    0.04367743
    0.06051827
    0.03032157
    0.04787228
    0.03802378
    0.04793830
    0.06283252
    0.05260982
    0.05177021
    0.05982902
    0.05680113
    0.05823762
    0.08378344
    0.08298573
    0.05271597
    0.05570995
    0.05302865
    0.05537760
    0.03502188
    0.05980988
    0.06109531
    0.04767276
    0.07254546
    0.05961940
    0.05405529
    0.05907675
    0.05758483
    0.19392086
