           1           2  0.98213653862067529     
           2           3   1.4201527218881307     
           3           4   1.3121477715902896     
           4           5   1.1819014372399284     
           2           6   1.1680332739118846     
           5           6   1.3351806865448044     
           6           7   1.0872692448962769     
           7           8   1.7004530305284034     
           7           9   1.0738277517462878     
           8           9  0.15132374644814339     
           9          10  0.97153198333798974     
           9          11   1.2040212790910751     
          11          12   1.2087940577452634     
           5          13   1.2671284733103563     
          11          13   1.3853758779638488     
          12          14  0.93090297414352208     
           1          15  0.95842869876024772     
           1          16  0.96253759720308585     
           1          17  0.96242941052613595     
           3          18  0.95124936197630205     
          10          19  0.96727676337207691     
          10          20  0.96689210758755362     
          10          21  0.96719342727733304     
          14          22  0.97267024235940736     
          14          23  0.97334600379757452     
          14          24  0.97498398706444522     
           4          25  0.91569828170461520     
