           1           2   1.9552049152575575     
           2           3  0.99546707645427979     
           3           4  0.96823730389329765     
           4           5   1.3677113907985259     
           5           6   1.4026769805441379     
           6           7   1.0975486288009446     
           7           8  0.97823307278364668     
           6           9   1.2236879585240041     
           9          10   1.0990216463564901     
          10          11  0.97816531558145803     
           9          12   1.3941590052742538     
           4          13   1.4163013439918608     
          12          13   1.4016261629478037     
           3          14  0.95784430383363572     
          14          15  0.98174199273615548     
          15          16   1.0592848675317577     
          16          17   1.3688330965678792     
          17          18  0.99517512996300450     
          18          19  0.95703211205816707     
          19          20   1.0193936490332729     
          20          21   1.0077280795132331     
          21          22   1.0736796601166405     
          22          23   1.5272141206817584     
          23          24   1.0864137381567580     
          24          25  0.97469988509950256     
          23          26   1.1254895894431960     
          26          27   1.1585846619027118     
          27          28  0.96756210365559858     
          20          29   1.5742079790091088     
          26          29   1.2738996177746489     
          17          30  0.99893186882094231     
           3          31  0.94267896463228029     
          31          32   1.0084112627040016     
          31          33   1.0091622711076982     
           5          34  0.95763596904366355     
           8          35  0.97382902253749926     
           8          36  0.97675918659363825     
           8          37  0.97358004181825686     
          11          38  0.97367975534916629     
          11          39  0.97702743407621240     
          11          40  0.97388775516566783     
          12          41  0.96395768511853341     
          13          42  0.96262044827491766     
          14          43  0.96895667113095207     
          14          44  0.97232599615910498     
          15          45  0.96156374616685514     
          15          46  0.92844129888683358     
           2          47  0.89673975139628026     
          16          48  0.95842042552268647     
          18          49  0.96462816075811442     
          18          50  0.96764833070232492     
          19          51  0.97142722887997857     
          19          52  0.96632314488871196     
          21          53  0.91307554228297794     
          21          54  0.90256982251651152     
          25          55  0.97222508716755141     
          25          56  0.97215269207013044     
          25          57  0.97842065060782546     
          28          58  0.97596393863612918     
          28          59  0.97219729806634236     
          28          60  0.97302786492960469     
          29          61  0.95553093824525848     
          30          62  0.96739812103485634     
          30          63  0.96162945008495748     
          30          64  0.97799866290203530     
          31          65  0.96015300225404809     
          32          66  0.97426219206019637     
          32          67  0.98201009155815466     
          32          68  0.98162019477188722     
          33          69  0.97721609872118953     
          33          70  0.98308150409194972     
          33          71  0.98048671763623552     
           1          72  0.94230514802729115     
