           1           2   1.9563061616505490     
           2           3  0.97744113677546651     
           3           4  0.97550654368511114     
           4           5   1.3711192322333101     
           5           6   1.3891145541661016     
           6           7   1.1118312309111111     
           7           8  0.97514725419967463     
           6           9   1.2089674413362561     
           9          10   1.1161294681069116     
          10          11  0.97462107834793765     
           9          12   1.3783480596179050     
           4          13   1.3953632041541413     
          12          13   1.4152715829843197     
           3          14  0.94956357254664292     
          14          15  0.97233023057087176     
          14          16  0.88392916298743618     
          15          16  0.96383596448320852     
          16          17   1.0309584767876394     
          17          18   1.0086536111067930     
          18          19  0.95703085613642125     
          19          20   1.0171949205994657     
          20          21   1.3867634400559594     
          21          22   1.4272134868716349     
          22          23   1.3694974869460548     
          23          24   1.1232577503406833     
          24          25  0.97344092630832457     
          23          26   1.2037074749652299     
          26          27   1.1155299730933437     
          27          28  0.97599775903654307     
          20          29   1.3814312534918129     
          26          29   1.3876565401593013     
          17          30   1.0079557920335553     
           3          31  0.93777819643789662     
          31          32   1.0069588493228825     
          31          33   1.0091020404176636     
           5          34  0.95543025533500925     
           8          35  0.97129675519864667     
           8          36  0.97581966011960630     
           8          37  0.97153679916806490     
          11          38  0.97120138298847203     
          11          39  0.97611209768084928     
          11          40  0.97166576749233924     
          12          41  0.96245143515896348     
          13          42  0.96104305687518243     
          14          44  0.95394080135484094     
          15          45  0.95691502807699158     
          15          46  0.76959377447629862     
          43          46  0.20323504748598112     
           2          47  0.91807993022161738     
          16          48  0.95493088442511687     
          18          49  0.96676834413352619     
          18          50  0.97037987675618165     
          19          51  0.96956063144925198     
          19          52  0.96817531487054775     
          21          53  0.96688167414991144     
          22          54  0.96192551691279216     
          25          55  0.97031525638100469     
          25          56  0.97033137002588243     
          25          57  0.97587490176649327     
          28          58  0.97600848000968754     
          28          59  0.97165963831958757     
          28          60  0.97131324543714859     
          29          61  0.96132230464661728     
          30          62  0.96465425501666979     
          30          63  0.96695043535801417     
          30          64  0.97901306296293344     
          31          65  0.95470655938804361     
          32          66  0.97210765214285189     
          32          67  0.97957470172724159     
          32          68  0.97957338680005690     
          33          69  0.96748044667320476     
          33          70  0.97584873515498405     
          33          71  0.97606025085377779     
           1          72  0.93602843463273544     
