   -0.26915582
    0.10284074
    0.00583842
   -0.00136467
   -0.03810526
   -0.05463031
   -0.28242054
    0.17991271
    0.14836193
   -0.24301493
    0.02960971
   -0.06961169
   -0.04089893
   -0.06421501
   -0.07193476
    0.01073209
    0.01609357
   -0.01727339
   -0.07049906
    0.00020928
   -0.04875551
   -0.06733104
    0.13380216
   -0.22064619
    0.02462545
    0.13356493
   -0.22335072
    0.02663100
   -0.07920836
   -0.07137985
   -0.00718910
   -0.11707317
   -0.11974281
    0.05039702
    0.07807876
    0.05308659
    0.04990215
    0.05256425
    0.07727343
    0.04649826
    0.04567349
    0.03667869
    0.06486103
    0.05387773
    0.07313927
    0.08348676
    0.00228584
    0.07055287
    0.06851529
    0.06807385
    0.05546961
    0.05672665
    0.04520244
    0.05897657
    0.05460604
    0.05649168
    0.08289860
    0.08244298
    0.04941892
    0.05324565
    0.04840274
    0.08033529
    0.08206156
    0.08061699
    0.03984717
    0.06555798
    0.03608501
    0.05154956
    0.06396538
    0.03577267
    0.05448293
    0.15647740
