   -0.28054667
    0.10272463
    0.01019724
    0.02443737
   -0.11484436
    0.02154392
   -0.16362913
    0.01603496
    0.11855195
   -0.27338290
    0.02390723
   -0.05048156
   -0.02782174
   -0.06566323
   -0.07420014
    0.00957674
    0.01603594
   -0.01777261
   -0.06994590
   -0.00071657
   -0.04892586
   -0.06763381
    0.13325381
   -0.22265545
    0.02525646
    0.13280035
   -0.22549582
    0.02740049
   -0.07942724
   -0.07584049
   -0.00808266
   -0.11299867
   -0.11980242
    0.05531229
    0.05754784
    0.08839942
    0.07086167
    0.06113340
    0.05454371
    0.06409399
    0.05496137
    0.05945071
    0.06785370
    0.05465890
    0.09266644
    0.07984178
    0.00124352
    0.07017735
    0.06880553
    0.06858949
    0.05340586
    0.05517264
    0.04447469
    0.05801559
    0.05414326
    0.05513560
    0.08184658
    0.08137282
    0.04883045
    0.05174419
    0.04717691
    0.07325980
    0.09682015
    0.07884941
    0.04269612
    0.05816262
    0.03213342
    0.04996357
    0.06643665
    0.03469428
    0.05292625
    0.15074417
