           1           2  0.98812821882906110     
           2           3   1.3639859374960202     
           3           4   1.2644558496792233     
           4           5   1.1735012232640194     
           2           6   1.1706140898464672     
           5           6   1.3256518020391876     
           6           7   1.0078185005470912     
           7           8   1.6153868651758598     
           7           9   1.2232616774098362     
           8           9  0.11438971737121068     
           9          11   1.2807506354311207     
           9          12  0.10676305473264097     
          11          12   1.6573359520857875     
           5          13   1.2542462461613999     
          11          13  0.91812508924805358     
          13          14  0.98894409430887942     
           1          15  0.95013020027685924     
           1          16  0.96067127083947956     
           1          17  0.95278662182128626     
           3          18  0.95288511214552463     
          10          19  0.97113138450308956     
          10          20  0.97221289621996521     
          10          21  0.97053015373755525     
          14          22  0.95715480076329973     
          14          23  0.96044778657687568     
          14          24  0.95424805981634242     
           4          25  0.91977807924957133     
