           1           2  0.98948652535433379     
           2           3   1.3866621122179945     
           3           4   1.2542876601832293     
           4           5   1.2019176917430197     
           2           6   1.1334911341760534     
           5           6   1.2782790731095868     
           6           7   1.2400400859543219     
           7           9   1.3582138598100746     
           8          10   1.0593357346345593     
           9          10  0.91578928921782199     
           9          11   1.0653846565038736     
           9          12  0.11606412477642260     
          11          12   1.7433197418173019     
           5          13   1.2359982316058200     
          11          13   1.0326045746633248     
          12          13  0.13300885324791384     
          13          14  0.97506877920722190     
           1          15  0.95735016139173779     
           1          16  0.96480410638513137     
           1          17  0.96916071417718852     
           3          18  0.95471294095237147     
           8          19  0.88369438964450420     
          10          20  0.94824608412296019     
          10          21  0.95681130755520571     
          14          22  0.96973786451468946     
          14          23  0.97083565015220208     
          14          24  0.96461424088206160     
           4          25  0.91976076671165286     
