           1           2  0.97840255281856903     
           2           3   1.2781141674224628     
           2           4  0.10552082147557994     
           3           4   1.3595597111079731     
           3           5  0.18989112026963967     
           4           5   1.1080237071247683     
           2           6   1.1345649355727752     
           6           7   2.5515888513062093     
           7           9   1.1665030915043537     
           8          10   1.0585717056159041     
           9          10  0.90000324623606798     
           9          11   1.1635466308105322     
           9          12  0.16413986442255640     
          11          12   1.7451642971183359     
           5          13   1.6612478137271633     
          11          13  0.88214770713362745     
          13          14  0.95773762205695290     
           1          15  0.96299436541689576     
           1          16  0.97454633226413190     
           1          17  0.97169584205074466     
           3          18  0.94595374352454242     
           8          19  0.88326122741378565     
          10          20  0.95623791678876768     
          10          21  0.95891421410590139     
          14          22  0.97208097696323126     
          14          23  0.95839253917884404     
          14          24  0.96708235614666938     
           4          25  0.89085191357572158     
