           1           2   1.9422549755391294     
           2           3  0.99794289942320236     
           3           4  0.96854395427114759     
           4           5   1.3189108874851818     
           5           6   1.4688207376993676     
           6           7  0.75709828768073684     
           7           8  0.90897563387613967     
           6           9   1.2940550847292109     
           9          10   1.0552888639267495     
          10          11  0.97521420476093179     
           5          12  0.10399791115122825     
           9          12   1.3806898805283063     
           4          13   1.4268455653910463     
          12          13   1.4079469239771913     
           3          14  0.95542182636664874     
          14          15  0.97958541508242614     
          15          16   1.0603438289753200     
          16          17   1.3659109132708942     
          17          18  0.99014335104259721     
          18          19  0.96621352953783235     
          19          20   1.0078698685164675     
          20          21   1.4189184110209054     
          21          22   1.4113533441411008     
          22          23   1.3920195568760467     
          23          24   1.0977003557925966     
          24          25  0.97871930055582135     
          23          26   1.2307206294653608     
          26          27   1.0914414064322850     
          27          28  0.98159557528842112     
          20          29   1.3753483866486818     
          26          29   1.4027096912865105     
          17          30   1.0011953753003333     
           3          31  0.94275433007489229     
          31          32   1.0094333544758578     
          31          33   1.0078398204116905     
           7          34  0.83191598527996558     
           8          35  0.97938903668988508     
           8          36  0.96769897237405345     
           8          37  0.97565360706642101     
          11          38  0.97705167725647524     
          11          39  0.97881356707790679     
          11          40  0.97729423452969566     
          12          41  0.96341773952282650     
          13          42  0.95955055729323857     
          14          43  0.96747199239303672     
          14          44  0.97357485934485777     
          15          45  0.95869754421241760     
          15          46  0.93034526848669730     
           2          47  0.91463858172015056     
          16          48  0.95955472575241973     
          18          49  0.96552324871953998     
          18          50  0.96780875826218360     
          19          51  0.97255372895314363     
          19          52  0.97266731090475766     
          21          53  0.96861438172453884     
          22          54  0.96382361689203333     
          25          55  0.97397554126248476     
          25          56  0.97403047709114210     
          25          57  0.97752298173261565     
          28          58  0.97746141907205408     
          28          59  0.97452702430580529     
          28          60  0.97435748532605204     
          29          61  0.96309987114460405     
          30          62  0.96745359792631846     
          30          63  0.96698113781915818     
          30          64  0.97783195436805492     
          31          65  0.96352139380525481     
          32          66  0.97716107276230535     
          32          67  0.98265082810251581     
          32          68  0.98320500972300273     
          33          69  0.97762013258972047     
          33          70  0.98386456670817157     
          33          71  0.98155799758901097     
           1          72  0.94584495184701967     
