           1           2   1.2832461835206179     
           1           3  0.11992817684712206     
           2           3   1.1900404481882312     
           3           4   1.1845664568397103     
           4           5   1.2524604017218521     
           2           6   1.0594701824417108     
           5           6   1.2224258516691395     
           6           7   1.3972742026028329     
           1           8   1.1220788716728614     
           7           9   1.2051647025319807     
           9          10  0.98061829708905113     
           9          11   1.1000465331623519     
           9          12  0.12814559629220262     
          11          12   1.6943313257683115     
           5          13   1.1740209676846778     
          11          13   1.0586621136688621     
          12          13  0.13028971251812516     
          13          14  0.97981870988646769     
           8          15  0.86529461603891500     
           1          16  0.95641226138986279     
           7          17  0.95219161162687271     
           3          18  0.96211727730359431     
          10          19  0.97349164273770106     
          10          20  0.96708307887545741     
          10          21  0.96383514673051174     
          14          22  0.97032506559269638     
          14          23  0.97055085880250158     
          14          24  0.96579700769996224     
           4          25  0.92390733484491971     
