           1           2   1.0934216151529985     
           3           4   1.5636374493148217     
           4           5   1.1019986259494750     
           2           6   1.4974113622643324     
           5           6   1.2095255630026680     
           6           7  0.96704393737183048     
           7           8   1.6649949334303569     
           7           9   1.1316471666995158     
           8           9  0.12113110594223020     
           9          10  0.96990467320043461     
           9          11   1.1063508793915104     
           9          12  0.11194699728963342     
          11          12   1.6657134935597300     
           5          13   1.1914888588658652     
          11          13   1.0671602790755768     
          12          13  0.10718191995881494     
          13          14  0.97919930382364317     
           1          15  0.90693444017760649     
           1          16  0.92037624186171363     
           1          17  0.88301332879026295     
           3          18  0.87197976221952556     
          10          19  0.95634712662016763     
          10          20  0.94689213765030722     
          10          21  0.94729107931021383     
          14          22  0.95765720155292366     
          14          23  0.95796327479359422     
          14          24  0.95154768975821757     
           4          25  0.87762140920951803     
