           1           2  0.98211885304851254     
           2           3   1.4296504917941728     
           3           4   1.2841047180005118     
           4           5   1.1871755747415640     
           2           6   1.1746350060070023     
           5           6   1.3573980248532511     
           6           7   1.0485633115750053     
           7           8   1.7031434566985277     
           7           9   1.1205507977863143     
           8           9  0.16069221435093115     
           9          10  0.96450840885108524     
           9          11   1.1208888105099442     
           9          12  0.13867972022907379     
          11          12   1.7238186332164345     
           5          13   1.2283976372283063     
          11          13   1.0237760369992630     
          12          13  0.12439907623443591     
          13          14  0.97311596581076965     
           1          15  0.95423904899967560     
           1          16  0.96290286147385384     
           1          17  0.95922311089634738     
           3          18  0.95076351004499915     
          10          19  0.97018169011265798     
          10          20  0.96820398231485783     
          10          21  0.96827154445104724     
          14          22  0.97213301899644811     
          14          23  0.97197200334165645     
          14          24  0.96345930935982105     
           4          25  0.91705665563240657     
