           1           2  0.99578326573272147     
           2           3   1.3626008127683213     
           2           4  0.10268295964859322     
           3           4   1.3128197465680556     
           4           5   1.1477821417350571     
           2           6   1.0321091483788221     
           5           6   1.1056339956571100     
           6           7   1.4646260244246863     
           6           8  0.14134122613784486     
           7           8   2.0404093920056066     
           9          10   1.0142349620532747     
           5          11  0.11752787259565065     
           9          11  0.99663262643087036     
           9          12  0.89034901925569043     
          11          12  0.97569509345298178     
           5          13   1.2734409308680201     
          11          13   1.1443493693004232     
          13          14  0.96530571750674099     
           1          15  0.95938641597010288     
           1          16  0.97234998479085866     
           1          17  0.96564777825093406     
           3          18  0.95076883229327858     
          10          19  0.95721298255307219     
          10          20  0.96479805878435576     
          10          21  0.97211256875288199     
          14          22  0.97196278519503077     
          14          23  0.96540277310377043     
          14          24  0.96796325217008705     
           4          25  0.91750030621763257     
