   -0.26427274
    0.10133722
    0.00642429
    0.00237054
   -0.08001109
    0.12986950
   -0.22817081
    0.02695323
    0.12914603
   -0.22638927
    0.02598274
   -0.07427330
   -0.05278845
   -0.06503009
   -0.06989101
    0.01036464
    0.01591450
   -0.01855468
   -0.06391497
   -0.05231073
   -0.03201214
   -0.07892889
    0.12903843
   -0.21285681
    0.02211827
    0.23184565
   -0.33166793
   -0.05612513
   -0.05205189
   -0.07163518
   -0.00732932
   -0.11883924
   -0.11937178
    0.05266455
    0.05477725
    0.08227487
    0.04799603
    0.05650842
    0.08236399
    0.04947391
    0.05386121
    0.04025433
    0.06174507
    0.05489728
    0.06755065
    0.08184063
    0.00716715
    0.07311533
    0.07376806
    0.06891928
    0.05349046
    0.05897715
    0.05048979
    0.05830254
    0.06117344
    0.05959647
    0.08693139
    0.05596054
    0.08378704
    0.07014015
    0.04589394
    0.07824783
    0.08031637
    0.08362723
    0.03803740
    0.06955109
    0.03586747
    0.05233736
    0.06208801
    0.03525173
    0.05566124
    0.16015382
