           1           2   1.9595505504437760     
           2           3  0.99376250593306781     
           3           4  0.97017097140866648     
           4           5   1.3686687900115437     
           5           6   1.3998850080530059     
           6           7   1.1015547800908243     
           7           8  0.97737592526380512     
           6           9   1.2193677121845663     
           9          10   1.1047943222861500     
          10          11  0.97654052025722549     
           9          12   1.3897992910700157     
           4          13   1.4122096138357358     
          12          13   1.4047399377528014     
           3          14  0.95648361348241517     
          14          15  0.98088509368025989     
          15          16   1.0606619012240290     
          16          17   1.4178002147733877     
          17          18  0.98695379929987170     
          18          19  0.96904205056783987     
          19          20   1.0271670180274175     
          20          21   1.7614140528935363     
          21          22   1.1695376528363244     
          22          23   1.5948722622827083     
          23          24   1.1402935392958002     
          24          25  0.96506635983441902     
          23          26  0.93234547905403953     
          26          27   1.7947211813146295     
          26          29   1.0481550548330314     
          28          29   1.8598037233243001     
          17          30  0.99729064003396162     
           3          31  0.94203121670696810     
          31          32   1.0082000168750487     
          31          33   1.0087855199081976     
           5          34  0.95766839796546821     
           8          35  0.97331161175183833     
           8          36  0.97644438653863297     
           8          37  0.97312588579078274     
          11          38  0.97302097276179722     
          11          39  0.97667774202854529     
          11          40  0.97319319811805682     
          12          41  0.96346489755743103     
          13          42  0.96224286066315567     
          14          43  0.96815476944557111     
          14          44  0.97211182111644756     
          15          45  0.96070979026277326     
          15          46  0.92657137294061942     
           2          47  0.89876172550147615     
          16          48  0.95617129480017504     
          18          49  0.96209767976945870     
          18          50  0.96802906636991948     
          19          51  0.97259540589476479     
          19          52  0.95663028257544269     
          21          53  0.96215259623022176     
          22          54  0.95426719449894259     
          25          55  0.97278865576720908     
          25          56  0.97134623206110027     
          25          57  0.97538284638100892     
          29          58  0.96554475464289036     
          28          59  0.96959343375512153     
          28          60  0.97299990604748410     
          20          61  0.95274774892407843     
          30          62  0.96694540755416880     
          30          63  0.96056891499152441     
          30          64  0.97718972748581179     
          31          65  0.95919639378972699     
          32          66  0.97316584207334667     
          32          67  0.98145786696749482     
          32          68  0.98089135139591765     
          33          69  0.97551099129457219     
          33          70  0.98262024006663551     
          33          71  0.97963780505123166     
           1          72  0.94024955070140726     
