           1           2   1.9526703434361337     
           2           3  0.99281473999626468     
           3           4  0.97703320807670335     
           4           5   1.3678295052079443     
           5           6   1.3976535652775233     
           6           7   1.1016817658321516     
           7           8  0.97763560827047780     
           6           9   1.2180632177306245     
           9          10   1.1049074363609139     
          10          11  0.97668791123306753     
           9          12   1.3887746622306885     
           4          13   1.4072564443110298     
          12          13   1.4074741419471819     
           3          14  0.95038762882086347     
          14          15   1.0066714966583425     
          15          16  0.99801008487318688     
          16          17  0.97659016648608610     
          17          18  0.98736079194126158     
          18          19  0.96250990813855886     
          19          20   1.0091945001956917     
          20          21   1.4039449686713588     
          21          22   1.4203172833381086     
          22          23   1.3797241975161982     
          23          24   1.1138128613154217     
          24          25  0.97503769796076301     
          23          26   1.2169627703686430     
          26          27   1.1073368495315024     
          27          28  0.97755916968548784     
          20          29   1.3818435439836469     
          26          29   1.3919208168086965     
          17          30   1.4429926054000370     
           3          31  0.94387716774140207     
          31          32   1.0082716121144348     
          31          33   1.0081198577291217     
           5          34  0.95810192182684517     
           8          35  0.97288108687752650     
           8          36  0.97648413452741112     
           8          37  0.97318316783857073     
          11          38  0.97305683891005423     
          11          39  0.97665689261667776     
          11          40  0.97286898260712551     
          12          41  0.96346831604450411     
          13          42  0.96242078920128926     
          14          43  0.96708115164170616     
          14          44  0.97156341256869605     
          15          45  0.95932735726294049     
          15          46  0.97032751985321375     
           2          47  0.92772670777886712     
          16          48  0.96655434621634473     
          18          49  0.96790682270091821     
          18          50  0.96470547344799140     
          19          51  0.96915971967995629     
          19          52  0.97267956344390560     
          21          53  0.96809477933257493     
          22          54  0.96287556053359646     
          25          55  0.97192768115026151     
          25          56  0.97236359011945306     
          25          57  0.97647951380640630     
          28          58  0.97650892447045012     
          28          59  0.97297543725340074     
          28          60  0.97279276813481419     
          29          61  0.96204090492245475     
          16          62  0.95276028666560320     
          30          63  0.96684874509997309     
          30          64  0.97050631667122067     
          31          65  0.95832175575781409     
          32          66  0.97381847771519103     
          32          67  0.98132047336566908     
          32          68  0.98108952587233089     
          33          69  0.97224397008064967     
          33          70  0.98215090969710417     
          33          71  0.97931225426678625     
           1          72  0.94280258359852787     
