           1           2  0.98803627175072706     
           2           3   1.3558841416122005     
           3           4   1.2597568174022176     
           4           5   1.1918048507651229     
           2           6   1.1561027512186313     
           5           6   1.3247968982379081     
           6           7   1.0828610725138677     
           7           8   1.6514143585081509     
           7           9   1.0871486477419507     
           8           9  0.12868782655421643     
           9          10  0.97413589710121662     
           9          11   1.1166272444442744     
           9          12  0.12541776980509406     
          11          12   1.6972052608878192     
           5          13   1.1969723187151082     
          11          13   1.0115918001278597     
          12          13  0.11054494327295186     
          13          14   1.0154612817626487     
           1          15  0.95238196277204312     
           1          16  0.95957106115393098     
           1          17  0.95723984562493480     
           3          18  0.95280213553566873     
          10          19  0.95694062984579942     
          10          20  0.95089025924385417     
          10          21  0.95106369276727765     
          14          22  0.95031858788516610     
          14          23  0.95048578070439982     
           4          25  0.91701495668933231     
