   -0.25684467
    0.10232147
    0.00943090
    0.01652994
   -0.07896143
    0.13291834
   -0.22027448
    0.02557867
    0.14445554
   -0.21076467
    0.02497768
   -0.09406568
   -0.03442104
   -0.06502706
   -0.06974025
   -0.00106998
   -0.10855731
    0.00257235
   -0.07234901
    0.01200630
   -0.04277511
   -0.06449731
    0.13645457
   -0.21133092
    0.02225592
    0.13682673
   -0.21426909
    0.02403208
   -0.07536844
   -0.04858881
   -0.00696320
   -0.11854230
   -0.12017538
    0.06256482
    0.05845344
    0.08585039
    0.05200401
    0.06431116
    0.08244452
    0.05827646
    0.03380970
    0.06102974
    0.05897497
    0.04868986
    0.04555372
    0.05994825
    0.02209028
    0.04669611
    0.03785037
    0.04931298
    0.06496972
    0.05570804
    0.05668088
    0.06294698
    0.05915748
    0.06112686
    0.08627531
    0.08547205
    0.05473828
    0.05865536
    0.05576405
    0.05801869
    0.03891644
    0.06397528
    0.04072971
    0.07180328
    0.03640118
    0.05525128
    0.06844947
    0.04022548
    0.05651149
    0.16458754
