   -0.26470019
    0.10142252
    0.00643357
    0.00266105
   -0.08021923
    0.12965689
   -0.22817871
    0.02681821
    0.12860863
   -0.22660557
    0.02617528
   -0.07473376
   -0.05288529
   -0.06504041
   -0.06968822
    0.00997826
    0.01587941
   -0.01699125
   -0.06929605
    0.00360180
   -0.04341283
   -0.06025119
    0.20157557
   -0.36189144
   -0.10277412
    0.12894136
   -0.19695365
    0.02434286
   -0.07846208
   -0.07179030
   -0.00718073
   -0.11893311
   -0.11927608
    0.05319866
    0.05512393
    0.08246528
    0.04805709
    0.05655044
    0.08239104
    0.04820935
    0.05324757
    0.04010106
    0.06190863
    0.05473858
    0.06680351
    0.08257929
    0.00628478
    0.07255868
    0.06848091
    0.06964178
    0.05663863
    0.05594685
    0.04490581
    0.07174950
    0.09289109
    0.09435009
    0.09280073
    0.08559177
    0.05389786
    0.05797632
    0.04480077
    0.07866421
    0.08073164
    0.08101844
    0.03812015
    0.06968089
    0.03595450
    0.05262177
    0.06201722
    0.03546657
    0.05564380
    0.15935962
