           1           2  0.98656688696525041     
           2           3   1.3786475212204579     
           3           4   1.2665334760791169     
           4           5   1.1934675618817132     
           2           6   1.1455176774759808     
           5           6   1.3278672424768092     
           6           7   1.1169317269837047     
           7           8   1.6758709568447228     
           7           9  0.98355461771787867     
           8           9  0.10782909969719348     
           9          10   1.3468564650858725     
           9          11   1.0146207341760027     
          11          12   1.7082318139444976     
           5          13   1.1902667857838638     
          11          13   1.0873971071261388     
          12          13  0.13461509664922955     
          13          14  0.97075268292516137     
           1          15  0.95551894424444583     
           1          16  0.96458104524956323     
           1          17  0.96169555726822586     
           3          18  0.95319465968715333     
          10          19  0.95623466078036712     
          10          21  0.95986008976474935     
          14          22  0.97105059814490724     
          14          23  0.97190591277312555     
          14          24  0.96459075374525582     
           4          25  0.91909788743213428     
