           1           2  0.95862934631284014     
           2           3   1.2338242342869068     
           3           4   1.3589934538241035     
           4           5   1.1449585222919256     
           2           6   1.1074253079856360     
           6           7  0.92258832416793213     
           2           8  0.13659371993710989     
           6           8   1.7682350700152381     
           7           9   1.9022608709456335     
           9          10   1.0352154888837191     
           5          11   1.3472931437858233     
           7          12  0.88627660778443607     
          11          12   1.1292641374254870     
          11          13   1.2293414495989017     
           5          14  0.99203834560667359     
          13          14  0.98387120811784956     
           1          15  0.97185248481554620     
           1          16  0.96738671798844433     
           1          17  0.96414501269535247     
           3          18  0.94737989556908708     
          10          19  0.93566211992221970     
          10          20  0.95166149217122031     
          10          21  0.96833463184078494     
          14          22  0.95670205704563249     
          14          23  0.95499070049587809     
          13          24  0.92604761938482461     
           4          25  0.91045036249271982     
