           1           2   1.0485598499807074     
           2           3   1.7476872230659717     
           3           4   1.1644996535667231     
           4           5   1.1512565090448814     
           5           6   1.4595260803354426     
           7           8   2.1724829548286970     
           6           9   1.1476236764222327     
           7          10   1.1003019225731667     
           9          10  0.96644560746082497     
           9          11   1.0740548046943512     
           9          12  0.12373246776822902     
          11          12   1.6409858585953563     
           5          13   1.1455241913810648     
          11          13   1.1220478795656001     
          12          13  0.13436539093187327     
          13          14  0.98719666502260872     
           1          15  0.94862054760278802     
           1          16  0.95445624542493268     
           1          17  0.94870059812083785     
           3          18  0.92277714643476294     
           6          19  0.95560017573492706     
          10          20  0.88387043540901955     
          10          21  0.90412719508782802     
          14          22  0.96859117113806370     
          14          23  0.96874271222722630     
          14          24  0.96774441616149443     
           4          25  0.92192578303639061     
