   -0.26765853
    0.10077985
    0.00631576
    0.00298227
   -0.07974872
    0.12980407
   -0.22945232
    0.02744052
    0.12854076
   -0.22848350
    0.02689752
   -0.07489712
   -0.05358572
   -0.06498696
   -0.06902186
    0.00769100
    0.01085620
   -0.01636655
   -0.07045972
   -0.00034086
   -0.04884477
   -0.06745724
    0.13350239
   -0.22163483
    0.02488199
    0.13311242
   -0.22447356
    0.02713241
   -0.07960328
   -0.07076171
   -0.00744002
   -0.11870488
   -0.11894374
    0.05232113
    0.05401310
    0.08133726
    0.04752994
    0.05505364
    0.08128201
    0.04775092
    0.05147337
    0.03745161
    0.06005319
    0.05337323
    0.06590907
    0.07988893
    0.00723448
    0.06969622
    0.06739702
    0.06717540
    0.05512979
    0.05567087
    0.04506159
    0.05862406
    0.05433237
    0.05599368
    0.08248786
    0.08197248
    0.04859340
    0.05250285
    0.04708589
    0.07626896
    0.08014918
    0.07972663
    0.03722919
    0.06831116
    0.03500240
    0.05192154
    0.05996176
    0.03632301
    0.05447872
    0.15716084
