           1           2   1.9564479995347295     
           2           3  0.99502866271990043     
           3           4  0.96816722691549562     
           4           5   1.3675285737441387     
           5           6   1.4021318593100653     
           6           7   1.1000374269058881     
           7           8  0.97782584641879344     
           6           9   1.2209478142365886     
           9          10   1.1015867277840379     
          10          11  0.97753524610654408     
           9          12   1.3933066953717776     
           4          13   1.4153872628573316     
          12          13   1.4008186195159757     
           3          14  0.95776864939120798     
          14          15  0.98076806781741943     
          15          16   1.0596300762830122     
          16          17   1.4003400387186205     
          17          18  0.98816564852533040     
          18          19  0.96661569060925134     
          19          20   1.0077449350855181     
          20          21   1.4091784910642577     
          21          22   1.4169107992532430     
          22          23   1.3832606376432455     
          23          24   1.1105419957529969     
          24          25  0.97580792272199790     
          23          26   1.2194300992377840     
          26          27   1.1038908112669923     
          27          28  0.97849175321408710     
          20          29   1.3800628421540315     
          26          29   1.3949739067236651     
          17          30  0.99820519154189724     
           3          31  0.94222112995347518     
          31          32   1.0078968969274495     
          31          33   1.0097283755472179     
           5          34  0.95737600196043626     
           8          35  0.97347073662038630     
           8          36  0.97664918332818562     
           8          37  0.97339723767916864     
          11          38  0.97342945165956107     
          11          39  0.97687049072111631     
          11          40  0.97364269276414195     
          12          41  0.96383686021540049     
          13          42  0.96262217484863499     
          14          43  0.96888288337570949     
          14          44  0.97225535345090075     
          15          45  0.96158280267233809     
          15          46  0.92774380701729875     
           2          47  0.89663494475870087     
          16          48  0.95699558943590968     
          18          49  0.96381704387014366     
          18          50  0.96772844436963523     
          19          51  0.97174033953721728     
          19          52  0.97178453951500010     
          21          53  0.96811119268676393     
          22          54  0.96305717289485315     
          25          55  0.97254680573936436     
          25          56  0.97253559776396892     
          25          57  0.97671962830940995     
          28          58  0.97670026474227334     
          28          59  0.97337443618064490     
          28          60  0.97318051914846215     
          29          61  0.96244724350732525     
          30          62  0.96639454238716649     
          30          63  0.95978517429711374     
          30          64  0.97758180579972020     
          31          65  0.95951154567690655     
          32          66  0.97319868463991921     
          32          67  0.98253819829570554     
          32          68  0.98109177275673309     
          33          69  0.97653856704133823     
          33          70  0.98306601915767688     
          33          71  0.97985410442645082     
           1          72  0.94152062866527209     
