   -0.26677368
    0.10270860
    0.00551558
    0.01168611
   -0.07373154
    0.15218503
   -0.24642514
    0.02997196
   -0.05051014
   -0.32105346
    0.17598998
   -0.02657956
   -0.04812590
   -0.06464438
   -0.07152264
    0.01318225
    0.02515490
   -0.01842685
   -0.07072954
    0.00078642
   -0.04832526
   -0.06712509
    0.13410321
   -0.21968890
    0.02433148
    0.13389802
   -0.22247912
    0.02627448
   -0.07921560
   -0.07963977
   -0.00691659
   -0.11779848
   -0.11925455
    0.04558576
    0.05201356
    0.07725840
    0.04672702
    0.05620379
    0.05111583
    0.04675776
    0.04936904
    0.03643607
    0.06098039
    0.05361952
    0.07755023
    0.08319660
    0.00683907
    0.07201882
    0.07190214
    0.06712954
    0.05562352
    0.05879644
    0.04607371
    0.05944177
    0.05511432
    0.05690930
    0.08329488
    0.08283067
    0.05010586
    0.05374646
    0.04914018
    0.08553737
    0.10361643
    0.08494391
    0.03789405
    0.06756763
    0.03671658
    0.05148873
    0.06255462
    0.03477488
    0.05504104
    0.15726225
