           1           2   1.3243237043392984     
           1           3  0.17901304275376020     
           2           3   1.2390337096254740     
           3           4   1.1692141797262166     
           4           5   1.2636351392842591     
           2           6   1.0708356252947744     
           5           6   1.2589445158693697     
           6           7   1.2502467969205455     
           7           8   1.1799208299801895     
           7           9   1.2619113474979227     
           9          11   1.4309166628889303     
          10          12  0.92752742735243188     
          11          12   1.1973159658127235     
           5          13   1.1564592909649860     
          11          13   1.1158529223342981     
          13          14  0.97671854931153712     
           1          15  0.96546892550439445     
           1          16  0.97123838075934166     
           8          17  0.84733695507269891     
           3          18  0.96071046947933625     
          10          19  0.97270699664339355     
          10          20  0.96969493033816501     
          10          21  0.96957461899519959     
          14          22  0.96923482123241489     
          14          23  0.96893125934622382     
          14          24  0.96955515128660985     
           4          25  0.92529370543008227     
