   -0.28532686
    0.07303063
    0.01059335
   -0.04031373
   -0.06762730
    0.13499412
   -0.22039651
    0.02579449
    0.13565443
   -0.21949075
    0.02496643
   -0.06567271
   -0.03714969
   -0.06235321
   -0.06737750
    0.00952058
   -0.03740042
   -0.00839870
   -0.07138750
    0.00741140
   -0.04444843
   -0.06545396
    0.13551783
   -0.21526376
    0.02317583
    0.13527492
   -0.21866772
    0.02556530
   -0.07722469
   -0.05969344
   -0.00342506
   -0.11379785
   -0.11061594
    0.05024152
    0.05671017
    0.08303949
    0.05254491
    0.05817635
    0.08321983
    0.05423976
    0.05657847
    0.04736302
    0.06398647
    0.06742606
    0.05016875
    0.04653448
    0.01449195
    0.05235191
    0.05714008
    0.06033756
    0.05578954
    0.05554700
    0.05235930
    0.06134799
    0.05732824
    0.05954400
    0.08459989
    0.08376448
    0.05177556
    0.05567158
    0.05082616
    0.06377023
    0.06386183
    0.06751245
    0.04360542
    0.07625417
    0.03696248
    0.05472078
    0.06870017
    0.04138185
    0.05808465
    0.15202789
