   -0.27793083
    0.09671559
    0.00553615
    0.01481035
   -0.07258149
    0.13589095
   -0.19830079
    0.02095955
    0.13338595
   -0.23510415
    0.02448501
   -0.08200252
   -0.06430052
   -0.06615632
   -0.06371251
   -0.04453556
    0.08535384
   -0.01794332
   -0.06814506
    0.00083165
   -0.04794570
   -0.06732364
    0.13340378
   -0.22180396
    0.02496244
    0.13301426
   -0.22465066
    0.02726007
   -0.07946007
   -0.10968601
   -0.00715542
   -0.12132119
   -0.11700243
    0.06082535
    0.06183581
    0.08857031
    0.05826780
    0.05332597
    0.08306634
    0.04943958
    0.05890233
    0.09645286
    0.05337703
    0.05370071
    0.05206060
    0.06414975
    0.00975459
    0.04966798
    0.07022512
    0.06506683
    0.05667682
    0.05863455
    0.04721870
    0.05874901
    0.05408274
    0.05633886
    0.08214290
    0.08154059
    0.04822880
    0.05308176
    0.04802329
    0.05401743
    0.07082564
    0.05458283
    0.03641150
    0.07115610
    0.03226075
    0.05296929
    0.05761520
    0.03689988
    0.05488286
    0.15542411
