           1           2   1.9551935764940462     
           2           3  0.99376420907957808     
           3           4  0.98615677999299178     
           4           5   1.5487054726126193     
           5           6   1.2911386693536000     
           6           7   1.1508756093566050     
           7           8  0.97038480607465150     
           6           9   1.1312499641079472     
           9          10   1.0941041935684499     
          10          11  0.97613654137292594     
           9          12   1.5792586434329055     
          10          12  0.10689189292515325     
           4          13   1.0433527619781975     
          12          13   1.0470953139629018     
           3          14  0.95559181171512997     
          14          15  0.98502409177837547     
          15          16   1.0444554409788864     
          16          17   1.3452942145479656     
          17          18  0.96616261191226527     
          18          19  0.97685965157184362     
          19          20   1.0065102527332392     
          20          21   1.4115160144120942     
          21          22   1.4148783221631336     
          22          23   1.3843728353588223     
          23          24   1.1099149558648116     
          24          25  0.97599192730062101     
          23          26   1.2182716100407163     
          26          27   1.1033301091827361     
          27          28  0.97865152790429843     
          20          29   1.3794361987430341     
          26          29   1.3959798967420054     
          16          30  0.23972571722522637     
          17          30   1.3615470955472315     
           3          31  0.92822640559512415     
          31          32   1.0094858564007081     
          31          33   1.0098822503209088     
           5          34  0.95396976322146876     
           8          35  0.97181591277021107     
           8          36  0.97582860244807712     
           8          37  0.97148177110811518     
          11          38  0.97436885523288697     
          11          39  0.97674173995397484     
          11          40  0.97459617058462333     
          12          41  0.96280452396302041     
          13          42  0.90372481842472019     
          14          43  0.97041233810712590     
          14          44  0.97150615571147036     
          15          45  0.96204218199951030     
          15          46  0.94309315106719294     
           2          47  0.91202824792181436     
          16          48  0.96201157832779960     
          18          49  0.96817582482022613     
          18          50  0.96916574298379610     
          19          51  0.97220989108011824     
          19          52  0.96976892417131888     
          21          53  0.96778427888372509     
          22          54  0.96302769822932965     
          25          55  0.97262138023068156     
          25          56  0.97232816125081256     
          25          57  0.97676320454464471     
          28          58  0.97676421326737140     
          28          59  0.97337166796147290     
          28          60  0.97302849312632345     
          29          61  0.96236917600058636     
          30          62  0.96933343864266741     
          13          63  0.91778240762283680     
          30          64  0.97564726832471826     
          31          65  0.96126549404131967     
          32          66  0.97320050005764225     
          32          67  0.98259993832006642     
          32          68  0.98099955188323762     
          33          69  0.97907684063230582     
          33          70  0.98269510271172167     
          33          71  0.97958541903740259     
           1          72  0.94313833662842728     
