           1           2  0.98371609240189084     
           2           3   1.3936514308350783     
           3           4   1.3068910948860148     
           4           5   1.1876965962632537     
           2           6   1.2045949477535944     
           5           6   1.4368743932963637     
           6           7  0.95970706752461232     
           7           8   1.7405573611841898     
           7           9  0.26979238394252991     
           8           9  0.12456734762648440     
           9          10   1.8702121719928479     
           9          11  0.99208184477293737     
          11          12   1.7530457012002065     
           5          13   1.1293627932270724     
          11          13   1.1161835267195392     
          12          13  0.15620011209240753     
          13          14  0.97315429012891252     
           1          15  0.97009583180015158     
           1          16  0.95531901096576943     
           1          17  0.95852458797697204     
           3          18  0.95171448024477190     
          10          19  0.94332606603636415     
           7          20  0.91106457642880723     
          10          21  0.94428396879139576     
          14          22  0.97126083410077557     
          14          23  0.97493161959554731     
          14          24  0.96587823364648251     
           4          25  0.91629004391395641     
