   -0.26224746
    0.10205477
    0.00678407
    0.00217499
   -0.07933835
    0.13159151
   -0.22359071
    0.02609739
    0.13241515
   -0.22000343
    0.02411540
   -0.07002706
   -0.04867596
   -0.06629949
   -0.06976046
    0.01708730
    0.03985660
   -0.02782079
   -0.06249428
    0.01954785
   -0.04231976
   -0.07066195
    0.13724148
   -0.20987355
    0.02257709
    0.14854580
   -0.20413246
    0.02252273
   -0.08531723
   -0.07793945
   -0.00750898
   -0.11848591
   -0.12025302
    0.05296167
    0.05571668
    0.08386178
    0.04986234
    0.05845208
    0.08416070
    0.05498195
    0.05928836
    0.04531460
    0.06227626
    0.05685381
    0.07121430
    0.08607780
    0.01047532
    0.07682971
    0.11432227
    0.06282436
    0.05182557
    0.06941412
    0.06079327
    0.06714006
    0.05926740
    0.06035589
    0.08720116
    0.08020421
    0.07689855
    0.06318285
   -0.31377096
    0.08035382
    0.07667538
    0.11181363
    0.03933064
    0.06874642
    0.03646103
    0.05337021
    0.06424533
    0.03639768
    0.05717328
    0.16158459
