           1           2  0.99365398638800695     
           2           3   1.3370389344508993     
           3           4   1.2380216336275129     
           4           5   1.2003624202188736     
           2           6   1.1279502946304203     
           5           6   1.2450248465419795     
           6           7   1.2785830063433938     
           7           9   1.2886944396778899     
           8          10   1.0456201452591318     
           9          10  0.92804874050437391     
           9          11   1.0774326655026076     
           9          12  0.11266122706481910     
          11          12   1.6858888537507075     
           5          13   1.2099059047673040     
          11          13   1.0523124085548285     
          12          13  0.11859644340372130     
          13          14  0.97655464659775260     
           1          15  0.95367550868255768     
           1          16  0.96847677563842283     
           1          17  0.96686627369727807     
           3          18  0.95614295339964905     
          10          19  0.94486307428567706     
          10          20  0.94507933250326381     
           8          21  0.87509269905123732     
          14          22  0.96683122331609261     
          14          23  0.96629904152538693     
          14          24  0.96228267072320617     
           4          25  0.92100305369866875     
