           1           2   2.0334842013040721     
           3           4   1.1078017921319729     
           4           5   1.1461931598701725     
           3           6   1.3603466200071923     
           5           6   1.0823049388318897     
           6           7   1.1305962385498931     
           7           8   1.6646945832366833     
           7           9   1.0470537507873670     
           8           9  0.11584722819023560     
           9          10  0.97113389234833181     
           9          11   1.1702446076449931     
           9          12  0.14289393881600509     
          11          12   1.7192636469104143     
           5          13   1.3897017918965822     
          11          13  0.95431202283060568     
          13          14  0.97494432559577782     
           1          15  0.92681841470379855     
           2          16  0.91243302791427505     
           1          17  0.89429967827881796     
           3          18  0.95667826963852431     
          10          19  0.96500307095904958     
          10          20  0.95917819074639887     
          10          21  0.95920152203474185     
          14          22  0.96083949100688093     
          14          23  0.95826173104628332     
          14          24  0.96189630667122517     
           4          25  0.92760553059786299     
