   -0.24885927
    0.02265961
   -0.03791130
   -0.00011552
   -0.07969909
    0.12874449
   -0.23553160
    0.03052853
    0.12804234
   -0.23176722
    0.02863277
   -0.07442674
   -0.06104202
   -0.06340948
   -0.06706809
    0.00380393
    0.02310706
   -0.02052995
   -0.07022150
   -0.00120251
   -0.05025858
   -0.06836417
    0.13194833
   -0.22586107
    0.02620378
    0.13183921
   -0.22812042
    0.02801956
   -0.07974698
   -0.07373280
   -0.02061136
   -0.09980831
   -0.10819998
    0.04645669
    0.04910763
    0.07837672
    0.04560278
    0.05132382
    0.07910697
    0.04831336
    0.04791824
    0.04322776
    0.06039102
    0.04733240
    0.06406632
    0.07569360
    0.04042322
    0.06841959
    0.06919305
    0.07017632
    0.05474225
    0.05446665
    0.04259924
    0.05614881
    0.05200424
    0.05406109
    0.08037932
    0.08003035
    0.04737254
    0.05116209
    0.04646182
    0.07665905
    0.08452680
    0.07914646
    0.03093074
    0.18367075
    0.03293642
    0.04079479
    0.04628651
    0.04453855
    0.05986906
    0.17904135
