           1           2  0.98763170601245753     
           2           3   1.3957179505677242     
           3           4   1.3163579719006038     
           4           5   1.1701639879778556     
           2           6   1.1748802655237160     
           5           6   1.3706893853902686     
           6           7  0.98849741782731815     
           7           8   1.7153330434274285     
           7           9   1.1484784941574757     
           8           9  0.14444952127534494     
           9          10  0.96760569502692051     
           9          11   1.1317341199993347     
           9          12  0.13916643654011224     
          11          12   1.8336614860732476     
           5          13   1.2093253618978002     
          13          14   1.8309917121256767     
           1          15  0.95000940222814667     
           1          16  0.97393544492103001     
           1          17  0.96055582790555150     
           3          18  0.94987966114449374     
          10          19  0.96426968622065634     
          10          20  0.96905717658171775     
          10          21  0.96544313190863251     
          14          22  0.94721603730038906     
          14          23  0.95392051089998930     
          11          24  0.91371842499818157     
           4          25  0.91625497378385445     
