           1           2  0.99001414181214031     
           2           3   1.3419764079864258     
           3           4   1.2467029183784983     
           4           5   1.1897484387940434     
           2           6   1.1418775857857699     
           5           6   1.3096981582583178     
           6           7   1.1284658843917137     
           7           8   1.6496502624980369     
           7           9  0.97259655244032950     
           9          10   1.3322912861341454     
           9          11   1.0243450745507754     
          11          12   1.6810225637739933     
           5          13   1.1830340394268624     
          11          13   1.0831773397916666     
          12          13  0.12420041340317022     
          13          14  0.97397258083167371     
           1          15  0.95307325212036953     
           1          16  0.96279231744047700     
           1          17  0.95924258713878485     
           3          18  0.95453363201632846     
          10          19  0.95331371744461546     
          10          21  0.90246127985804658     
          14          22  0.96766221670490260     
          14          23  0.96737523878489173     
          14          24  0.96214957896806674     
           4          25  0.92063134020655746     
