   -0.05782636
    0.00988733
    0.01244803
   -0.00759393
   -0.08187315
    0.13023404
   -0.23141709
    0.02783455
    0.12929488
   -0.23015134
    0.02734931
   -0.07539203
   -0.05739429
   -0.06786150
   -0.06946798
   -0.01102676
    0.00536982
   -0.01666524
   -0.06999695
   -0.00214570
   -0.05011280
   -0.06863156
    0.13180583
   -0.22650443
    0.02643712
    0.13147682
   -0.22906102
    0.02861407
   -0.08059738
   -0.07101621
   -0.02360148
   -0.01723546
   -0.11837533
    0.04981847
    0.05092306
    0.08094984
    0.04678276
    0.05423980
    0.08051829
    0.04565471
    0.05085903
    0.03140865
    0.06285085
    0.05654553
    0.06653343
    0.07761017
    0.05852210
    0.06046912
    0.06542192
    0.06433948
    0.05246100
    0.05416253
    0.04238995
    0.05585704
    0.05177875
    0.05369373
    0.08025424
    0.07984317
    0.04621488
    0.05044321
    0.04466644
    0.07299776
    0.07914792
    0.07712816
    0.06241114
    0.09126813
   -0.22151044
    0.07997061
    0.04485586
    0.05308080
    0.05879588
    0.18983819
