           1           2   1.4140538219328267     
           2           3   1.0247010356485302     
           3           4  0.94879687646549393     
           4           5   1.3660122285398026     
           5           6   1.4047475492347352     
           6           7   1.0983817430792524     
           7           8  0.97823037166999083     
           6           9   1.2249987770271147     
           9          10   1.1010956212300029     
          10          11  0.97788549749701159     
           9          12   1.3988117473166908     
           4          13   1.4282090432545334     
          12          13   1.3944372515462962     
           3          14  0.96737058967001777     
          14          15  0.98513379624463782     
          15          16   1.0594598061791480     
          16          17   1.3754077617683937     
          17          18  0.98957771910201664     
          18          19  0.96455334243811042     
          19          20   1.0083984848714327     
          20          21   1.4152899360052722     
          21          22   1.4128560670706944     
          22          23   1.3885655588286450     
          23          24   1.1042635352614165     
          24          25  0.97724424808394117     
          23          26   1.2242525755023563     
          26          27   1.0978560548758975     
          27          28  0.97992844083113739     
          20          29   1.3756006542426376     
          26          29   1.4003763571751355     
          17          30   1.0002197480946426     
           3          31  0.94410485369559283     
           1          32  0.99723211536862144     
          31          32  0.98944734889557229     
          31          33   1.0120922966282915     
           5          34  0.95902912103250815     
           8          35  0.97457879179947648     
           8          36  0.97678300531424433     
           8          37  0.97409505386074557     
          11          38  0.97388463567534511     
          11          39  0.97710644539044211     
          11          40  0.97467391508490719     
          12          41  0.96399119160052815     
          13          42  0.96229571545665182     
          14          43  0.96877150339458040     
          14          44  0.97314480565929939     
          15          45  0.96094939041811245     
          15          46  0.92822376535685569     
           2          47  0.96095117485683945     
          16          48  0.95978802097389626     
          18          49  0.96591446732466291     
          18          50  0.96817418020262946     
          19          51  0.97251438259198253     
          19          52  0.97141635511544522     
          21          53  0.96841703194426454     
          22          54  0.96350814316338740     
          25          55  0.97335661652227534     
          25          56  0.97332671369126977     
          25          57  0.97710819248580894     
          28          58  0.97705649288178764     
          28          59  0.97403465686174928     
          28          60  0.97377096566476107     
          29          61  0.96279602620729521     
          30          62  0.96596553636902205     
          30          63  0.96076818871208880     
          30          64  0.97766617987757309     
          31          65  0.96537439064209063     
          32          66  0.93048688092152410     
          32          68  0.95986546121435112     
          33          69  0.98548578989220437     
          33          70  0.98129783437246609     
          33          71  0.98031178277342501     
           1          72  0.93493006400041501     
