           1           2   1.3338025648473386     
           2           3   1.0225597999292961     
           3           4  0.96215868129000903     
           4           5   1.0201075019440433     
           5           6   1.0244987366356948     
           6           7   1.1096669090449898     
           7           8  0.98167493974229503     
           6           9   1.3596793619594119     
           9          10   1.0703940459372099     
          10          11  0.98233036309325383     
           9          12   1.3110469324794118     
           4          13   1.5963156684971935     
          12          13   1.2988072162665378     
           3          14  0.96269877846451446     
          14          15  0.98487890972851333     
          15          16   1.0566837882370161     
          16          17   1.3444219929157977     
          17          18  0.99226098457840095     
          18          19  0.96580170643985952     
          19          20   1.0081841053828391     
          20          21   1.4219942373190073     
          21          22   1.4090296992254114     
          22          23   1.3945644025239416     
          23          24   1.0947934322212018     
          24          25  0.97945137829326379     
          23          26   1.2325411417774956     
          26          27   1.0891026368121821     
          27          28  0.98204785127317429     
          20          29   1.3731012458909673     
          26          29   1.4050437115380636     
          17          30   1.0017012361705691     
           3          31  0.94149439791629841     
           1          32  0.99754092703973019     
          31          32  0.99002874345297032     
          31          33   1.0124920835231381     
           5          34  0.91990019574435244     
           8          35  0.96904815458976223     
           8          36  0.97631993339412282     
           8          37  0.97147633649284182     
          11          38  0.97496653763045782     
          11          39  0.97741228909888100     
          11          40  0.97520036123355647     
          12          41  0.96695891709219528     
          13          42  0.95787440379381295     
          14          43  0.97073100637520038     
          14          44  0.97287537165009197     
          15          45  0.96211280669357613     
          15          46  0.93421655396369263     
           2          47  0.96151358349582838     
          16          48  0.96096187753999474     
          18          49  0.96560903576727908     
          18          50  0.96880127804268701     
          19          51  0.97292498163490504     
          19          52  0.97181408137988567     
          21          53  0.96878304495065826     
          22          54  0.96405987565435913     
          25          55  0.97432004405024364     
          25          56  0.97429254162907075     
          25          57  0.97765871097316226     
          28          58  0.97756397637186898     
          28          59  0.97474826719505570     
          28          60  0.97455272467381260     
          29          61  0.96319265416968247     
          30          62  0.96717753174196908     
          30          63  0.96158625896745598     
          30          64  0.97815986833385860     
          31          65  0.96129964969128057     
          32          66  0.95693192256688819     
           5          67  0.92434307821253403     
          32          68  0.96671528992037548     
          33          69  0.98518375792566693     
          33          70  0.98226798506358592     
          33          71  0.98105797245645054     
           1          72  0.93976023112753460     
