           1           2  0.98385900391481917     
           2           3   1.3915539357232130     
           3           4   1.2715038278312933     
           4           5   1.1895366072095264     
           2           6   1.1739179185622195     
           5           6   1.3842820702462200     
           6           7   1.0134872025695287     
           7           8   1.7208497304540966     
           7           9   1.1314532700637563     
           8           9  0.11156065153325698     
           9          11   1.5133297714698848     
           9          12  0.11101950682286932     
          10          12  0.92448940852429173     
          11          12   1.1982535434754988     
           5          13   1.1821923741530505     
          11          13   1.0881786500854953     
          13          14  0.97455048660851762     
           1          15  0.95581039525126266     
           1          16  0.96450469105182601     
           1          17  0.96019703847486582     
           3          18  0.95309101418151632     
          10          19  0.96986988680277220     
          10          20  0.96897590248311971     
          10          21  0.96913839922417877     
          14          22  0.97068244128269932     
          14          23  0.97068685515973629     
          14          24  0.96883212283821163     
           4          25  0.91994572554197229     
