   -0.26055851
    0.10105759
    0.00669298
    0.00396971
   -0.07894385
    0.13129317
   -0.22550030
    0.02602205
    0.12997164
   -0.22430913
    0.02565796
   -0.07423624
   -0.05310947
   -0.06597730
   -0.07012197
    0.02110932
    0.02523011
   -0.01696134
   -0.06616649
    0.01908205
   -0.03867017
   -0.05578147
    0.13874230
   -0.20781393
    0.02260601
    0.12900712
   -0.22281533
    0.02564310
   -0.07671932
   -0.07349841
   -0.00721999
   -0.12019645
   -0.11866915
    0.05424524
    0.05578592
    0.08335121
    0.04999656
    0.05682861
    0.08316841
    0.04955231
    0.05345099
    0.03917705
    0.06271325
    0.05870308
    0.06651824
    0.08958902
    0.01247441
    0.09233298
    0.06529378
    0.08262935
    0.08353821
    0.05403232
   -0.24139038
    0.07987451
    0.06019762
    0.06222674
    0.08702656
    0.08503570
    0.05047967
    0.05465389
    0.05913479
    0.08016254
    0.08129118
    0.08244747
    0.03975535
    0.07232657
    0.03643846
    0.05327956
    0.05912646
    0.03724719
    0.05678320
    0.16170574
