           1           2   1.9612728725622461     
           2           3  0.99432419898811686     
           3           4  0.96821583812612155     
           4           5   1.3695713091022061     
           5           6   1.3985394167564118     
           6           7   1.1054579665373687     
           7           8  0.97640065697864120     
           6           9   1.2162979598660690     
           9          10   1.1068505157618758     
          10          11  0.97647998245195655     
           9          12   1.3895771391700673     
           4          13   1.4099855519680040     
          12          13   1.4035556841321333     
           3          14  0.95857307191283514     
          14          15  0.97966466818964182     
          15          16   1.0600864634827207     
          16          17   1.4476632049412355     
          17          18  0.98406643883139111     
          18          19  0.96401776025208930     
          19          20   1.0051686777847424     
          20          21   1.4237748859524901     
          21          22   1.4658833609870552     
          22          23   1.3189656236353835     
          23          24   1.1231585105448414     
          24          25  0.97025830786506106     
          23          26   1.2157748884215893     
          26          27   1.1013124850184133     
          27          28  0.97726991558481147     
          20          29   1.3240253134547211     
          26          29   1.4001980074988638     
          17          30  0.99573433023867064     
           3          31  0.93938203715391455     
          31          32   1.0081058892500285     
          31          33   1.0090489549566510     
           5          34  0.95732519370993752     
           8          35  0.97297151223292977     
           8          36  0.97626161279761547     
           8          37  0.97278149112697088     
          11          38  0.97276044589319710     
          11          39  0.97654400362321891     
          11          40  0.97310591867937146     
          12          41  0.96349237565319412     
          13          42  0.96253052737543943     
          14          43  0.96844047325279248     
          14          44  0.97147591628554764     
          15          45  0.96214585546421161     
          15          46  0.92444525011925727     
           2          47  0.88839181266680500     
          16          48  0.94890943150804463     
          18          49  0.96337393739684329     
          18          50  0.96305258856129061     
          19          51  0.94928242436733656     
          19          52  0.97099886094000898     
          21          53  0.11517344672215700     
          22          54  0.94553407213861540     
          25          55  0.97098309556669116     
          25          56  0.97098776839009460     
          25          57  0.97535080751251646     
          28          58  0.97601757381761245     
          28          59  0.97276511777148800     
          28          60  0.97249754318243287     
          29          61  0.95298378197796618     
          30          62  0.96553364048836321     
          30          63  0.95927493253334928     
          30          64  0.97729071783711952     
          31          65  0.95827945517400526     
          32          66  0.97089610145790717     
          32          67  0.98110560718901585     
          32          68  0.98025392876239681     
          33          69  0.97643208245607938     
          33          70  0.98211988351750690     
          33          71  0.97923207058226347     
           1          72  0.93924799567405381     
