           1           2   1.9565939627236997     
           2           3  0.99305923663585438     
           3           4  0.97325830917160683     
           4           5   1.3981069686036347     
           5           6   1.3649952523372650     
           6           7   1.0515299168329360     
           7           8   1.2655556982043386     
           6           9   1.2282867373344020     
           9          10   1.1104252089580038     
          10          11  0.97274310068115810     
           9          12   1.3834224172612781     
           4          13   1.3947179317881695     
          12          13   1.4123979053997970     
           3          14  0.95616830806327235     
          14          15  0.98243913119999560     
          15          16   1.0588963705913155     
          16          17   1.3929506286277418     
          17          18  0.98828751305790485     
          18          19  0.96616557939163739     
          19          20   1.0077262126442572     
          20          21   1.4093426653265280     
          21          22   1.4168485867913854     
          22          23   1.3832887482264562     
          23          24   1.1107556875357321     
          24          25  0.97575040838272098     
          23          26   1.2193249434731652     
          26          27   1.1037346338651410     
          27          28  0.97856529657135749     
          20          29   1.3796285292246817     
          26          29   1.3952944622533858     
          17          30  0.99912714913269041     
           3          31  0.94174353909931774     
          31          32   1.0084652054938483     
          31          33   1.0087907921941945     
           5          34  0.95623970121467239     
           8          35  0.96316568693618732     
           8          37  0.96411625015305646     
          11          38  0.97448562560196816     
          11          39  0.97670391989553640     
          11          40  0.97472863127493170     
          12          41  0.96330414919193785     
          13          42  0.96242461477102836     
          14          43  0.96809132269590048     
          14          44  0.97198854511980526     
          15          45  0.96150966037380936     
          15          46  0.92731163456981969     
           2          47  0.90208702726024104     
          16          48  0.95757871863914290     
          18          49  0.96402739984257835     
          18          50  0.96782450093775541     
          19          51  0.97193528858185463     
          19          52  0.97170267736335836     
          21          53  0.96806904123765358     
          22          54  0.96302475734949522     
          25          55  0.97262362668075997     
          25          56  0.97243214942377365     
          25          57  0.97670874468405589     
          28          58  0.97668746095119863     
          28          59  0.97340132998789941     
          28          60  0.97321452761866178     
          29          61  0.96256688935174883     
          30          62  0.96624944566344384     
          30          63  0.96459128902389457     
          30          64  0.97733575165918019     
          31          65  0.96100824241022254     
          32          66  0.97474414920017605     
          32          67  0.98226850578436797     
          32          68  0.98129458712885098     
          33          69  0.97626058895215329     
          33          70  0.98309747289340510     
          33          71  0.97983439128835781     
           1          72  0.94183222195193117     
