           1           2   1.0004641848407456     
           2           3   1.2399578894489367     
           3           4   1.1735232198058887     
           3           5  0.11965219726012077     
           4           5   1.2116491530197824     
           2           6   1.1051445057820950     
           5           6   1.3534901063037128     
           6           7   1.1205150203687277     
           7           8   1.5568811374023115     
           7           9   1.0402089583057976     
           8           9  0.11681611010327292     
           9          10  0.98075779773905780     
           9          11   1.1619369768766503     
           9          12  0.14971711057549630     
          11          12   1.6330753751572475     
           5          13   1.1569445687025697     
          11          13   1.0239446994190116     
          12          13  0.11576832495082440     
          13          14  0.98940884890876502     
           1          15  0.97185806682529452     
           1          16  0.97624322432637223     
           1          17  0.96833532832370151     
           3          18  0.96668121547988184     
          10          19  0.97398555832719902     
          10          20  0.97778871196892791     
          10          21  0.97784053546376248     
          14          22  0.97776360438869570     
          14          23  0.97764832729355178     
          14          24  0.97049606982391312     
           4          25  0.94028370110065140     
