   -0.27072825
    0.10173704
    0.01072298
   -0.03305698
   -0.04894170
    0.21719647
   -0.42743911
   -0.05654656
    0.11574363
   -0.24114827
    0.02712922
   -0.06373885
   -0.02962085
   -0.06469979
   -0.08231528
    0.02194176
    0.03453891
   -0.01906094
   -0.07106602
    0.00071272
   -0.04803356
   -0.06702515
    0.13411093
   -0.21976235
    0.02427405
    0.13371994
   -0.22280039
    0.02648732
   -0.07964452
   -0.08955823
   -0.00743262
   -0.11653017
   -0.12057555
    0.04798073
    0.06778313
    0.06988510
    0.07065222
    0.05475918
    0.08046047
    0.05503359
    0.05596515
    0.04284581
    0.06481499
    0.05461372
    0.11618828
    0.08990100
    0.00653309
    0.07319780
    0.07094405
    0.06642574
    0.05617639
    0.06036753
    0.04740960
    0.05974849
    0.05532089
    0.05699021
    0.08326064
    0.08271214
    0.04936967
    0.05380373
    0.04845769
    0.08370864
    0.12537648
    0.07734940
    0.03948588
    0.06330857
    0.03439941
    0.05170583
    0.06617492
    0.03760160
    0.05584165
    0.15485675
