           1           2   1.9519115819049888     
           2           3  0.99513414008461498     
           3           4  0.99632103682945650     
           5           6   1.0820681124908555     
           6           7   1.6425662266122176     
           5           8   1.8380756895006636     
           6           9   1.0125202630571095     
           9          10   1.0959744294488261     
          10          11  0.97408876878204786     
           9          12   1.5727813944278481     
           4          13   1.7603973855282040     
          12          13   1.1582872363835752     
           3          14  0.94588652437146936     
          14          15  0.99164918172483396     
          15          16   1.0697640814848084     
          16          17   1.4719448539989073     
          17          18  0.98619303246451995     
          18          19  0.96821435348526730     
          19          20   1.0076853128546825     
          20          21   1.4085608633013922     
          21          22   1.4167237558668040     
          22          23   1.3822698489791554     
          23          24   1.1128633643966466     
          24          25  0.97530586147530385     
          23          26   1.2162163517253148     
          26          27   1.1061514266182018     
          27          28  0.97790838517916689     
          20          29   1.3796161408929772     
          26          29   1.3945158991984570     
          17          30  0.99424175098472001     
           3          31  0.93526874815339178     
          31          32   1.0084860897158028     
          31          33   1.0072103218899138     
           4          34  0.96072660655338149     
           8          35  0.97419350960660456     
           5          36  0.96065601415427315     
           8          37  0.97141401894313528     
          11          38  0.97332433352648096     
          11          39  0.97585990581063731     
          11          40  0.97060922863621979     
          12          41  0.94989359775613191     
          13          42  0.95352587504844832     
          14          43  0.96912610893922913     
          14          44  0.97145480462955835     
          15          45  0.92573895530832873     
          15          46  0.91492628940232223     
           2          47  0.91389537194659787     
          16          48  0.95386702853135219     
          18          49  0.96078919115161709     
          18          50  0.96864943269197079     
          19          51  0.97260270075751554     
          19          52  0.96978875774660056     
          21          53  0.96777280311491176     
          22          54  0.96285645777761786     
          25          55  0.97212445913032930     
          25          56  0.97223905894828044     
          25          57  0.97656512476009616     
          28          58  0.97656583296435628     
          28          59  0.97313671350201236     
          28          60  0.97280747427028946     
          29          61  0.96231640135108132     
          30          62  0.95891523388704314     
          30          63  0.94156357321042494     
          30          64  0.97651705696998092     
          31          65  0.96136870278029174     
          32          66  0.97593392373191690     
          32          67  0.98145451856398935     
          32          68  0.98129657458271990     
          33          69  0.97407484139267597     
          33          70  0.98212786068496938     
          33          71  0.97846162183283458     
           1          72  0.94245296009167723     
