           1           2  0.98188936952010097     
           2           3   1.1309493098871382     
           3           4   1.8209766337812570     
           2           6   1.2443592388237359     
           5           6   1.3910775015293750     
           6           7   1.0141185681781983     
           7           8   1.8736343649235527     
           5           9   1.0835753512177946     
           7           9  0.85156990450740389     
           8           9  0.10115359157123668     
           9          10   1.6236615041559299     
          11          12   1.8298519183600770     
          11          13   2.0328099601179708     
          12          13  0.35218958946456297     
          13          14   1.0264324009273713     
           1          15  0.96540327556782546     
           1          16  0.96551279211472618     
           1          17  0.97398560933776068     
           3          18  0.92586119593923843     
          10          19  0.95458507073698895     
           5          20  0.95119599609169825     
          10          21  0.95020924486270175     
          14          22  0.95360565485734194     
          14          23  0.94917566104957030     
          14          24  0.95032107590294868     
           4          25  0.93191656533999634     
