           1           2   1.3118513710479320     
           2           3   1.2411354715547542     
           3           4   1.2268076548617797     
           4           5   1.1994731182383427     
           2           6   1.0906189848389041     
           5           6   1.3232356207438754     
           6           7   1.0973636144878582     
           7           8   1.6615927423321635     
           7           9   1.0761719010757578     
           8           9  0.12269614808380322     
           9          10  0.97697630923791001     
           9          11   1.1241316839659408     
           9          12  0.12379274197450496     
          11          12   1.6821372438598097     
           5          13   1.2041846742486055     
          11          13   1.0445398670744808     
          12          13  0.11078263399370650     
          13          14  0.97719321646871893     
           1          16  0.96286358137678385     
           1          17  0.94998622279178391     
           3          18  0.95445724943561616     
          10          19  0.95460913441557915     
          10          20  0.94606532292622880     
          10          21  0.94730624349034409     
          14          22  0.96299964137284000     
          14          23  0.96270995937451720     
          14          24  0.95837413704054109     
           4          25  0.91977122428580749     
