           1           2  0.98382953492657466     
           2           3   1.4060473707267229     
           3           4   1.3196626537271641     
           4           5   1.1611412979479261     
           2           6   1.1905578945211539     
           5           6   1.4019946542480519     
           6           7  0.97248801328012968     
           7           8   1.7059455193606916     
           7           9   1.1885409100683992     
           8           9  0.15807996230008381     
           9          10  0.96558212333599758     
           9          11   1.1099606439001164     
           9          12  0.13637385547038539     
          11          12   1.8591066036635173     
           5          13   1.1969676257228083     
          13          14   1.8779296101268459     
           1          15  0.97097660355592752     
           1          16  0.95428935262636738     
           1          17  0.95284571022753450     
           3          18  0.94973966164529522     
          10          19  0.97263579511335885     
          10          20  0.97038587169955393     
          10          21  0.96697820448013294     
          14          22  0.95135476306991296     
          11          23  0.91847721462705723     
          14          24  0.95595028713904662     
           4          25  0.91958808636935896     
