           1           2   2.7102534610991604     
           3           4   1.3118903437164682     
           4           5   1.2448683840410231     
           5           6   1.4562693047267949     
           6           7   1.0948371940888897     
           7           8  0.97853781593795008     
           6           9   1.1901764771676919     
           9          10   1.1303175469086069     
          10          11  0.97277978076325655     
           9          12   1.3397210552361438     
           4          13   1.2664980171117441     
          12          13   1.4845646685005802     
           3          14   1.0467996089586438     
          14          15  0.98233435264665336     
          15          16  0.97664494392720669     
          16          17   1.0151305919558333     
          17          18   1.0245581964465111     
          18          19  0.94816181712525349     
          19          20   1.0192232649224926     
          20          21   1.3947693239834231     
          21          22   1.4211210644522281     
          22          23   1.3774438119320616     
          23          24   1.1120709790441297     
          24          25  0.97617159395744812     
          23          26   1.2106628628920177     
          26          27   1.1073973003470017     
          27          28  0.97767812075975014     
          20          29   1.3752026502046715     
          26          29   1.3947723537341843     
          17          30   1.0225810193235838     
           3          31   1.0289353117343671     
          31          32  0.96942851527350660     
          31          33  0.98603257577151104     
           5          34  0.95767265128361845     
           8          35  0.97348051412836822     
           8          36  0.97667380697751660     
           8          37  0.97366588256161746     
          11          38  0.97192635473916666     
          11          39  0.97661610819832212     
          11          40  0.97219281776146893     
          12          41  0.96154746017118553     
          13          42  0.96268242871901144     
          14          43  0.92933153546391556     
          14          44  0.95295650924209352     
          15          45  0.96830347666712802     
          15          46  0.97250123995296955     
          16          47  0.95282130513937591     
          16          48  0.95810247791000291     
          18          49  0.96271851290289367     
          18          50  0.96808971692860490     
          19          51  0.97096725814295082     
          19          52  0.96532049130715891     
          21          53  0.96715930610858902     
          22          54  0.96272898345129343     
          25          55  0.97166759606203845     
          25          56  0.97172826451086192     
          25          57  0.97656985449530676     
          28          58  0.97658960607484235     
          28          59  0.97264400186610489     
          28          60  0.97203985688770356     
          29          61  0.96136785550848247     
          30          62  0.95851719163071536     
          30          63  0.97740391160795503     
          30          64  0.97497156881631741     
          31          65  0.95768091178166537     
          32          66  0.95769716242422653     
          32          67  0.98319816769096158     
          32          68  0.98009760598448725     
          33          69  0.98067315812973244     
          33          70  0.98593661871030625     
          33          71  0.98174169041794612     
           1          72  0.91205598748135408     
