   -0.27383925
    0.10088901
    0.00627836
    0.00512903
   -0.08010221
    0.13013753
   -0.22933700
    0.02708970
    0.12858305
   -0.22870728
    0.02700700
   -0.07537082
   -0.05419522
   -0.06471747
   -0.06837726
    0.00581935
    0.01200044
   -0.01679345
   -0.07026796
   -0.00030994
   -0.04878708
   -0.06742806
    0.13356431
   -0.22166597
    0.02487131
    0.13316396
   -0.22451947
    0.02706976
   -0.07940119
   -0.07136896
    0.03270046
   -0.12325406
   -0.09953090
    0.05431777
    0.05438634
    0.08162622
    0.04821708
    0.05476802
    0.08130288
    0.04752375
    0.05101871
    0.03595655
    0.06363863
    0.05245343
    0.06602225
    0.08035828
    0.00721822
    0.06900594
    0.06767247
    0.06784772
    0.05439669
    0.05558702
    0.04487752
    0.05855477
    0.05442274
    0.05592634
    0.08247861
    0.08197181
    0.04886108
    0.05246030
    0.04728932
    0.07546573
    0.08135317
    0.07941246
   -0.00433096
    0.08036987
    0.05120579
    0.05990275
    0.04057937
    0.00125205
    0.05801543
    0.16028418
