           1           2   1.0766583749586873     
           2           3   1.6465461975442373     
           2           4  0.14128645226955847     
           3           4   1.3349827783251187     
           4           6   1.6299816594720038     
           5           6   1.2102233143256242     
           5           7  0.97598988441332568     
           7           8   1.7534787609869125     
           7           9   1.1167059733256486     
           8           9  0.14142814828269870     
           9          10  0.96847133111929240     
           9          11   1.1459597578528087     
           9          12  0.13428027551896893     
          11          12   1.7584819999213814     
           5          13   1.3667104323905943     
          11          13  0.94929922837001635     
          13          14  0.99791913592006909     
           1          15  0.92296389207551544     
           1          16  0.93146619801771102     
           1          17  0.92808725213550258     
           3          18  0.83757900317492417     
          10          19  0.97229085315528485     
          10          20  0.96812984584056605     
          10          21  0.96589701757352464     
          14          22  0.94964471820590202     
          14          23  0.94836422919831564     
          14          24  0.96436759143065987     
           6          25  0.92368692876497838     
