           1           2   1.3320727728275850     
           2           3   1.2461546497255693     
           3           4   1.2421048727809645     
           4           5   1.1928747726020237     
           2           6   1.0882980319139106     
           5           6   1.3500752756843779     
           6           7   1.0837560476099504     
           7           8   1.6870493031197122     
           7           9   1.0933133234204016     
           8           9  0.13865005196761668     
           9          10  0.97165287759134789     
           9          11   1.1254020303450509     
           9          12  0.13331360811758233     
          11          12   1.7064922641157805     
           5          13   1.2180078152594256     
          11          13   1.0350409009018944     
          12          13  0.11771018158477475     
          13          14  0.97523891734994039     
           1          15  0.96223933308812315     
           1          17  0.95552639419353236     
           3          18  0.95480725797207300     
          10          19  0.96514879409280363     
          10          20  0.95791607961629766     
          10          21  0.95707053622202853     
          14          22  0.96825230494279246     
          14          23  0.96788128477690161     
          14          24  0.96283129207997253     
           4          25  0.91934392766491502     
