   -0.27429886
    0.09788745
    0.00519479
    0.01037534
   -0.09403555
    0.13338718
   -0.24377962
    0.02779731
    0.07873752
   -0.07281163
   -0.00020725
   -0.06720190
   -0.06779549
   -0.06482211
   -0.06775572
    0.00162613
    0.00345051
   -0.01517523
   -0.07006765
   -0.00178090
   -0.04987373
   -0.06826393
    0.13210197
   -0.22580357
    0.02616047
    0.13161458
   -0.22847755
    0.02857115
   -0.08025617
   -0.06734214
   -0.00735252
   -0.11965252
   -0.11778196
    0.05226532
    0.05395012
    0.08001382
    0.04846293
    0.05449302
    0.08476940
    0.05874559
    0.07312928
    0.03887362
    0.05808708
    0.05263341
    0.06340734
    0.07618782
    0.00552998
    0.06635344
    0.06443034
    0.06610197
    0.05410442
    0.05364249
    0.04336413
    0.05661003
    0.05239973
    0.05413994
    0.08052627
    0.07997157
    0.04632290
    0.05066551
    0.04476602
    0.07375068
    0.07518537
    0.07714035
    0.03583694
    0.06857693
    0.03262362
    0.05032652
    0.05952840
    0.03350018
    0.05269218
    0.15452290
