           1           2   1.9522684549979390     
           2           3  0.99488145335133038     
           3           4  0.96459372656181763     
           4           5   1.2054603292109922     
           5           6   1.4237413157030718     
           6           7   1.0905464248004986     
           7           8  0.97577277377735727     
           6           9   1.2311810756136439     
           9          10   1.1737312507492839     
           9          11  0.22737009938055219     
          10          11   1.2748967608801205     
           9          12   1.0186836149982577     
           4          13   1.6611987133375303     
          12          13   1.0340382468277047     
           3          14  0.96209879622128347     
          14          15  0.98170105758916582     
          15          16   1.0580504580888581     
          16          17   1.3778051152310282     
          17          18  0.98939377847044430     
          18          19  0.96706250591269327     
          19          20   1.0073854328872573     
          20          21   1.4138695449548113     
          21          22   1.4142676245644938     
          22          23   1.3871819862076964     
          23          24   1.1052187173732955     
          24          25  0.97694587302057145     
          23          26   1.2241419947835974     
          26          27   1.0983966204076696     
          27          28  0.97987864976879369     
          20          29   1.3779206069746464     
          26          29   1.3984953592293325     
          17          30   1.0001469959866602     
           3          31  0.94231060423485680     
          31          32   1.0086826692696080     
          31          33   1.0090838655614751     
           5          34  0.95900480850210079     
           8          35  0.97493761881967722     
           8          36  0.97685393008059318     
           8          37  0.97474679590532887     
          11          38  0.96926072405160779     
          11          39  0.96891423598659321     
          12          40  0.93678630419657327     
          12          41  0.92149568001822812     
          13          42  0.96236532600419111     
          14          43  0.96872486921508294     
          14          44  0.97193657998029404     
          15          45  0.96207520559801840     
          15          46  0.93000031661466775     
           2          47  0.90021754030275347     
          16          48  0.95809957139271762     
          18          49  0.96410435393542504     
          18          50  0.96784636180757555     
          19          51  0.97220392555857371     
          19          52  0.97221336095068789     
          21          53  0.96833325409876569     
          22          54  0.96340979128773963     
          25          55  0.97321065455044242     
          25          56  0.97318952565294681     
          25          57  0.97705695701259931     
          28          58  0.97702266444709707     
          28          59  0.97393598428723849     
          28          60  0.97371950621509873     
          29          61  0.96276261487321912     
          30          62  0.96732796015987832     
          30          63  0.96388430306084283     
          30          64  0.97797010038108656     
          31          65  0.96134559654937313     
          32          66  0.97543434512808636     
          32          67  0.98316013202165531     
          32          68  0.98208401588965577     
          33          69  0.97789684684944422     
          33          70  0.98325067344125783     
          33          71  0.98106245531769920     
           1          72  0.94313879241073706     
