   -0.26713769
    0.10053996
    0.00652506
    0.00281873
   -0.07951499
    0.12986976
   -0.22947819
    0.02743849
    0.12860742
   -0.22836924
    0.02686919
   -0.07493239
   -0.05379364
   -0.06510548
   -0.06889165
    0.00788326
    0.00971550
   -0.01621129
   -0.07045191
   -0.00030085
   -0.04881753
   -0.06742635
    0.13337295
   -0.22241344
    0.02494679
    0.13319988
   -0.22438104
    0.02709749
   -0.07952028
   -0.07064237
   -0.00731344
   -0.11935170
   -0.11792851
    0.05213836
    0.05396546
    0.08136280
    0.04767368
    0.05503871
    0.08127936
    0.04781065
    0.05159213
    0.03780856
    0.06014321
    0.05356541
    0.06556796
    0.07971204
    0.00853809
    0.06956826
    0.06719108
    0.06693880
    0.05516064
    0.05567009
    0.04504165
    0.05855230
    0.05392500
    0.05627382
    0.08314865
    0.08199196
    0.04867671
    0.05253554
    0.04712740
    0.07604215
    0.07999112
    0.07944470
    0.03753813
    0.07029342
    0.03572218
    0.05119671
    0.05844157
    0.03437011
    0.05477584
    0.15728321
