           1           2   1.9567162360286741     
           2           3  0.99525904380923458     
           3           4  0.96782357881304693     
           4           5   1.3684040672811422     
           5           6   1.4014103804304308     
           6           7   1.1001369629130437     
           7           8  0.97771987032863461     
           6           9   1.2212640770952921     
           9          10   1.1016938034786550     
          10          11  0.97754925094532785     
           9          12   1.3929199129885279     
           4          13   1.4143007990411476     
          12          13   1.4014152268707485     
           3          14  0.95846560199273334     
          14          15  0.98049769940412146     
          15          16   1.0587575079581308     
          16          17   1.3975806200488334     
          17          18  0.98818596577725448     
          18          19  0.96676857646935743     
          19          20   1.0076630331660688     
          20          21   1.4091348383641626     
          21          22   1.4168768526806179     
          22          23   1.3833549458515109     
          23          24   1.1102019300084844     
          24          25  0.97563443592739718     
          23          26   1.2194750256677329     
          26          27   1.1041165973018798     
          27          28  0.97841630823304659     
          20          29   1.3802582009218469     
          26          29   1.3947095870983586     
          17          30  0.99835242143608116     
           3          31  0.94169071133198312     
          31          32   1.0083259730890570     
          31          33   1.0091840599092465     
           5          34  0.95756557644184093     
           8          35  0.97355107545085651     
           8          36  0.97661732260589318     
           8          37  0.97340363500414306     
          11          38  0.97340878704986888     
          11          39  0.97687711938888389     
          11          40  0.97363714571159521     
          12          41  0.96376987295222283     
          13          42  0.96247479024411542     
          14          43  0.96880549470009258     
          14          44  0.97228326219290873     
          15          45  0.96230371318539654     
          15          46  0.92829985877285925     
           2          47  0.89234434053086453     
          16          48  0.95708963904407829     
          18          49  0.96388332659726739     
          18          50  0.96774204702595823     
          19          51  0.97173364307096599     
          19          52  0.97185887933771420     
          21          53  0.96810757839877593     
          22          54  0.96299485222009396     
          25          55  0.97254866106326998     
          25          56  0.97254709612190249     
          25          57  0.97671198604840270     
          28          58  0.97670056827574747     
          28          59  0.97338960830137189     
          28          60  0.97318245451344576     
          29          61  0.96248637375883561     
          30          62  0.96638160047813093     
          30          63  0.95963278696356247     
          30          64  0.97756098119020207     
          31          65  0.95983162489320661     
          32          66  0.97309110401834309     
          32          67  0.98180954518933217     
          32          68  0.98122855823060506     
          33          69  0.97732828493427726     
          33          70  0.98298066075069235     
          33          71  0.98018593788894259     
           1          72  0.94137964800547835     
