           1           2   1.3283577477188417     
           2           3   1.2472219606382335     
           3           4   1.2652199352667790     
           4           5   1.1758737482866575     
           2           6   1.0901961478546283     
           5           6   1.3651478432209951     
           6           7   1.0729431771324955     
           7           8   1.6951651200314430     
           7           9   1.1025409626563365     
           8           9  0.15053716582653798     
           9          10  0.96755692419135808     
           9          11   1.1281224356060302     
           9          12  0.14104293031420218     
          11          12   1.7177703706047907     
           5          13   1.2284888384444066     
          11          13   1.0227799615035835     
          12          13  0.12139183032332017     
          13          14  0.97504927837300426     
           1          15  0.96646568707066560     
           1          17  0.95089070068366399     
           3          18  0.95396911242791482     
          10          19  0.97012401882025789     
          10          20  0.96578322837765018     
          10          21  0.96541246538023229     
          14          22  0.97072231000484255     
          14          23  0.97042963179148589     
          14          24  0.96337698622833756     
           4          25  0.91843262868603548     
