   -0.26707755
    0.10189841
    0.00811708
    0.00654206
   -0.06934226
    0.11203303
   -0.27599152
    0.03552147
    0.13819164
   -0.20498518
    0.02154202
   -0.14280550
   -0.03534961
   -0.06553359
   -0.06696548
    0.00661300
    0.00974218
   -0.01656058
   -0.07033024
   -0.00016883
   -0.04870003
   -0.06729842
    0.13389581
   -0.22047677
    0.02452350
    0.13346824
   -0.22335038
    0.02673564
   -0.07937081
   -0.06947885
   -0.00881946
   -0.11856273
   -0.11854502
    0.06282046
    0.02906827
    0.07562628
    0.04094384
    0.06893537
    0.08431743
    0.05470618
    0.09166011
    0.05017247
    0.06047081
    0.05598298
    0.06211427
    0.07855202
    0.00825874
    0.07030954
    0.06851477
    0.06748008
    0.05544634
    0.05508979
    0.04534133
    0.05913439
    0.05474385
    0.05662266
    0.08308171
    0.08258470
    0.04918435
    0.05294361
    0.04744551
    0.07317925
    0.08036387
    0.08006070
    0.03891457
    0.07029873
    0.03381426
    0.05291213
    0.06060445
    0.03498474
    0.05632734
    0.15787684
