           1           2   1.9552044825100248     
           2           3  0.99562732810392540     
           3           4  0.95684394562203845     
           4           5   1.6760903085073942     
           5           6  0.99289831323446520     
           6           7  0.99778584776826273     
           7           8  0.98883482315805349     
           6           9  0.92112212552538419     
           9          10   1.1559143648377024     
          10          11  0.96517768965137274     
           9          12   1.4829469618682294     
           4          13   1.1416675652510859     
          12          13   1.5251292511199406     
           3          14  0.95466916974663762     
          14          15  0.98478364285446773     
          15          16   1.0582993849697742     
          16          17   1.3983553285619621     
          17          18  0.98795920304065743     
          18          19  0.96671276751506108     
          19          20   1.0075426191375407     
          20          21   1.4080616576831761     
          21          22   1.4175096644180405     
          22          23   1.3823292399541196     
          23          24   1.1120743038313690     
          24          25  0.97547438639212558     
          23          26   1.2180999805856252     
          26          27   1.1054171339743564     
          27          28  0.97813735481057851     
          20          29   1.3807495336952837     
          26          29   1.3939527431404444     
          17          30  0.99825563492969260     
           3          31  0.94559380418041461     
          31          32   1.0080758072864555     
          31          33   1.0087352536792202     
           5          34  0.95438784543161681     
           8          35  0.97345529918751439     
           8          36  0.97714734330635933     
           8          37  0.97359407780042861     
          11          38  0.96954454510583599     
          11          39  0.97621460215274825     
          11          40  0.97208123113545608     
           6          41  0.89962476165638039     
          13          42  0.95206123985074287     
          14          43  0.96967025717733168     
          14          44  0.97118877413557847     
          15          45  0.96007953336771890     
          15          46  0.92710505777315011     
           2          47  0.89493657778170033     
          16          48  0.95700973620441976     
          18          49  0.96392946069733854     
          18          50  0.96760837393825683     
          19          51  0.97169414049384861     
          19          52  0.97199361957755970     
          21          53  0.96805463942526071     
          22          54  0.96298507190904337     
          25          55  0.97244987871219568     
          25          56  0.97228268208032820     
          25          57  0.97661255251387846     
          28          58  0.97659058474632521     
          28          59  0.97321951163956899     
          28          60  0.97305051708446477     
          29          61  0.96245778746804656     
          30          62  0.96850626911073490     
          30          63  0.95796627378643651     
          30          64  0.97792869616321276     
          31          65  0.95909663924647903     
          32          66  0.97364755286864324     
          32          67  0.98194894185824044     
          32          68  0.98114981809354873     
          33          69  0.97654334454181824     
          33          70  0.98262817935718783     
          33          71  0.97996774491943950     
           1          72  0.94133508164226876     
