           1           2   1.3320727661682625     
           2           3   1.2461546541224335     
           3           4   1.2421048748546861     
           4           5   1.1928747704858917     
           2           6   1.0882980318396982     
           5           6   1.3500752787989141     
           6           7   1.0837560426920423     
           7           8   1.6870493083205700     
           7           9   1.0933133234558423     
           8           9  0.13865005277214565     
           9          10  0.97165287804810374     
           9          11   1.1254020292243427     
           9          12  0.13331360794205169     
          11          12   1.7064922637746025     
           5          13   1.2180078145665858     
          11          13   1.0350409020334077     
          12          13  0.11771018146033520     
          13          14  0.97523891768859450     
           1          15  0.96223933568781028     
           1          17  0.95552639506342374     
           3          18  0.95480725808232136     
          10          19  0.96514879452991043     
          10          20  0.95791607994853334     
          10          21  0.95707053574736667     
          14          22  0.96825230565083920     
          14          23  0.96788128407076068     
          14          24  0.96283129256153943     
           4          25  0.91934392741098470     
