           1           2  0.99351914394396001     
           2           3   1.3996871012063616     
           2           4  0.11127547975607552     
           3           4   1.3172981545447815     
           4           5   1.0299146115224995     
           2           6   1.0462938368442654     
           5           6   1.0328851632577847     
           6           7   1.4841387915019928     
           6           8  0.15159552181655545     
           7           8   2.0660161291706500     
           9          10   1.0262330767156593     
           9          11   1.9865968581871196     
           9          12  0.34834419999055882     
          11          12   1.8808671948130053     
           4          13  0.10034840322965163     
           5          13   1.7150587489316962     
          13          14   1.0312782590231109     
           1          15  0.95963869742498487     
           1          16  0.97290370290627215     
           1          17  0.96684597759370039     
           3          18  0.94946871769613783     
          10          19  0.95223245455823236     
          10          20  0.95173956129755399     
          10          21  0.95353992538780030     
          14          22  0.95674564313884314     
          14          23  0.94652293445690616     
          14          24  0.95754091272807629     
           4          25  0.92323500851700047     
