   -0.33602284
    0.06826189
   -0.03574477
    0.00544374
   -0.08949599
    0.12722244
   -0.23902800
    0.03140786
    0.13057409
   -0.22341825
    0.02669241
   -0.06883326
   -0.05744386
   -0.05997396
   -0.06547586
    0.00777797
    0.02827322
   -0.01920568
   -0.07003262
   -0.00041023
   -0.04999284
   -0.06810578
    0.13211709
   -0.22522524
    0.02612179
    0.13233808
   -0.22718987
    0.02764789
   -0.07901701
   -0.07493334
   -0.01528364
   -0.11165554
   -0.11037932
    0.04398155
    0.04684784
    0.07729159
    0.04393567
    0.05445220
    0.07954545
    0.05246813
    0.05252233
    0.09156384
    0.05408565
    0.04330699
    0.06369187
    0.06886134
   -0.01046266
    0.06742044
    0.07279011
    0.06901534
    0.05597224
    0.05390467
    0.04244765
    0.05641713
    0.05223369
    0.05429639
    0.08051951
    0.08026345
    0.04868095
    0.05142701
    0.04745334
    0.07536065
    0.09132080
    0.08048702
    0.05365874
    0.07860839
    0.06491383
    0.09078215
    0.08078667
    0.06720612
    0.06795117
    0.13698018
