           1           2  0.98789432221033968     
           2           3   1.3307071968271544     
           3           4   1.2575281678618950     
           4           5   1.1777021212979688     
           2           6   1.1526390542400855     
           5           6   1.3343519679939027     
           6           7   1.1078960906723838     
           7           8   1.6374768843288456     
           7           9   1.0359523295925555     
           8           9  0.13467757470708402     
           9          10  0.97015152828053253     
           9          11   1.2436989967137357     
          11          12   1.1450379716854453     
           5          13   1.1111677425865158     
          11          13   1.1541421609850289     
          11          14  0.11215911464182943     
          13          14   1.1890340870440388     
           1          15  0.96124028857878696     
           1          16  0.96193784400417104     
           1          17  0.96159059273315906     
           3          18  0.95550555339723608     
          10          19  0.96453575285440207     
          10          20  0.96557978553148671     
          10          21  0.96479612945787063     
          14          22  0.97407104315431092     
          14          23  0.96108960009922784     
          12          24  0.82653895361186347     
           4          25  0.91970134222105782     
