           1           2   1.3912953527535474     
           2           3   1.0294841674390114     
           3           4  0.98218390136730727     
           4           5   1.3646600571109344     
           5           6   1.4059367877982032     
           6           7   1.0966087260621398     
           7           8  0.97939325359967355     
           6           9   1.2240077690342674     
           9          10   1.1022025583968511     
          10          11  0.97759690445479253     
           9          12   1.3947143438784431     
           4          13   1.4238739446986655     
          12          13   1.4043765875080143     
           3          14  0.93072422826809720     
          14          15   1.0097953685738772     
          15          16   1.0009539769389204     
          16          17   1.0103105838396185     
          17          18   1.0033735613507784     
          18          19  0.97232345073751836     
          19          20   1.0143181251518316     
          20          21   1.3984390916269920     
          21          22   1.4218181159714145     
          22          23   1.3803444773079498     
          23          24   1.1037731626460312     
          24          25  0.97795825922584978     
          23          26   1.2209520652192096     
          26          27   1.1003439545284792     
          27          28  0.97925699286491619     
          20          29   1.3836996047159289     
          26          29   1.3922341259370139     
          17          30   1.0160413598672182     
           3          31  0.94121888598107439     
          31          32   1.0132955895543767     
           1          33  0.99420667973040655     
          31          33  0.98850791361455614     
           5          34  0.95912649632060964     
           8          35  0.97385971614146960     
           8          36  0.97685284438239151     
           8          37  0.97392145230110239     
          11          38  0.97362088702856076     
          11          39  0.97718608316649991     
          11          40  0.97403165370206368     
          12          41  0.96381089063129410     
          13          42  0.96391648888990256     
          14          43  0.96585313639468917     
          14          44  0.97427697612573150     
          15          45  0.96574084470846056     
          15          46  0.97036834476277534     
           2          47  0.95511161292283786     
          16          48  0.96902485063345678     
          18          49  0.96249950708116438     
          18          50  0.97161121858213817     
          19          51  0.96918897784768321     
          19          52  0.96905211694143156     
          21          53  0.96787389571929772     
          22          54  0.96314104765114217     
          25          55  0.97275140268113625     
          25          56  0.97237056092882601     
          25          57  0.97704195899014012     
          28          58  0.97706393524512214     
          28          59  0.97303480244497143     
          28          60  0.97307209863023958     
          29          61  0.96173931174105698     
          30          62  0.97461650437225344     
          30          63  0.96778493675600008     
          30          64  0.97885097199880811     
          31          65  0.96718159580855567     
          32          66  0.98563841026009436     
          32          67  0.98019188879222419     
          32          68  0.98174680375560641     
          33          69  0.96295907075726805     
          16          70  0.93736133545704159     
          33          71  0.95520446829081629     
           1          72  0.93749737653479448     
