           1           2   1.9523285345742165     
           2           3  0.98359587188083508     
           3           4  0.89573876124258867     
           4           5   1.0498231941169711     
           5           6   1.5569924168122407     
           5           7  0.10359682881400907     
           6           7   1.0951307123960543     
           7           8  0.97630538188557592     
           6           9   1.1407577962357258     
           9          10   1.1677115785741050     
          10          11  0.96696883738856410     
           9          12   1.2707113737807485     
           4          13   1.0595507985513755     
          12          13   1.6032397037189525     
           3          14  0.96619407935504154     
          14          15  0.96260679708600483     
          14          16  0.92928262024804786     
          15          16  0.96711277741580448     
          16          17   1.0081159560233082     
          17          18   1.0031018785406196     
          18          19  0.96439471351080064     
          19          20   1.0158518151084697     
          20          21   1.3952498410155376     
          21          22   1.4216203227289559     
          22          23   1.3762193532158022     
          23          24   1.1154201132240527     
          24          25  0.97496633088786300     
          23          26   1.2093559567015060     
          26          27   1.1085957931978043     
          27          28  0.97760095857211038     
          20          29   1.3782322278136294     
          26          29   1.3929584724468853     
          17          30   1.0019399374122049     
           3          31  0.95651448601721023     
          31          32   1.0082142000660181     
          31          33   1.0056831497794281     
           5          34  0.95242413192918607     
           8          35  0.97371922659163435     
           8          36  0.97607247339102599     
           8          37  0.97401627920028244     
          11          38  0.97045738737044218     
          11          39  0.97574111312038980     
          11          40  0.97105991565780336     
          12          41  0.95882922869082543     
          13          42  0.96192938647201065     
           4          43  0.85662524156102471     
          14          44  0.95998449990237522     
          15          45  0.96491140643088935     
          15          46  0.97577958701168677     
           2          47  0.92958264661956325     
          16          48  0.95582165553966347     
          18          49  0.96852126127863258     
          18          50  0.97059061936559621     
          19          51  0.97025423548276479     
          19          52  0.96608569428976787     
          21          53  0.96712697475604337     
          22          54  0.96247929798097132     
          25          55  0.97120656373262015     
          25          56  0.97149851186951397     
          25          57  0.97636511844802565     
          28          58  0.97647292087226589     
          28          59  0.97253424357276097     
          28          60  0.97203622605338547     
          29          61  0.96193201730231248     
          30          62  0.96932948373585481     
          30          63  0.97400193592944351     
          30          64  0.98023082267875083     
          31          65  0.95628557086882737     
          32          66  0.97564606455767422     
          32          67  0.97846985212769211     
          32          68  0.97946082425549197     
          33          69  0.97220253171133764     
          33          70  0.97987324431856138     
          33          71  0.97893085349216769     
           1          72  0.93954248977773036     
