   -0.26519510
    0.10181153
    0.01093509
    0.01445549
   -0.12272714
    0.13271082
   -0.19720524
    0.02875185
    0.13046670
   -0.22613811
    0.02725048
   -0.07937644
   -0.05043510
   -0.06504284
   -0.06954991
    0.01322307
    0.01609731
   -0.01703656
   -0.07076708
    0.00050846
   -0.04819599
   -0.06693674
    0.13429026
   -0.21928307
    0.02413143
    0.13382060
   -0.22231958
    0.02647479
   -0.07924474
   -0.07137973
   -0.00733553
   -0.11785322
   -0.11863597
   -0.13220678
    0.06668036
    0.08596408
    0.11062645
    0.05607470
    0.08254342
    0.04885853
    0.05275737
    0.04107825
    0.07340470
    0.05317623
    0.07250706
    0.08773823
    0.00436977
    0.07258442
    0.06833251
    0.06820286
    0.05692692
    0.05680878
    0.04669944
    0.05994864
    0.05541794
    0.05724357
    0.08358550
    0.08301506
    0.04938198
    0.05367340
    0.04797864
    0.08010146
    0.08042064
    0.08085753
    0.04658507
    0.06920980
    0.03636069
    0.05228515
    0.06005597
    0.03704655
    0.05587778
    0.15755751
