           1           2  0.99495162184562447     
           2           3   1.3648742162075438     
           3           4   1.3079418345111926     
           4           5   1.0997784041986725     
           2           6   1.1025024064675579     
           5           6   1.1412828604445324     
           6           7   1.2137497894692995     
           7           8   1.6973436429212907     
           7           9  0.74831433098882316     
           9          10  0.92517569677242539     
           9          11   1.5182238061746705     
           9          12  0.21120831557784103     
          11          12   2.0268513825407872     
           5          13   1.5405618406777104     
          13          14   1.0576833695011263     
           1          15  0.95152346314962422     
           1          16  0.97161300506791082     
           1          17  0.95733587625658101     
           3          18  0.95133271617243542     
          10          19  0.95975526583618120     
          10          20  0.97520614141869244     
          10          21  0.96673118595238350     
          14          22  0.94066437199194430     
          14          23  0.95220404672069825     
          14          24  0.93933312801307300     
           4          25  0.91872117061920633     
