   -0.26474213
    0.10143467
    0.00643351
    0.00241699
   -0.07997641
    0.12977759
   -0.22827096
    0.02697964
    0.12904749
   -0.22650964
    0.02606414
   -0.07429064
   -0.05271687
   -0.06505159
   -0.06963497
    0.00778890
    0.01304840
   -0.01831459
   -0.07327446
    0.00639606
   -0.04106941
   -0.13266510
    0.16657983
   -0.22464886
    0.02750785
    0.15291791
   -0.23289128
    0.02948354
   -0.15236028
   -0.07160695
   -0.00737208
   -0.11864858
   -0.11927048
    0.05259462
    0.05470016
    0.08224330
    0.04799004
    0.05622971
    0.08232388
    0.04938283
    0.05353508
    0.03978225
    0.06132323
    0.05425852
    0.06758539
    0.08110642
    0.00810526
    0.07073783
    0.07494435
    0.06861708
    0.05535192
    0.06528197
    0.05551923
    0.07276342
    0.05778602
    0.05777314
    0.07342616
    0.07252305
    0.05088575
    0.05774703
    0.05545911
    0.07713804
    0.08060483
    0.08330022
    0.03801377
    0.06883323
    0.03577742
    0.05226972
    0.06199001
    0.03509284
    0.05537277
    0.15906918
