           1           2   1.0068991837472654     
           1           3   1.0436361339490028     
           4           5   1.7222225384752008     
           3           6   1.5874541463843821     
           5           6   1.0180081381826942     
           6           7   1.1430865953482416     
           2           8  0.94770671983633192     
           7           8   1.1725121050228564     
           7           9   1.3227963502897477     
           9          10  0.97154680111925962     
           9          11  0.98852136047695449     
          11          12   1.7144087101880525     
           5          13   1.1277175493640124     
          11          13   1.1536751107312297     
          12          13  0.14001179212985224     
          13          14  0.96913726589977278     
           1          15  0.92165729682040842     
           1          16  0.93472394470521281     
           2          17  0.93197436053793847     
           3          18  0.95703044424376837     
          10          19  0.97211573180789457     
          10          20  0.95548067880796161     
          10          21  0.95563447275155744     
          14          22  0.95685069047462723     
          14          23  0.95487789231821063     
          14          24  0.96662163866040673     
           4          25  0.92908929256600270     
