           1           2  0.98457481413895775     
           2           3   1.4038282533354218     
           3           4   1.2859247149888098     
           4           5   1.1928833108626493     
           2           6   1.1471224961295845     
           5           6   1.3224472159108629     
           6           7   1.1167896297624669     
           7           8   1.6698157069327348     
           7           9  0.98850512425217552     
           8           9  0.11250217634979535     
           9          10   1.3469489052031427     
           9          11   1.0157692259982565     
          11          12   1.7121819101123021     
           5          13   1.1957697090210619     
          11          13   1.0848899074949174     
          12          13  0.13584506640674798     
          13          14  0.96970655337120337     
           1          15  0.95604591553839102     
           1          16  0.96290740542100928     
           1          17  0.96062471689453999     
           3          18  0.95180828258004035     
          10          19  0.95722360589181932     
          10          20  0.91298730544601492     
          14          22  0.97220192096375946     
          14          23  0.97206669419110270     
          14          24  0.96462404685815972     
           4          25  0.91781982884571511     
