           1           2  0.98776330833605408     
           2           3   1.3581658579684459     
           3           4   1.3068791449223123     
           4           5   1.1565535644813076     
           2           6   1.2066311556261704     
           5           6   1.4933693160386776     
           6           7  0.89414760364145651     
           7           8   1.5510010285268343     
           7           9   1.4251430605348003     
           8           9  0.17149902953326199     
           9          10   1.0568149760644554     
          11          12   2.0288305281928407     
           5          13  0.98232042309056977     
          11          13   1.4071033443875609     
          12          13  0.18289673238029594     
          13          14  0.93448437091517234     
           1          15  0.95273163141223716     
           1          16  0.97518039341425744     
           1          17  0.95960267534950394     
           3          18  0.95146620004429328     
          10          19  0.93329281616882931     
          10          20  0.95538349806164546     
          10          21  0.93004617393240907     
          14          22  0.97079368690335910     
          14          23  0.97331610053149609     
          14          24  0.97312728685908700     
           4          25  0.92083437683764580     
