           1           2  0.98174774955175714     
           2           3   1.4184061176919951     
           3           4   1.3068270242253988     
           4           5   1.1566950704571599     
           2           6   1.1692581532001487     
           5           6   1.3287200094588241     
           6           7   1.0724160418535673     
           7           8   1.6773207807565793     
           7           9   1.0873525346379580     
           8           9  0.14357187064680121     
           9          10  0.96071757686866865     
           9          11   1.1692420468274127     
           9          12  0.15342522904099337     
          11          12   1.7310448003765679     
           5          13   1.1757241730119623     
          11          13  0.93187051239537944     
          13          14   1.2918438317505103     
           1          15  0.95662074685435994     
           1          16  0.95997668226617883     
           1          17  0.95852437689267234     
           3          18  0.94998769345091183     
          10          19  0.96889688637890570     
          10          20  0.96850497594857909     
          10          21  0.96877355309494584     
          14          22  0.97056671390199234     
          14          23  0.95778327229015814     
           4          25  0.91700822140950511     
