           1           2   1.0920013348227104     
           2           3  0.11224860031092855     
           3           4   1.6232283462033732     
           4           5   1.0852304825258001     
           2           6   1.5376429813616672     
           5           6   1.2201275080685712     
           6           7  0.93824925691105432     
           7           8   1.7017128904462735     
           7           9   1.1598698903167710     
           8           9  0.14037895316654997     
           9          10  0.96093831474333824     
           9          11   1.1037399053334274     
           9          12  0.12059233130629753     
          11          12   1.6996387489631277     
           5          13   1.2161355962079279     
          11          13   1.0504117498838059     
          12          13  0.11002036804241422     
          13          14  0.97760375600971527     
           1          15  0.90950799792403958     
           1          16  0.92836261035236012     
           1          17  0.88897711821110137     
           3          18  0.85846777537116670     
          10          19  0.96731080349322374     
          10          20  0.95903239156617470     
          10          21  0.95938001729312106     
          14          22  0.96060816137294136     
          14          23  0.96133508267507684     
          14          24  0.95593710806605148     
           4          25  0.87449536566517083     
