           1           2   2.5899346107750496     
           2           3   1.2787917157679378     
           4           5   1.4124103512428585     
           5           6   1.3803095411948900     
           6           7   1.1105630575304710     
           7           8  0.97730154661735158     
           6           9   1.2092883540310044     
           9          10   1.1175870159944021     
          10          11  0.97451883176364962     
           9          12   1.3758251848096430     
           4          13   1.4214628644007750     
          12          13   1.4181352018256159     
           3          14   1.0249350330569422     
          14          15  0.97886883484397569     
          15          16  0.99925050401362259     
          16          17   1.0051531795811679     
          17          18   1.0093539366256925     
          18          19  0.96308259004599628     
          19          20   1.0168226883312308     
          20          21   1.3810294109138419     
          21          22   1.4300296344926759     
          22          23   1.3663242649954119     
          23          24   1.1254793646734984     
          24          25  0.97318892115217004     
          23          26   1.2006895669607924     
          26          27   1.1189437152067541     
          27          28  0.97536227006381249     
          20          29   1.3860015184979393     
          26          29   1.3830805730756170     
          17          30   1.0191222918466538     
           3          31   1.0153524716131661     
          31          32   1.0014757717756297     
          31          33  0.95335049183874621     
           5          34  0.95918522179079924     
           8          35  0.97174498450445101     
           8          36  0.97615926341037329     
           8          37  0.97183282430550322     
          11          38  0.97081679831425882     
          11          39  0.97600327520455676     
          11          40  0.97043001646429561     
          12          41  0.96252234948147686     
          13          42  0.96812365788367871     
          14          43  0.96967422532598868     
          14          44  0.93745961914647891     
          15          45  0.97102395104047678     
          15          46  0.97129961934348441     
          16          47  0.93997668171706339     
          16          48  0.96645227747779694     
          18          49  0.95760304015006237     
          18          50  0.96969583527852155     
          19          51  0.96938499564163716     
          19          52  0.96682899242386344     
          21          53  0.96626322782158369     
          22          54  0.96160824719514948     
          25          55  0.96992388327261003     
          25          56  0.96979286428286682     
          25          57  0.97575546971100691     
          28          58  0.97589009969115315     
          28          59  0.97106059769840003     
          28          60  0.97079425469572200     
          29          61  0.96101619881365452     
          30          62  0.97226445747318535     
          30          63  0.95892803540723714     
          30          64  0.97844963362737769     
          31          65  0.94901183136853529     
          32          66  0.98136175302015771     
          32          67  0.98145089480989622     
          32          68  0.98232362855514044     
          33          69  0.98496551003996613     
          33          70  0.98497300120726416     
          33          71  0.97604347945769987     
           4          72  0.96236619730214590     
