   -0.27374025
    0.10247836
    0.00667367
    0.02373027
   -0.06929729
    0.11430346
   -0.24576423
    0.02779858
    0.21662053
   -0.42656912
   -0.05524813
   -0.04805024
   -0.08688145
   -0.06548504
   -0.08446521
    0.02160858
    0.03839390
   -0.02045258
   -0.07093774
    0.00097287
   -0.04737767
   -0.06671099
    0.13450151
   -0.21885656
    0.02398561
    0.13402924
   -0.22205307
    0.02625807
   -0.07970343
   -0.08940806
   -0.00582088
   -0.11652624
   -0.12129268
    0.05655286
    0.05415545
    0.07987279
    0.05185178
    0.06865121
    0.06882122
    0.07106583
    0.04695604
    0.04979221
    0.05957760
    0.05669087
    0.12220682
    0.08265548
    0.01421199
    0.07493030
    0.07466606
    0.06806180
    0.05598809
    0.05990835
    0.04836925
    0.06034767
    0.05585276
    0.05732895
    0.08362066
    0.08313241
    0.04997953
    0.05368127
    0.04798860
    0.08018251
    0.12592744
    0.08123402
    0.03603960
    0.06097395
    0.03717942
    0.05119473
    0.06882572
    0.03604371
    0.05492894
    0.15383831
