           1           2   1.9474260908827981     
           2           3  0.99245751539274030     
           3           4  0.96285248916237276     
           4           5   1.0907910606602773     
           5           6   1.6180623977684800     
           5           7  0.10363755631903082     
           6           7   1.0902266495543214     
           7           8  0.97429536563407915     
           6           9   1.0093008992742567     
           9          10   1.6410030360026171     
           9          12   1.0883959357078163     
          11          12   1.8325956981441420     
           4          13   1.8200105939212561     
           3          14  0.95329508705896027     
          14          15   1.0017887741617686     
          15          16   1.0749711601831937     
          16          17   1.4805362128846706     
          17          18  0.98658183666703603     
          18          19  0.96768791015627520     
          19          20   1.0076692513504786     
          20          21   1.4091073818390467     
          21          22   1.4160120652029495     
          22          23   1.3822843783058181     
          23          24   1.1140187220111524     
          24          25  0.97507587100444526     
          23          26   1.2147063243549479     
          26          27   1.1070654827838713     
          27          28  0.97773306780761227     
          20          29   1.3786169052064277     
          26          29   1.3949688441076871     
          17          30  0.99505473963497604     
           3          31  0.94318374168027774     
          31          32   1.0092067143379597     
          31          33   1.0062735893818016     
           5          34  0.94208832101312445     
           8          35  0.97397410066961165     
           8          36  0.97613064542413475     
           8          37  0.97199403951219554     
          11          38  0.97436010225570868     
          12          39  0.96184181927367962     
          11          40  0.97155231550059729     
          13          41  0.97323497287230176     
          13          42  0.96868400344228145     
          14          43  0.96818775680225377     
          14          44  0.96934849102570830     
          15          45  0.90149788697947775     
          15          46  0.91991628377933909     
           2          47  0.92095565636165200     
          16          48  0.95392165812567142     
          18          49  0.96071899213790801     
          18          50  0.96867113491087209     
          19          51  0.97321698439990967     
          19          52  0.96863930694743328     
          21          53  0.96762364105578280     
          22          54  0.96277507543478869     
          25          55  0.97202347677342882     
          25          56  0.97205535713701774     
          25          57  0.97650413630950628     
          28          58  0.97649325465241787     
          28          59  0.97304137108304434     
          28          60  0.97271532082648104     
          29          61  0.96230340648898238     
          30          62  0.96203232338716305     
          30          63  0.94034423238745857     
          30          64  0.97802625371463081     
          31          65  0.95855192954993096     
          32          66  0.97698967269513037     
          32          67  0.97978525873893152     
          32          68  0.98121179404931869     
          33          69  0.97224337695195651     
          33          70  0.98165858125682293     
          33          71  0.97896024671505832     
           1          72  0.94241742147794194     
