           1           2  0.98792667607040152     
           2           3   1.3786283152834824     
           3           4   1.2644019655761085     
           4           5   1.1674282206667006     
           2           6   1.1213346679058096     
           5           6   1.2616894422813443     
           6           7   1.1796489997940161     
           7           8   1.6681392532569097     
           7           9  0.91602877053247811     
           8           9  0.10175848938203687     
           9          10   1.3404497679256822     
           9          11   1.1968070890906415     
          10          11  0.20471604333851018     
          11          12   1.0905621539221280     
           5          13   1.2175079705074696     
          11          13   1.1425921159419583     
          13          14  0.97347608861919477     
           1          15  0.95932625684244033     
           1          16  0.96458227456262324     
           1          17  0.96142704149757729     
           3          18  0.95459498760502381     
          10          19  0.96279526445550767     
          10          20  0.96613631967052205     
          12          21  0.84291301685933506     
          14          22  0.97146785250998158     
          14          23  0.96924440686644309     
          14          24  0.96706035403330604     
           4          25  0.92326793656368344     
