   -0.26746265
    0.10251681
    0.00586462
    0.00033812
   -0.03672075
   -0.05385529
   -0.27410447
    0.18011249
    0.14872908
   -0.24191500
    0.02922508
   -0.07038121
   -0.04196483
   -0.06484386
   -0.07015613
    0.01002636
    0.01367523
   -0.01674989
   -0.07049441
    0.00006844
   -0.04863643
   -0.06727301
    0.13375638
   -0.22093522
    0.02466405
    0.13335485
   -0.22376391
    0.02685589
   -0.07924421
   -0.07103736
   -0.00768532
   -0.11770090
   -0.11844274
    0.05001769
    0.05281124
    0.05351599
    0.07933219
    0.05272986
    0.07765958
    0.04568075
    0.04444517
    0.03433852
    0.06388540
    0.05302395
    0.06967467
    0.08261162
    0.00462291
    0.07025807
    0.06787889
    0.06776472
    0.05568817
    0.05615741
    0.04540987
    0.05892180
    0.05457249
    0.05640804
    0.08274849
    0.08224723
    0.04913399
    0.05286881
    0.04771019
    0.07812117
    0.08125889
    0.07977294
    0.04060706
    0.06785196
    0.03619531
    0.05106855
    0.06064271
    0.03517252
    0.05450622
    0.15686512
