           1           2  0.97912428398991103     
           2           3   1.3428216052076296     
           3           4   1.1950279377910473     
           4           5   1.0377773429256174     
           2           6   1.0934573162474726     
           6           7   1.2010329340407759     
           6           8  0.11463386675036152     
           7           8   1.6248735497197113     
           7           9  0.97829553907578726     
           9          10  0.97283307840872313     
           9          11   1.2473165727162860     
           9          12  0.17306882521075070     
          11          12   1.7149963277276470     
           5          13  0.87257009980824707     
           6          13  0.96175151694869854     
          11          13  0.80643357314945119     
           5          14  0.94880615501109300     
          13          14  0.86954165859888388     
           1          15  0.95642138041679414     
           1          16  0.97208665676247308     
           1          17  0.95098795724954288     
           3          18  0.95142479139488489     
          10          19  0.96276939966382791     
          10          20  0.96701565846489201     
          10          21  0.95672857244748499     
          14          22  0.96414122903056421     
           5          23  0.94726143412296548     
          14          24  0.95829638601503719     
           4          25  0.92149304978440139     
