   -0.27272086
    0.10070021
    0.00619539
    0.00168901
   -0.08026573
    0.12823526
   -0.23363811
    0.02871396
    0.12689401
   -0.23267451
    0.02833435
   -0.07562372
   -0.05416734
   -0.06422138
   -0.06809455
    0.00146568
    0.00311099
   -0.01541730
   -0.07239013
   -0.01312373
   -0.04367018
   -0.08201606
    0.13733098
   -0.23674722
    0.02517083
    0.08453852
   -0.07419669
    0.00080201
   -0.07157286
   -0.06848249
   -0.00731999
   -0.11821373
   -0.11802521
    0.05071839
    0.05235431
    0.07937106
    0.04583556
    0.05325356
    0.07921981
    0.04560213
    0.04931235
    0.03651575
    0.05859533
    0.05191258
    0.06464230
    0.07581529
    0.00459010
    0.06510907
    0.06168588
    0.06652071
    0.05765240
    0.05363828
    0.04919214
    0.05814815
    0.05409810
    0.05594505
    0.08127625
    0.08579832
    0.05086747
    0.06565681
    0.06080077
    0.07379299
    0.07898127
    0.07557313
    0.03559268
    0.06796122
    0.03461459
    0.04938397
    0.05985914
    0.03327664
    0.05271885
    0.15351819
