           1           2   1.9529759723835507     
           2           3  0.99553466605926189     
           3           4  0.96902456242755353     
           4           5   1.3668157760569648     
           5           6   1.4040750118418972     
           6           7   1.0946988387070218     
           7           8  0.97886498054530768     
           6           9   1.2263492668687370     
           9          10   1.0959423847012832     
          10          11  0.97886566339792791     
           9          12   1.3959117190982093     
           4          13   1.4183404162637820     
          12          13   1.4000806645215027     
           3          14  0.95742630084280267     
          14          15  0.98073274537709065     
          15          16   1.0596689831934372     
          16          17   1.3725762354001729     
          17          18  0.99434216091678340     
          18          19  0.95997546747929197     
          19          20   1.0184267603274024     
          20          21   1.6427290282676030     
          21          22   1.2551900953845412     
          22          23   1.3976052157206227     
          23          24   1.1014083302782667     
          24          25  0.97344045853641914     
          23          26   1.2411175884060377     
          26          27   1.1704869353451883     
          26          28  0.22144506708559125     
          27          28   1.2709986910531597     
          20          29   1.0218302119194855     
          26          29   1.0182154536537613     
          17          30  0.99897852761146255     
           3          31  0.94354143500375143     
          31          32   1.0084854107914156     
          31          33   1.0091250305825346     
           5          34  0.95789578943472620     
           8          35  0.97410187312205243     
           8          36  0.97693864410971687     
           8          37  0.97384986553142827     
          11          38  0.97397247737637427     
          11          39  0.97720737465142293     
          11          40  0.97418273718902526     
          12          41  0.96410599794317586     
          13          42  0.96281066003363980     
          14          43  0.96880061496470593     
          14          44  0.97256974489648540     
          15          45  0.96162950933965208     
          15          46  0.92956803174612079     
           2          47  0.90027369305169147     
          16          48  0.95809614152798261     
          18          49  0.96351695217218813     
          18          50  0.96830809131251594     
          19          51  0.97024342696199795     
          19          52  0.97014757316289357     
          21          53  0.96494514478151550     
          22          54  0.96495214826058662     
          25          55  0.97446141079309789     
          25          56  0.97426309438000191     
          25          57  0.97701971996947878     
          28          58  0.96839512812093909     
          28          59  0.96879912780919963     
          29          60  0.93411205570765876     
          29          61  0.92784256124060460     
          30          62  0.96738321555615170     
          30          63  0.96130789721142096     
          30          64  0.97822317290614214     
          31          65  0.96083097023367359     
          32          66  0.97507208791765632     
          32          67  0.98228294440932185     
          32          68  0.98205054741164255     
          33          69  0.97724826843550505     
          33          70  0.98333380377317425     
          33          71  0.98085970909516151     
           1          72  0.94320298260114221     
