           1           2  0.93696490570958924     
           2           3   1.0594834645291491     
           3           4   1.8823730687088025     
           2           6   1.3707505084171014     
           5           6   1.5587199981576931     
           5           7  0.87976631025629703     
           7           8   1.7090483939204142     
           7           9   1.1798917419375299     
           8           9  0.13440609226669703     
           9          10  0.97457808102023791     
           9          11   1.0575160207880636     
           9          12  0.10580387129490777     
          11          12   1.7202248057697385     
           5          13   1.1466184866526667     
          11          13   1.0780461412801936     
          12          13  0.10557373534942333     
          13          14  0.99323705023847964     
           1          15  0.95413467730398216     
           1          16  0.95015227229900234     
           1          17  0.95006460560906758     
           3          18  0.92427811570677521     
          10          19  0.96862284425109046     
          10          20  0.95070232727010462     
          10          21  0.95205002110805648     
          14          22  0.95401277740184698     
          14          23  0.95455463350357839     
          14          24  0.96479779232613139     
           4          25  0.92158703026446653     
