           1           3   1.0292273825644958     
           2           3  0.88603457035759436     
           2           4  0.95924025682025538     
           4           5   1.5290531446977942     
           2           6  0.84469064658815329     
           3           6  0.90095464762315480     
           5           6  0.98046825767494927     
           6           7  0.96160899559244817     
           7           8   1.7419427746695129     
           7           9   1.1449126275456825     
           8           9  0.16139287079742895     
           9          10  0.95964679558793842     
           9          11   1.0804659674262682     
           9          12  0.11764865367428419     
          11          12   1.7565119641858549     
           4          13  0.13209194726069989     
           5          13   1.2908091761855744     
          11          13   1.0141919872765546     
          12          13  0.10186695226254680     
          13          14  0.96071036729102299     
           1          15  0.95656098266928835     
           1          16  0.95415403743532035     
           1          17  0.97070733388335029     
           3          18  0.95082535031336013     
          10          19  0.96806543213624896     
          10          20  0.96190361435262250     
          10          21  0.96219833280444433     
          14          22  0.96223632261921832     
          14          23  0.96328727305285966     
          14          24  0.96625881094530874     
           2          25  0.91179826639497574     
