           1           2  0.99314148109797096     
           2           3   1.3369502088762282     
           3           4   1.2394898938178662     
           4           5   1.2008334086019679     
           2           6   1.1282283032734406     
           5           6   1.2459039241953995     
           6           7   1.2795223156437896     
           7           9   1.2760879250768695     
           8          10   1.0480575842423683     
           9          10  0.94637779302293334     
           9          11   1.0822214333616047     
           9          12  0.11268226720719601     
          11          12   1.6785688468555742     
           5          13   1.2073112655025060     
          11          13   1.0551487469093896     
          12          13  0.12006567286566586     
          13          14  0.97686406691764982     
           1          15  0.95524337199552511     
           1          16  0.96454501575214835     
           1          17  0.96883007323291581     
           3          18  0.95617031937746400     
          10          19  0.92090014113891239     
           8          20  0.83958439066036983     
          10          21  0.93628647603010173     
          14          22  0.96545098209315272     
          14          23  0.96747301978372213     
          14          24  0.96213542222403925     
           4          25  0.92097254655035099     
