           1           2  0.98793007781154396     
           2           3   1.3575796533817197     
           3           4   1.3274665494583349     
           4           5   1.1880423356729106     
           2           6   1.1933677423354223     
           5           6   1.3640813776026861     
           6           7   1.0342232328490475     
           7           8   1.6965886325857216     
           7           9   1.0781588138256906     
           8           9  0.12265059310424134     
           9          10  0.98566713300914965     
           5          11   1.0532330805987440     
           9          11   1.1361974769855034     
           9          12  0.12851505771500299     
          11          12   1.5810332819866415     
          13          14   1.8426186552038977     
           1          15  0.95855332701868901     
           1          16  0.96375905899121261     
           1          17  0.97097893724847950     
           3          18  0.95343593134347171     
          10          19  0.97111383903000936     
          10          20  0.96843964243911485     
          10          21  0.97156490488227765     
          13          22  0.82574672824219475     
          13          23  0.91338429980385016     
          14          24  0.92544830590097538     
           4          25  0.92246985701742212     
