           1           2   1.0468049903065784     
           2           3  0.93100331593051155     
           3           4  0.99473047470789855     
           4           5   1.3737829454410542     
           5           6   1.3956700414265115     
           6           7   1.1042776094567202     
           7           8  0.97766387220393125     
           6           9   1.2151889895031054     
           9          10   1.1115050443978667     
          10          11  0.97568142841255190     
           9          12   1.3807523446798662     
           4          13   1.3904220331824664     
          12          13   1.4149690030836188     
           3          14  0.98263250427253901     
          14          15   1.0070970294555828     
           2          16  0.93402904653733088     
          15          16  0.97695584582864858     
          16          17   1.0154990432504258     
          17          18   1.0210370343079747     
          18          19  0.94817221609130931     
          19          20   1.0189724705087262     
          20          21   1.3914626407589590     
          21          22   1.4234247096250059     
          22          23   1.3742765333146765     
          23          24   1.1169438394753914     
          24          25  0.97493555405605270     
          23          26   1.2073243306279851     
          26          27   1.1100738872324984     
          27          28  0.97718315594882588     
          20          29   1.3766744488642613     
          26          29   1.3928449196409640     
          17          30   1.0201505297988158     
           3          31  0.88077562306918589     
          31          32  0.99910341311633810     
          31          33   1.1146447017118160     
           5          34  0.95332018625808701     
           8          35  0.97248400306044358     
           8          36  0.97627625969226128     
           8          37  0.97268338858361691     
          11          38  0.97230950144878125     
          11          39  0.97662902518872485     
          11          40  0.97255636136660628     
          12          41  0.96320951933220367     
          13          42  0.95750952403135581     
          14          43  0.96587186071787334     
          14          44  0.96787904218046628     
          15          45  0.97058464521655063     
          15          46  0.97641895181598071     
           2          47  0.95007698262943419     
          16          48  0.95776683643359073     
          18          49  0.96428459757803986     
          18          50  0.96695410891302913     
          19          51  0.97316131558630659     
          19          52  0.96700021200433928     
          21          53  0.96703881993882113     
          22          54  0.96237721503718310     
          25          55  0.97121526203261144     
          25          56  0.97112467947455128     
          25          57  0.97634686795006864     
          28          58  0.97643529923881744     
          28          59  0.97233729295412574     
          28          60  0.97185058026549553     
          29          61  0.96142229599238760     
          30          62  0.95857823280964016     
          30          63  0.96644319333921280     
          30          64  0.97458443804666506     
          31          65  0.92740397596732838     
          32          66  0.97879044527746750     
          32          67  0.97645509372837325     
          32          68  0.98332574980617526     
           1          69  0.95179808294366686     
          33          70  0.98064666879502527     
          33          71  0.97857227690439763     
           1          72  0.94410165325101691     
