           1           2  0.98552673254941847     
           2           3   1.3768683007644986     
           3           4   1.2693620496785016     
           4           5   1.1845493777776961     
           2           6   1.1606917458944350     
           5           6   1.3690294437137283     
           6           7   1.0710739314533269     
           7           8   1.7211917423427860     
           7           9   1.0396918111880573     
           8           9  0.12815743890162132     
           9          10  0.91846112073042596     
           9          11   1.3856754183328848     
          10          12   1.0552818188694504     
           5          13   1.1792768015378707     
          11          13   1.2725942697996837     
          13          14  0.98043165989125236     
           1          15  0.95852151689573639     
           1          16  0.96173575277009393     
           1          17  0.96132687943456263     
           3          18  0.95391851257165572     
          10          19  0.95075631108724612     
          10          20  0.95984500218164437     
          12          21  0.88525596262388406     
          14          22  0.97200663241439877     
          14          23  0.97146789987655202     
          14          24  0.97256438066193196     
           4          25  0.92054088280761592     
