           1           2  0.98870016535244210     
           2           3   1.3866092184559977     
           3           4   1.2675258069235480     
           4           5   1.2045162353384702     
           2           6   1.1254124351576518     
           5           6   1.2390827268535300     
           6           7   1.3242248612592653     
           7           9   1.2020317982244981     
           9          10   1.4072770773556538     
           9          11  0.94379362307063963     
          11          12   1.7383222025605136     
           5          13   1.1947069791240370     
          11          13   1.1125840861868284     
          12          13  0.14157003454039463     
          13          14  0.96821881696932410     
           1          15  0.95246019444786589     
           1          16  0.96774492383723931     
           1          17  0.96418012314547885     
           3          18  0.95345881887691541     
           8          19  0.91398837630363849     
          10          20  0.95452711740800000     
          10          21  0.84690961606547133     
          14          22  0.97085733028831589     
          14          23  0.96959197240800477     
          14          24  0.96603196787977419     
           4          25  0.91860939996381252     
