           1           2  0.98760036475812463     
           2           3   1.3942182693120231     
           3           4   1.3174961594020462     
           4           5   1.1718959801861990     
           2           6   1.1757213823328736     
           5           6   1.3716117709557478     
           6           7  0.98955888312167350     
           7           8   1.7130885977238171     
           7           9   1.1493570139779699     
           8           9  0.14386078404088440     
           9          10  0.96749721127555632     
           9          11   1.1322488345650024     
           9          12  0.13903489706591013     
          11          12   1.8333098703860691     
           5          13   1.2064177103521312     
          13          14   1.8318975389557000     
           1          15  0.94987293403768114     
           1          16  0.97399325801287373     
           1          17  0.96025302235674825     
           3          18  0.94994021814375429     
          10          19  0.96323253424034538     
          10          20  0.96886234225844037     
          10          21  0.96661260136133365     
          14          22  0.94786241320454279     
          14          23  0.95409413201355642     
          11          24  0.91361112423958390     
           4          25  0.91585405034518041     
