   -0.26477981
    0.10154993
    0.00683999
    0.00541193
   -0.07891865
    0.12948110
   -0.22862884
    0.02685905
    0.12842577
   -0.22669397
    0.02601291
   -0.07438355
   -0.05203843
   -0.06444395
   -0.06683648
   -0.04069301
    0.10086141
   -0.10610705
   -0.09438590
    0.02278208
   -0.03740716
   -0.06247807
    0.14090967
   -0.20321262
    0.02141472
    0.13499761
   -0.23063922
    0.02714641
   -0.07881806
   -0.07793221
   -0.00721035
   -0.11821774
   -0.11865769
    0.05427808
    0.05511729
    0.08189058
    0.04859000
    0.05663130
    0.08199495
    0.04892304
    0.05390762
    0.04210517
    0.05640687
    0.05203664
    0.05677814
    0.06564487
    0.01477775
    0.05612547
    0.06051784
    0.05784002
    0.05191680
    0.04553345
    0.05838435
    0.06048665
    0.05944685
    0.06291979
    0.08639926
    0.08166491
    0.04692268
    0.05406346
    0.05298747
    0.08149144
    0.08380482
    0.08358021
    0.03778609
    0.06934293
    0.03508864
    0.05165956
    0.06299483
    0.03638303
    0.05421524
    0.15915210
