           1           2   1.9571400553738094     
           2           3  0.99246477694244906     
           3           4  0.97228950286370586     
           4           5   1.3689308507804652     
           5           6   1.3990547012335695     
           6           7   1.1010719904622592     
           7           8  0.97717420837366797     
           6           9   1.2194052629465344     
           9          10   1.1036511299793952     
          10          11  0.97703965528624370     
           9          12   1.3885833078780432     
           4          13   1.4081771077165863     
          12          13   1.4041192273831304     
           3          14  0.95498756483602987     
          14          15  0.98229307745021455     
          15          16   1.0509506972471312     
          16          17   1.3489265054726727     
          16          18  0.21472766260957438     
          17          18   1.3664318420709516     
          19          20   1.4994346688287992     
          20          21   1.2067513025910672     
          21          22   1.5222594884436105     
          22          23   1.3161368655526824     
          23          24   1.1431316737935395     
          24          25  0.97104593785314730     
          23          26   1.1720533372577646     
          26          27   1.0972658082436360     
          27          28  0.97826265386972733     
          20          29   1.1992342657640416     
          26          29   1.4832147027226663     
          17          30  0.98418038120813933     
           3          31  0.94157207851409508     
          31          32   1.0079562657886914     
          31          33   1.0087486211906347     
           5          34  0.95763817229289228     
           8          35  0.97330747976400001     
           8          36  0.97654584372917375     
           8          37  0.97296894341967355     
          11          38  0.97274821868874106     
          11          39  0.97676294431132349     
          11          40  0.97332005283353884     
          12          41  0.96330906455822407     
          13          42  0.96214346527819539     
          14          43  0.96870585348703031     
          14          44  0.97260247644108200     
          15          45  0.96274440838309550     
          15          46  0.93982461031783293     
           2          47  0.91122600475638038     
          16          48  0.96039613886622444     
          18          49  0.97469038658084350     
          18          50  0.97442324715665529     
          19          51  0.97874882789207218     
          19          52  0.97927565355334045     
          21          53  0.96700706445734919     
          22          54  0.96127092543502524     
          25          55  0.97153921212763705     
          25          56  0.97089064686524107     
          25          57  0.97636258493870343     
          28          58  0.97678853768962270     
          28          59  0.97368759447822162     
          28          60  0.97334697233909984     
          29          61  0.96204988760972765     
          30          62  0.96979949279326505     
          30          63  0.96046223957922705     
          30          64  0.97720208263233610     
          31          65  0.95810073302190135     
          32          66  0.97217977864374427     
          32          67  0.98114857084622908     
          32          68  0.98062433572194652     
          33          69  0.97427225897794911     
          33          70  0.98229472255889150     
          33          71  0.97939486233719719     
           1          72  0.94013790271980602     
