           1           2  0.97381818536488673     
           2           3   1.0550773821803283     
           3           4   1.8907173555975563     
           2           5   1.3086105580763914     
           5           7   1.0185489760579018     
           6           7  0.86440799707593374     
           6           8   1.4906606404146783     
           7           8  0.83986259855264001     
           7           9   1.0239786052178963     
           9          10  0.96870097478973149     
           9          11   1.1961042633648054     
           9          12  0.18980350693242554     
          11          12   1.7499159627373928     
           2          13  0.10638839749635935     
           5          13   1.3984532834149461     
          11          13  0.91576606894093826     
          13          14  0.99535717979894922     
           1          15  0.91096570494614570     
           1          16  0.96745144011602946     
           1          17  0.96808127678078404     
           3          18  0.93055130298542987     
          10          19  0.97121551560461128     
          10          20  0.96996793778799550     
          10          21  0.96918432001694865     
          14          22  0.91279992083033890     
          14          23  0.95992971838992058     
          14          24  0.95768853698231637     
           4          25  0.92682410885692534     
