           1           2  0.99613077236101577     
           2           3   1.3640727468809930     
           3           4   1.2896360004498080     
           4           5   1.1943144417794846     
           2           6   1.1688686219093272     
           5           6   1.3196057566659836     
           6           7   1.0717303705903438     
           7           8   1.6836759735819911     
           7           9   1.0945280620323701     
           8           9  0.12986962666336282     
           9          10  0.97574611314763915     
           9          11   1.1180079576689681     
           9          12  0.12374463280647663     
          11          12   1.6938770547081510     
           5          13   1.2118404532306715     
          11          13   1.0495765441887266     
          12          13  0.10922137454491615     
          13          14  0.97721014248721016     
           1          15  0.94790569493571786     
           1          16  0.95709809466758955     
           1          17  0.96012378441634638     
          10          19  0.96143285257445499     
          10          20  0.94841889978649596     
          10          21  0.94875172541463981     
          14          22  0.96194634116333200     
          14          23  0.96143905002073171     
          14          24  0.96263303556767277     
           4          25  0.92378139624071942     
