           1           2  0.96701094516911701     
           1           3  0.97551119117490126     
           2           3  0.96696454933906262     
           4           5   1.6768062725781450     
           2           6   1.5039948016695712     
           5           6   1.0567900848911340     
           6           7   1.0020990999870565     
           7           8   1.6831117652471645     
           7           9   1.1505853942342197     
           8           9  0.14775502104522875     
           9          10  0.97360474951796305     
           9          11   1.0800267605784051     
           9          12  0.10379906847880389     
          11          12   1.6961526737729975     
           4          13  0.12198417694918980     
           5          13   1.1226249802903747     
          11          13   1.0903461797830309     
          12          13  0.11347034820484148     
          13          14  0.97756220563851626     
           1          15  0.93972416437959194     
           3          16  0.94072361641246438     
           1          17  0.93959237892545500     
           3          18  0.93932018551314922     
          10          19  0.96389504069288245     
          10          20  0.94780812554863270     
          10          21  0.95152248333792988     
          14          22  0.95943466628799023     
          14          23  0.95975019259699135     
          14          24  0.96112345345400840     
           4          25  0.92118874490681002     
