           1           2  0.91826585874645272     
           2           3   1.8031598328991731     
           4           5   1.5894003566679844     
           2           6   1.0000771338845660     
           5           6   1.1764329830406435     
           6           7   1.1065203009161035     
           7           8   1.6329454826691316     
           7           9   1.1114044828909202     
           8           9  0.13632171672477428     
           9          10  0.98478699745411824     
           9          11   1.0870488861707279     
           9          12  0.10580382574737188     
          11          12   1.6874988767869830     
           5          13   1.1054332294406743     
          11          13   1.0985112722559665     
          12          13  0.12065854649819051     
          13          14  0.97842158315452665     
           1          15  0.95433621848463734     
           1          16  0.96813003511535978     
           1          17  0.92926309150507103     
           3          18  0.91077075632566995     
          10          19  0.96344903078311372     
          10          20  0.93337624922266826     
          10          21  0.94743673277672413     
          14          22  0.95667801779438166     
          14          23  0.96067469645951886     
          14          24  0.96232012920108345     
           4          25  0.91762262643695225     
