           1           2  0.91544169329214797     
           2           3  0.96153111228765620     
           3           4   1.5910885723599582     
           4           5   1.0650113069985223     
           2           6  0.96440983293371874     
           5           6   1.4726048364759150     
           6           7   1.0792974989659618     
           7           8   1.6939187703300913     
           7           9   1.0989844047832478     
           8           9  0.15494027876710351     
           9          10  0.96588293638491984     
           9          11   1.1323063828189763     
           9          12  0.14662236849166702     
          11          12   1.7291222315834089     
           5          13   1.2551216925527255     
          11          13   1.0066218999641858     
          12          13  0.12040075137575609     
          13          14  0.97323646222743243     
           1          15  0.97892453786496159     
           1          16  0.97167586961503283     
           1          17  0.96792090313493051     
           2          18  0.87614662677773458     
          10          19  0.96982521002082844     
          10          20  0.96608754751870540     
          10          21  0.96544665054924206     
          14          22  0.96974338054693665     
          14          23  0.97014919451771631     
          14          24  0.96299859429927459     
           4          25  0.91320217588997743     
