           1           2   1.9560927423655954     
           2           3  0.99451093342370989     
           3           4  0.97039077546666763     
           4           5   1.3690363057653223     
           5           6   1.4843902230650947     
           7           8   1.9808193415851565     
           6           9   1.3189815972259449     
           9          10   1.0955605315403960     
          10          11  0.97803757654906920     
           9          12   1.3537890211702619     
           4          13   1.4051064237012665     
          12          13   1.4367595331543854     
           3          14  0.95574625771100430     
          14          15  0.97884556629007291     
          15          16   1.0622002740287304     
          16          17   1.4123011975631361     
          17          18  0.98754415262312711     
          18          19  0.96582243819445746     
          19          20   1.0079996148050141     
          20          21   1.4074432098122442     
          21          22   1.4179119681636623     
          22          23   1.3821735556833949     
          23          24   1.1117373056884232     
          24          25  0.97557442344156908     
          23          26   1.2182925390295001     
          26          27   1.1052454404754246     
          27          28  0.97806228733110490     
          20          29   1.3808629166709210     
          26          29   1.3938608083617570     
          17          30  0.99739363532961489     
           3          31  0.94085313755015476     
          31          32   1.0082007008376810     
          31          33   1.0082104747724452     
           5          34  0.96292592200972216     
           6          35  0.96195712948176815     
           8          36  0.93900560972919955     
           8          37  0.93965306725681974     
          11          38  0.97408096697913571     
          11          39  0.97753293785736317     
          11          40  0.97394627214934182     
          12          41  0.96464564511387774     
          13          42  0.96230355491060715     
          14          43  0.96734881972227171     
          14          44  0.97272299194780765     
          15          45  0.96017828449877196     
          15          46  0.92504595826014480     
           2          47  0.90136885062941463     
          16          48  0.95693087774590768     
          18          49  0.96458961876840121     
          18          50  0.96748231088195302     
          19          51  0.97126222929960138     
          19          52  0.97203186888780113     
          21          53  0.96808183844206064     
          22          54  0.96300305380759044     
          25          55  0.97245747964814933     
          25          56  0.97234824096731498     
          25          57  0.97665672144853033     
          28          58  0.97661478635405763     
          28          59  0.97315633372486732     
          28          60  0.97312686054478537     
          29          61  0.96238297233825854     
          30          62  0.96528027231243196     
          30          63  0.96131542085601529     
          30          64  0.97741774554277572     
          31          65  0.95935592412701043     
          32          66  0.97318687075762400     
          32          67  0.98118815066642828     
          32          68  0.98084809434687115     
          33          69  0.97601076327638192     
          33          70  0.98286674103010441     
          33          71  0.97959932990571552     
           1          72  0.94130086937232704     
