           1           2  0.99676907744232734     
           2           3   1.1686822102552934     
           3           4   1.7935983307294390     
           4           5  0.14348906312013374     
           2           6   1.1443378238190294     
           5           6   1.4886060787873627     
           6           7  0.97484687705038853     
           7           8   1.7025584810459704     
           7           9   1.1288433076774917     
           8           9  0.13546656483043812     
           9          10  0.96280878496157873     
           9          11   1.1267038115796464     
           9          12  0.12970688650670498     
          11          12   1.7155584024372230     
           5          13   1.3330540087581229     
          11          13  0.99386318191601741     
          13          14  0.97197140152006900     
           1          15  0.94447053368154643     
           1          16  0.97026416513475955     
           1          17  0.94265289732655888     
           3          18  0.90483849530872607     
          10          19  0.96477244176332344     
          10          20  0.96026779448333788     
          10          21  0.95212154245462099     
          14          22  0.97424079648690276     
          14          23  0.95062306931392160     
          14          24  0.95295802171236454     
           4          25  0.68893988210064083     
           5          25  0.23059478952365908     
