           1           2  0.99267154949533254     
           2           3   1.1531519548424358     
           3           4   1.7998388421114404     
           4           5  0.16713650417043122     
           2           6   1.1741405154514479     
           5           6   1.3909337682598362     
           6           7  0.97884154184169958     
           7           8   1.6625648288735735     
           7           9   1.1542909953315643     
           8           9  0.13767859168199797     
           9          10  0.96680883050664401     
           9          11   1.0869618780877155     
           9          12  0.11626280084133886     
          11          12   1.6939245093211914     
           5          13   1.7202341389326994     
          11          13   1.0339971358462079     
           1          15  0.94746811795725694     
           1          16  0.95609513965554815     
           1          17  0.95015573465173786     
           3          18  0.91206127095050715     
          10          19  0.96164127319341275     
          10          20  0.95505177926998441     
          10          21  0.95550308057038835     
          14          22  0.97883082773890862     
          14          23  0.97882915689825500     
          14          24  0.96801463131291265     
           4          25  0.72291419824769965     
           5          25  0.19555006243616607     
