   -0.27539713
    0.10247787
    0.00669522
    0.00263458
   -0.07960461
    0.12913059
   -0.23045790
    0.02812302
    0.12900712
   -0.22854057
    0.02684310
   -0.07330948
   -0.05269191
   -0.06418518
   -0.06639350
   -0.04524771
    0.07819357
   -0.05183567
   -0.06746497
    0.00752084
   -0.06360471
   -0.08078257
    0.13464860
   -0.23346234
    0.02402243
    0.13727495
   -0.19660378
    0.02096473
   -0.07319951
   -0.07443301
   -0.00701762
   -0.11762150
   -0.11816793
    0.05290211
    0.05343189
    0.08027846
    0.04640081
    0.05468608
    0.08057036
    0.04930093
    0.05262829
    0.04050238
    0.05444976
    0.05007164
    0.05565568
    0.06253112
    0.00479226
    0.04923351
    0.04955924
    0.07861875
    0.05860822
    0.07304528
    0.08162259
    0.06128870
    0.05196857
    0.05283929
    0.08306399
    0.08851731
    0.05746572
    0.06116407
    0.05741155
    0.08065632
    0.08307453
    0.07885079
    0.03602494
    0.06659266
    0.03490859
    0.04994580
    0.06181988
    0.03457968
    0.05257911
    0.15084414
