   -0.24609825
    0.02229995
   -0.03975045
   -0.00112610
   -0.08115818
    0.12900490
   -0.23514209
    0.03018532
    0.12864720
   -0.23119684
    0.02885913
   -0.07364902
   -0.06140998
   -0.06358634
   -0.06710445
    0.00323281
    0.02243371
   -0.02046289
   -0.07011863
   -0.00119314
   -0.05035346
   -0.06839311
    0.13189025
   -0.22596267
    0.02628665
    0.13179584
   -0.22821309
    0.02805507
   -0.07957479
   -0.07411577
   -0.02186139
   -0.10051688
   -0.10817263
    0.04691986
    0.04895892
    0.07848826
    0.04583124
    0.05086558
    0.07913297
    0.04814449
    0.04774793
    0.04317704
    0.06041006
    0.04731516
    0.06362261
    0.07467904
    0.04083653
    0.06779321
    0.06893487
    0.07001279
    0.05461547
    0.05412933
    0.04209908
    0.05600093
    0.05196554
    0.05389861
    0.08029492
    0.07996110
    0.04757560
    0.05098175
    0.04671898
    0.07577394
    0.08525247
    0.07848476
    0.03434306
    0.18812882
    0.03605076
    0.04037622
    0.04457125
    0.04436049
    0.05966511
    0.17835056
