           1           2  0.99797505968591316     
           2           3   1.1090539277985507     
           3           4   1.8586859935692264     
           2           6   1.1826284215726637     
           5           6   1.3998074653775310     
           6           7  0.98072813552677340     
           7           8   1.6726638410578683     
           7           9   1.1381542205805091     
           8           9  0.13028897355580601     
           9          10  0.96203763447722013     
           9          11   1.1265216488736536     
           9          12  0.12655674735690273     
          11          12   1.7149334849032134     
           5          13   1.3987065533419478     
          11          13  0.98904774608189050     
          13          14  0.97208869098075501     
           1          15  0.94030787378703884     
           1          16  0.95872463877543668     
           1          17  0.93900274636379799     
           3          18  0.89038359501946918     
          10          19  0.96294790941372610     
          10          20  0.95364791403871152     
          10          21  0.95830420935134430     
          14          22  0.97391481591261087     
          14          23  0.94876211746267536     
          14          24  0.95031476127677539     
           4          25  0.90909449397587161     
