           1           2   1.9618274113200378     
           2           3  0.97610117804667584     
           3           4  0.97113732163717326     
           4           5   1.3684526786023146     
           5           6   1.3915940083447520     
           6           7   1.1107445403287803     
           7           8  0.97583939277446285     
           6           9   1.2075620934986928     
           9          10   1.1169966153938009     
          10          11  0.97433105229862438     
           9          12   1.3781729154599429     
           4          13   1.3963426802584848     
          12          13   1.4153406116678209     
           3          14  0.96131728396882798     
          14          15  0.96574057715429162     
          14          16  0.89652917947494126     
          15          16  0.95795912310719744     
          16          17   1.0325267500194306     
          17          18   1.0284589919372296     
          18          19  0.95080740079702475     
          19          20   1.0183853547489901     
          20          21   1.3826078525066205     
          21          22   1.4292750115377779     
          22          23   1.3671944483540066     
          23          24   1.1261335869868483     
          24          25  0.97284980142756261     
          23          26   1.2006144972901798     
          26          27   1.1173090318391434     
          27          28  0.97571362947705420     
          20          29   1.3816851274714252     
          26          29   1.3864151770043505     
          17          30   1.0056532104210609     
           3          31  0.93363466444686483     
          31          32   1.0075687348913478     
          31          33   1.0098413087132752     
           5          34  0.95572873787097201     
           8          35  0.97104544444564134     
           8          36  0.97577034427109155     
           8          37  0.97185409699147662     
          11          38  0.97111762473780927     
          11          39  0.97602160382931902     
          11          40  0.97147809916067651     
          12          41  0.96238299486714396     
          13          42  0.96070764598105263     
          14          43  0.95745168577576079     
          15          45  0.96522098310791604     
          15          46  0.97369078392183717     
           2          47  0.91278385361007031     
          16          48  0.95536361514161894     
          18          49  0.96426025998001186     
          18          50  0.81017743831316302     
          44          50  0.15496785342323949     
          19          51  0.96718864087411127     
          19          52  0.95919019547203876     
          21          53  0.96600101368352020     
          22          54  0.96150403048203670     
          25          55  0.96960446508423292     
          25          56  0.97016092868048387     
          25          57  0.97572151547125585     
          28          58  0.97591921089700306     
          28          59  0.97154057756287870     
          28          60  0.97097724716608491     
          29          61  0.96127908402929796     
          30          62  0.96155910358345720     
          30          63  0.96701093104050551     
          30          64  0.97774561710783758     
          31          65  0.95400076691486724     
          32          66  0.97006083827745848     
          32          67  0.97916493305283792     
          32          68  0.97845499840372685     
          33          69  0.96600922675437506     
          33          70  0.97451826989883306     
          33          71  0.97641060226804444     
           1          72  0.93282467173660921     
