           1           2  0.98726053197811603     
           2           3   1.4133888861234054     
           3           4   1.2728416064052837     
           4           5   1.1761680150156797     
           2           6   1.1523726935511494     
           5           6   1.2910497858373275     
           6           7   1.0928268733935147     
           7           8   1.7060972252243025     
           7           9   1.0082018843715641     
           9          10   1.7550721341427904     
           9          11  0.42187943301846043     
           9          12  0.12979474064852267     
          11          12   1.6466323130209282     
           5          13   1.2911816061270491     
          11          13  0.89608625012496024     
          13          14  0.98321799928470921     
           1          15  0.95123686652249062     
           1          16  0.97009934865500913     
           1          17  0.95455928969527359     
           3          18  0.95165741888966671     
          10          19  0.94170224164898353     
          10          20  0.94044982271800470     
          11          21  0.89382794459076398     
          14          22  0.96251890558393982     
          14          23  0.97110402584216038     
          14          24  0.96056417444915965     
           4          25  0.91873644700918689     
