           1           2   1.6593761331628534     
           2           3   1.2737706730699401     
           3           4   1.2354181454054038     
           4           5   1.2725641058912773     
           5           6   1.4447414487233070     
           6           7   1.0846134045661344     
           7           8  0.98233394000157381     
           6           9   1.2042895357606778     
           9          10   1.1086959003811800     
          10          11  0.97733318030719230     
           9          12   1.3518240833769866     
           4          13   1.2873852741007417     
          12          13   1.4667528400056189     
           3          14   1.0271099442223122     
          14          15  0.92540063701846154     
          15          16   1.0686634108947284     
          16          17   1.4295210201245545     
          17          18  0.98904290433341191     
          18          19  0.96554701713746438     
          19          20   1.0083884254354358     
          20          21   1.4106824412288892     
          21          22   1.4162964675504648     
          22          23   1.3854324649359273     
          23          24   1.1057332303454315     
          24          25  0.97700323662470090     
          23          26   1.2236470735911036     
          26          27   1.1001212019902309     
          27          28  0.97930233785351362     
          20          29   1.3801025781302183     
          26          29   1.3962474050333009     
          17          30  0.99656593243088010     
          31          32   1.1170305710155222     
          31          33   1.1115563290093515     
           5          34  0.95577933998429254     
           8          35  0.97401984973807432     
           8          36  0.97702253547664519     
           8          37  0.97389649265611977     
          11          38  0.97282691408142119     
          11          39  0.97720461144590132     
          11          40  0.97316990676903892     
          12          41  0.96271547222092713     
          13          42  0.93963804450876509     
          14          43  0.95977158188699585     
          14          44  0.97194134765888240     
          15          45  0.96651179675007493     
          15          46  0.95426956914111183     
           2          47  0.93382004037810951     
          16          48  0.95959018080782521     
          18          49  0.96396291144092616     
          18          50  0.96738796609544198     
          19          51  0.97083355260823612     
          19          52  0.97259342853796971     
          21          53  0.96836551005782734     
          22          54  0.96335899217869936     
          25          55  0.97314745824540982     
          25          56  0.97298603655102567     
          25          57  0.97703318315162946     
          28          58  0.97698474708249705     
          28          59  0.97364169625384878     
          28          60  0.97354981848523880     
          29          61  0.96235210963353546     
          30          62  0.96530807242688488     
          30          63  0.95993403031853397     
          30          64  0.97787903046137670     
          31          65  0.97271356686302668     
          32          66  0.98072815908439659     
          32          67  0.92275119301954311     
          32          68  0.92968561134045069     
          33          69  0.95506545465908588     
          33          70  0.97544347940065057     
          33          71  0.91400570862747499     
           1          72  0.95112789879679160     
