           1           2  0.99222052185481646     
           2           3   1.4145437975838981     
           2           4  0.11059821626427319     
           3           4   1.3314656461973833     
           4           5   1.0793929974326937     
           2           6   1.0802276766227377     
           5           6   1.1202094717364328     
           6           7   1.2624452644359043     
           6           8  0.10709396943698776     
           7           8   1.7327389048650632     
           7           9  0.70116568928232992     
           9          10  0.92844681939073637     
           9          11   1.5792791276728182     
           9          12  0.23437349347936129     
          11          12   2.0540388523067605     
           5          13   1.6084604961312905     
          13          14   1.0474758627737484     
           1          15  0.95597209165193364     
           1          16  0.97348614577795123     
           1          17  0.96105955619975392     
           3          18  0.94962511462325294     
          10          19  0.95983224362801700     
          10          20  0.97704223363976561     
          10          21  0.96458571679845040     
          14          22  0.96246921786475947     
          14          23  0.94837285697703533     
          14          24  0.95431374936762858     
           4          25  0.91809021108349687     
