           1           2  0.98651923743813541     
           2           3   1.3775762778245404     
           3           4   1.2668785247460121     
           4           5   1.1933584929950061     
           2           6   1.1450592324915627     
           5           6   1.3274643624262774     
           6           7   1.1177298695713587     
           7           8   1.6764741215923298     
           7           9  0.97948418034044205     
           8           9  0.10790610893346173     
           9          10   1.3474336183379514     
           9          11   1.0160706004871356     
          11          12   1.7059140898189487     
           5          13   1.1906756934139828     
          11          13   1.0874190970294320     
          12          13  0.13434017950890317     
          13          14  0.97038069330461929     
           1          15  0.95667345017283534     
           1          16  0.96325837981222651     
           1          17  0.96221637889101663     
           3          18  0.95321542208380605     
          10          19  0.95652912820982816     
          10          20  0.90836074183664861     
          14          22  0.97171048550555073     
          14          23  0.97145822814897187     
          14          24  0.96495045472425578     
           4          25  0.91891784343972494     
