           1           2   1.0959082764563732     
           3           4   1.6568340359138445     
           4           5   1.0234616350169494     
           2           6   1.5862027739809177     
           5           6   1.1804560131177577     
           6           7  0.93694328405072747     
           7           8   1.7646205055786250     
           7           9   1.1229157125051752     
           8           9  0.13721637326847144     
           9          10  0.96361260189125086     
           9          11   1.1282274633857186     
           9          12  0.12899191731746734     
          11          12   1.7076285073393120     
           5          13   1.2677179551880493     
          11          13   1.0167911501370102     
          13          14  0.97917297124269609     
           1          15  0.90918294578487546     
           1          16  0.93002474760680642     
           1          17  0.91891181308065373     
           3          18  0.92810855169284245     
          10          19  0.96396142434488730     
          10          20  0.95769081545948220     
          10          21  0.95280157830684442     
          14          22  0.96792832357971181     
          14          23  0.94977613888041024     
          14          24  0.95695720719365862     
           4          25  0.89177193816614109     
