           1           2  0.98952738930490147     
           2           3   1.3410658103177393     
           3           4   1.2474045054240936     
           4           5   1.1893766095411606     
           2           6   1.1424796652981528     
           5           6   1.3100940726105414     
           6           7   1.1277748236350857     
           7           8   1.6493534089735371     
           7           9  0.97317665326612834     
           9          10   1.3323277297043532     
           9          11   1.0245094683269500     
          11          12   1.6807223976804799     
           5          13   1.1831492251162397     
          11          13   1.0831955656257877     
          12          13  0.12417372534574098     
          13          14  0.97390355362583170     
           1          15  0.95488169362620623     
           1          16  0.96065590820086122     
           1          17  0.95914774809723780     
           3          18  0.95453597825556458     
          10          19  0.95340323973515329     
          10          20  0.90311884086426664     
          14          22  0.96752175077074309     
          14          23  0.96753335950683228     
          14          24  0.96224481021480557     
           4          25  0.92058580243537391     
