$coord
            6.0808766488            2.1465683285            0.0347153855     C 
            4.2903357145            0.0982654261            0.0007233783     N 
            4.8030639305           -2.3427247878           -0.0157638729     C 
            2.6336699814           -3.6866336225           -0.0160692302     N 
            0.6664994262           -2.0172628791            0.0011322725     C 
            1.7151144970            0.3792632907            0.0125400357     C 
            0.1434346453            2.6430518670           -0.0053824506     C 
            0.9205814478            4.7841879422           -0.0326122710     O 
           -2.4041377029            2.0157128380            0.0031271228     N 
           -4.2184348871            4.0942092887           -0.0046330795     C 
           -3.4935917606           -0.3624357591            0.0093756097     C 
           -5.7310291499           -0.6822579286            0.0162248801     O 
           -1.8254584799           -2.4577895097            0.0033013821     N 
           -2.8729627494           -4.9903251775           -0.0045170721     C 
            7.0199593455            2.2410257171            1.8671094061     H 
            7.5037127462            1.8780700817           -1.4275635422     H 
            5.0705322620            3.9126977712           -0.2847284016     H 
            6.6607051087           -3.1556352276           -0.0287926037     H 
           -3.1685494014            5.8588895450            0.0091904874     H 
           -5.4000013582            3.9787766639           -1.6853584562     H 
           -5.4257761050            3.9657441010            1.6565553959     H 
           -2.2788036675           -6.0238417502            1.6754917988     H 
           -2.3051261226           -6.0032531539           -1.7061970843     H 
           -4.9233295130           -4.8047400390            0.0122823297     H 
            2.5110645862           -5.5924942695           -0.0312456051     H 
           -0.2667368051            5.9399269848           -0.0522129822     H 
$end
$set
 chrg  2
 ewin_conf 50.0 
$end
