           1           2  0.98211885304851410     
           2           3   1.4296504917941726     
           3           4   1.2841047180005130     
           4           5   1.1871755747415682     
           2           6   1.1746350060070063     
           5           6   1.3573980248532518     
           6           7   1.0485633115750079     
           7           8   1.7031434566985277     
           7           9   1.1205507977863154     
           8           9  0.16069221435093103     
           9          10  0.96450840885108846     
           9          11   1.1208888105099462     
           9          12  0.13867972022907471     
          11          12   1.7238186332164354     
           5          13   1.2283976372283074     
          11          13   1.0237760369992630     
          12          13  0.12439907623443609     
          13          14  0.97311596581077087     
           1          15  0.95423904899967837     
           1          16  0.96290286147385695     
           1          17  0.95922311089634815     
           3          18  0.95076351004500170     
          10          19  0.97018169011265987     
          10          20  0.96820398231485816     
          10          21  0.96827154445104746     
          14          22  0.97213301899644877     
          14          23  0.97197200334165612     
          14          24  0.96345930935982338     
           4          25  0.91705665563240835     
