           1           2  0.98675097051101968     
           2           3   1.3782398272572762     
           3           4   1.2657390802388884     
           4           5   1.1937947992159874     
           2           6   1.1456686947877064     
           5           6   1.3279183460319512     
           6           7   1.1167671447085354     
           7           8   1.6722657621236494     
           7           9  0.98632876460131991     
           8           9  0.10727289872763765     
           9          10   1.3493501374321220     
           9          11   1.0116767904769841     
          11          12   1.7074343462873260     
           5          13   1.1891978544924457     
          11          13   1.0898291612380928     
          12          13  0.13479464149206011     
          13          14  0.97034974698243359     
           1          15  0.95515898492603823     
           1          16  0.96508046733862307     
           1          17  0.96135751172506922     
           3          18  0.95329097452893252     
          10          20  0.95640780442546780     
          10          21  0.95984352283221763     
          14          22  0.97131387505142686     
          14          23  0.97183528092410509     
          14          24  0.96483224317219507     
           4          25  0.91916715659077530     
