           1           2   1.0235629297716098     
           2           3  0.95039183430190910     
           3           4  0.96162832964177170     
           4           5   1.3716622850264373     
           2           6  0.91662248197078033     
           3           6  0.90015117768056885     
           5           6   1.1398341412735715     
           7           8   2.1140269767060516     
           7           9   1.5437694075338790     
           8           9  0.22923592700002665     
           9          10  0.90865221954687936     
           9          11  0.78043771055965150     
          11          12   1.7880813386962342     
           5          13   1.1553258209871133     
          11          13   1.2009491566124924     
          12          13  0.15633094917518850     
          13          14  0.94600851829726862     
           1          15  0.96325100735832581     
           1          16  0.96294823912693506     
           1          17  0.96880926175709914     
           3          18  0.95947465000270094     
          10          19  0.97285138825506423     
          10          20  0.96469768924705379     
          10          21  0.92075420882188397     
          14          22  0.97347608796503393     
          14          23  0.96950851395128468     
          14          24  0.96845927520795028     
           4          25  0.92428560765979184     
