           1           2  0.98384737381568166     
           2           3   1.3884628012382791     
           3           4   1.2895169040306458     
           4           5   1.1681437497319256     
           2           6   1.1661962758312157     
           5           6   1.3418190688567964     
           6           7   1.0715448494161142     
           7           8   1.6776780297311196     
           7           9   1.0831592662440646     
           8           9  0.13826185258936091     
           9          10  0.96160967312611989     
           9          11   1.1691690988524692     
           9          12  0.15114462504245810     
          11          12   1.7317355105866912     
           5          13   1.1626102844460882     
          11          13  0.93025660421177392     
          13          14   1.3067892336583415     
           1          15  0.95441304834826135     
           1          16  0.96231090233930705     
           1          17  0.95896078843130461     
           3          18  0.95105694832934395     
          10          19  0.96738878996303967     
          10          20  0.96585510005740649     
          10          21  0.96508641688470109     
          14          23  0.96507015586268707     
          14          24  0.95762566923036574     
           4          25  0.91710346924419250     
