           1           2  0.97149792939721946     
           2           3   1.1971230265306514     
           3           4   1.3554166465724951     
           3           5  0.16650132380729316     
           4           5   2.2444678962358022     
           2           6   1.3009321164666068     
           6           7   1.9072097344126036     
           6           8  0.19586615699478624     
           7           8   1.8134070797452271     
           9          10   2.0622030011861403     
          11          12   1.8793940382132361     
          11          13   1.9879341389831575     
          12          13  0.36483090337307578     
          13          14   1.0091351912569944     
           1          15  0.95831668426461780     
           1          16  0.96382430769081151     
           1          17  0.97587790706639088     
           3          18  0.92944713155245962     
           9          19  0.87787253262887044     
          10          20  0.93032547237052798     
          10          21  0.90316365047730107     
          14          22  0.95976152403907700     
          14          23  0.96086258058072094     
          14          24  0.96140895513348323     
           5          25  0.91891748236660176     
