           1           2   1.0290211413776542     
           3           4   1.6836550413926175     
           2           5  0.14136744287101854     
           4           5  0.97851057483104120     
           2           6   2.1308210023393759     
           5           6   1.5300612986795430     
           7           8   2.0390742951321288     
           7           9   1.5255645494988950     
           8           9  0.21703430823722186     
           9          10  0.92580115331433899     
           9          11  0.74683809017161218     
          11          12   1.7642191787237800     
           5          13  0.99320578892838751     
          11          13   1.2730881486334440     
          12          13  0.19639089828950110     
          13          14  0.95489834691179298     
           1          15  0.96273979356198414     
           1          16  0.94392202375194934     
           1          17  0.94014822708204249     
           3          18  0.93891312592882104     
          10          19  0.97572108235198574     
          10          20  0.96660546227066513     
          10          21  0.97224345905195408     
          14          22  0.96967164137558493     
          14          23  0.97562169513178654     
          14          24  0.96705971067860719     
           4          25  0.90703334695390847     
