   -0.25598022
    0.10274684
    0.00778988
    0.00902363
   -0.07694437
    0.13277077
   -0.21992254
    0.02493636
    0.13382559
   -0.21569900
    0.02300603
   -0.06805849
   -0.04513296
   -0.06410931
   -0.06516269
   -0.03290441
    0.09771058
   -0.02629713
   -0.06736059
    0.00998343
   -0.04299927
   -0.06472375
    0.13758593
   -0.20816825
    0.02154866
    0.14047369
   -0.20736019
    0.02149674
   -0.07408179
   -0.08761598
   -0.00739633
   -0.11876052
   -0.11999510
    0.05675992
    0.05774593
    0.08547724
    0.05252090
    0.06030369
    0.08585539
    0.05680616
    0.06097140
    0.04599245
    0.05965729
    0.05415464
    0.05838537
    0.07174718
    0.01917317
    0.05857093
    0.09963880
    0.06604846
    0.05512385
    0.06619195
    0.05383210
    0.06395058
    0.06010530
    0.06187276
    0.08743728
    0.08556502
    0.06897206
    0.06213228
    0.08022123
    0.08300849
    0.06442885
   -0.26798731
    0.04150728
    0.07092209
    0.03696750
    0.05512479
    0.06520994
    0.03949323
    0.05775889
    0.16412767
