   -0.26402905
    0.10334752
    0.01035524
    0.00963049
   -0.03658096
   -0.04869573
   -0.47382533
    0.08474343
    0.16277335
   -0.22804437
    0.02755083
   -0.06975589
   -0.04698803
   -0.08117763
   -0.07389754
    0.01947812
    0.01972595
   -0.01784349
   -0.07125535
    0.00127720
   -0.04741146
   -0.06640862
    0.13507150
   -0.21711489
    0.02341588
    0.13443252
   -0.22049892
    0.02585365
   -0.07893096
   -0.07250275
   -0.00951466
   -0.11735958
   -0.12019917
    0.13891692
    0.04764613
    0.05186744
    0.05673226
    0.05589655
    0.08175309
    0.04861167
    0.05783192
    0.04587463
    0.12183958
    0.05478737
    0.07753207
    0.09975018
    0.00370110
    0.07571586
    0.06927171
    0.06871728
    0.05821897
    0.05801502
    0.04824486
    0.06119483
    0.05657127
    0.05836144
    0.08461354
    0.08398176
    0.05022496
    0.05453397
    0.04870026
    0.08428476
    0.08115832
    0.08199519
    0.05953847
    0.06571745
    0.03535172
    0.05423828
    0.06229161
    0.04468070
    0.05748191
    0.15853364
