           1           2   1.9531931081020544     
           2           3  0.99046406215770311     
           3           4  0.96905973561956416     
           4           5   1.2799836753263640     
           5           6   1.5776196279516304     
           7           8   1.1545060832780314     
           6           9   1.3354688986831054     
           9          10   1.1058310312404782     
          10          11  0.97490305079068851     
           9          12   1.2982136488097502     
           4          13   1.4168381659842022     
          12          13   1.4403267783952041     
           3          14  0.95260290379525503     
          14          15  0.97366672627290196     
          15          16   1.0725018546667495     
          16          17   1.4386459300359342     
          17          18  0.98583539263115005     
          18          19  0.96719994367746565     
          19          20   1.0076195950503950     
          20          21   1.4045955876801683     
          21          22   1.4195901934189754     
          22          23   1.3790707615308482     
          23          24   1.1165017887301343     
          24          25  0.97444608066105542     
          23          26   1.2141629529005620     
          26          27   1.1090462443481894     
          27          28  0.97730320827432282     
          20          29   1.3820667191797031     
          26          29   1.3915679133911145     
          17          30  0.99554111403001744     
           3          31  0.93472670145093339     
          31          32   1.0079109284191232     
          31          33   1.0070391045004738     
           5          34  0.87531250700482377     
           8          35  0.91085080333019164     
           8          36  0.90839952702943028     
           8          37  0.90666172847054793     
          11          38  0.97359756856204605     
          11          39  0.97627486559246879     
          11          40  0.97356063548072114     
          12          41  0.95169824060923913     
          13          42  0.95550335189724445     
          14          43  0.93800314385707639     
          14          44  0.97118375982108673     
          15          45  0.95766582497079311     
          15          46  0.91303874027131959     
           2          47  0.90292649706426575     
          16          48  0.95511379332253687     
          18          49  0.96333040928758407     
          18          50  0.96788085364636189     
          19          51  0.97125323542283515     
          19          52  0.97106140244309069     
          21          53  0.96775654377547426     
          22          54  0.96265530133917598     
          25          55  0.97175171170906061     
          25          56  0.97176503030521699     
          25          57  0.97631771797387790     
          28          58  0.97632850906369062     
          28          59  0.97279763729909874     
          28          60  0.97260347635699451     
          29          61  0.96222602617411213     
          30          62  0.96533681992015485     
          30          63  0.96383909774817655     
          30          64  0.97742189261930301     
          31          65  0.95348385739777131     
          32          66  0.97214293704030608     
          32          67  0.98030787818972454     
          32          68  0.97928229128084598     
          33          69  0.97215864854779988     
          33          70  0.98016363162019471     
          33          71  0.97722903938188055     
           1          72  0.93976690688981512     
