           1           2  0.91936996885868350     
           2           3   1.4246495303982489     
           3           4   1.2950269281972027     
           4           5   1.1828078072733306     
           2           6   1.1441063982446176     
           5           6   1.3202083435829408     
           6           7   1.1846414975048964     
           1           8   1.0551494755726440     
           7           9   1.4168450141356792     
           9          10  0.98132457503741410     
           9          11   1.0652548548270295     
           9          12  0.11316011023948508     
          11          12   1.7274081142801916     
           5          13   1.2377981667145654     
          11          13   1.0491211824601208     
          12          13  0.13817370637276144     
          13          14  0.97411207804916589     
           1          15  0.95655078820600303     
           1          16  0.95585904254962828     
           8          17  0.87715218552411156     
           3          18  0.95067654549682212     
          10          19  0.97521917711779105     
          10          20  0.96246058351910557     
          10          21  0.96230973001464637     
          14          22  0.97143766614056892     
          14          23  0.97092811171260940     
          14          24  0.96512906992774028     
           4          25  0.91744948711873686     
