   -0.27016312
    0.10171846
    0.00633146
    0.00114602
   -0.08067374
    0.12866899
   -0.23111205
    0.02801660
    0.12806125
   -0.22956858
    0.02715071
   -0.07448862
   -0.05287043
   -0.06421778
   -0.06951752
    0.00824339
    0.01028541
   -0.01722211
   -0.06596031
   -0.00774725
   -0.06851660
   -0.06091184
    0.29052771
   -0.20753725
    0.01729565
   -0.05078925
   -0.21597194
    0.02042144
   -0.05286743
   -0.06913071
   -0.00718342
   -0.11801442
   -0.11925686
    0.05133426
    0.05352719
    0.08080703
    0.04623589
    0.05472601
    0.08077917
    0.04799985
    0.05175408
    0.03878747
    0.06040973
    0.05394080
    0.06690829
    0.07956473
    0.00404208
    0.07006759
    0.06785675
    0.06638419
    0.05392627
    0.05628230
    0.01824675
    0.03717466
    0.06890089
    0.07617202
    0.09203436
    0.08904032
    0.06788989
    0.06502978
    0.03391854
    0.07646053
    0.07788923
    0.08157542
    0.03668332
    0.06713811
    0.03501734
    0.05091987
    0.06227848
    0.03468489
    0.05419024
    0.15527586
