           1           2   1.9550047597460389     
           2           3  0.99425447607451811     
           3           4  0.97145765889840385     
           4           5   1.3678463151451581     
           5           6   1.4013817832699520     
           6           7   1.0976037967463483     
           7           8  0.97844884207256733     
           6           9   1.2231598480241210     
           9          10   1.1004134993642127     
          10          11  0.97757124002293749     
           9          12   1.3922665504637348     
           4          13   1.4149396629467548     
          12          13   1.4042298377034126     
           3          14  0.95573857598023393     
          14          15  0.98226138255957007     
          15          16   1.0598263963296890     
          16          17   1.4097919263975740     
          17          18  0.98336101513926488     
          18          19  0.98281344326750530     
          19          20   1.0128231101465870     
          20          21   1.5359432329919420     
          21          22   1.1758969044300165     
          22          23   1.3520201336814479     
          23          24   1.1600177634045328     
          24          25  0.95424255800280600     
          22          26   1.1725930296061726     
          23          27   1.1423849168896498     
          27          28  0.95718274254513813     
          20          29   1.2130668584760598     
          26          29   1.5792145231992012     
          17          30  0.99850953696028777     
           3          31  0.94265781835771634     
          31          32   1.0084001679133952     
          31          33   1.0086360301909645     
           5          34  0.95814476939337112     
           8          35  0.97356855160532152     
           8          36  0.97671577656066777     
           8          37  0.97364507158676505     
          11          38  0.97357916578482384     
          11          39  0.97693823592639994     
          11          40  0.97358766304179478     
          12          41  0.96376445413649581     
          13          42  0.96247700560057525     
          14          43  0.96800357519930014     
          14          44  0.97231608273547387     
          15          45  0.96027772691484137     
          15          46  0.92683527367508600     
           2          47  0.90285589203214311     
          16          48  0.95722829440505808     
          18          49  0.96420810745203644     
          18          50  0.96713961041360486     
          19          51  0.95994606336140320     
          19          52  0.96064073555237850     
          21          53  0.96929023543571702     
          26          54  0.96929964817149250     
          25          55  0.97423078083355563     
          25          56  0.96898116928258005     
          25          57  0.97262607864543948     
          28          58  0.97254183392200144     
          28          59  0.97205631021221728     
          28          60  0.97549035166659481     
          29          61  0.97271520444274284     
          30          62  0.96691611666827459     
          30          63  0.96278067617702834     
          30          64  0.97734152507921601     
          31          65  0.96059584188654901     
          32          66  0.97486527980613236     
          32          67  0.98191977284366483     
          32          68  0.98154136020755423     
          33          69  0.97594340216557840     
          33          70  0.98302876373586123     
          33          71  0.98012188166649605     
           1          72  0.94235748476886450     
