   -0.27068674
    0.09899131
    0.00564781
    0.01615176
   -0.07931413
    0.12773380
   -0.24037920
    0.02744950
    0.12492961
   -0.19533611
    0.01970495
   -0.07016460
   -0.05983335
   -0.06368396
   -0.06382676
   -0.04128789
    0.08799987
   -0.01819823
   -0.06835776
    0.00086233
   -0.04780649
   -0.06720725
    0.13351389
   -0.22163248
    0.02491353
    0.13296118
   -0.22478847
    0.02739316
   -0.07918365
   -0.11058767
   -0.00811622
   -0.11884631
   -0.11894616
    0.06124130
    0.05380741
    0.08204815
    0.04942342
    0.06297601
    0.09247090
    0.05906376
    0.08631879
    0.04464310
    0.05578326
    0.05216111
    0.05384127
    0.06467946
    0.01004103
    0.05106800
    0.06996800
    0.06589587
    0.05686757
    0.05827418
    0.04744105
    0.05895958
    0.05437788
    0.05621189
    0.08217456
    0.08144886
    0.04801798
    0.05270063
    0.04739944
    0.05178149
    0.05208787
    0.08141482
    0.03639032
    0.06858107
    0.03055038
    0.05106209
    0.06294368
    0.03656473
    0.05322921
    0.15602060
