           1           2   1.9547341093259198     
           2           3  0.99341829501753420     
           3           4  0.96830696935449945     
           4           5   1.2449176231075545     
           5           6   1.3539535873303739     
           6           7   1.0845134587410548     
           7           8  0.97679383535475561     
           6           9   1.3102853304613800     
           9          10   1.1529391463966678     
          10          11  0.97417449717530014     
           9          12   1.0371575548971232     
           4          13   1.6255957877199492     
          12          13   1.0426751493692923     
           3          14  0.95416876943916384     
          14          15  0.98342097704101306     
          15          16   1.0458138013811098     
          16          17   1.3508766891321413     
          17          18  0.96633202947476460     
          18          19  0.97688393306010946     
          19          20   1.0069365639075762     
          20          21   1.4112207086142927     
          21          22   1.4152567706448140     
          22          23   1.3841781923920440     
          23          24   1.1101109200553685     
          24          25  0.97599169844273237     
          23          26   1.2183156252298561     
          26          27   1.1029275076657576     
          27          28  0.97882102304160890     
          20          29   1.3794607940290600     
          26          29   1.3961237513766449     
          16          30  0.23613816932901421     
          17          30   1.3583688718183258     
           3          31  0.94664404721907980     
          31          32   1.0081751558272281     
          31          33   1.0087320795946877     
           5          34  0.95824833444162261     
           8          35  0.97405533703760372     
           8          36  0.97631379158572840     
           8          37  0.97392635886128009     
          11          38  0.96745662260855780     
          11          39  0.97545691989559824     
          11          40  0.96855277504496884     
          12          41  0.91471578922256813     
          13          42  0.96237501355313448     
          14          43  0.96843053869350415     
          14          44  0.97263698507035967     
          15          45  0.96079930586287576     
          15          46  0.94265066645614382     
           2          47  0.91345056293134863     
          16          48  0.96199114343791192     
          18          49  0.96833222935725549     
          18          50  0.96918622268303312     
          19          51  0.97189642154959777     
          19          52  0.96948230568859328     
          21          53  0.96772609227121831     
          22          54  0.96298278219316114     
          25          55  0.97248244287698582     
          25          56  0.97238141989816773     
          25          57  0.97675419101343541     
          28          58  0.97678650281608348     
          28          59  0.97344063138670911     
          28          60  0.97311559244691614     
          29          61  0.96255848339173145     
          30          62  0.97599956463266446     
          30          63  0.96974947487376806     
          12          64  0.91198298360595964     
          31          65  0.95891080072402157     
          32          66  0.97412355326794298     
          32          67  0.98286090023084483     
          32          68  0.98181164687234124     
          33          69  0.97525702430247785     
          33          70  0.98293930155620834     
          33          71  0.98051813977673707     
           1          72  0.94211703882288389     
