           1           2   1.2712625376454680     
           1           3  0.11545728235550796     
           2           3   1.2365399205521410     
           3           4   1.1888372757341585     
           4           5   1.2235305463841066     
           2           6   1.0784920157678455     
           5           6   1.2394504237438499     
           6           7   1.2749684303664905     
           7           8   1.1455409345827448     
           7           9   1.1825217644833601     
           9          10  0.97243257791163884     
           9          11   1.0757929498744132     
           9          12  0.12051654748920071     
          11          12   1.6877549928068407     
           5          13   1.1770621666143843     
          11          13   1.0610140850562717     
          12          13  0.12402730226175415     
          13          14  0.97714537359644882     
           1          15  0.95503549280570998     
           1          16  0.96996116487092998     
           8          17  0.83017363993887172     
           3          18  0.95912428296742924     
          10          19  0.96871622533800616     
          10          20  0.95979267337037921     
          10          21  0.95928080980461594     
          14          22  0.96809182410073824     
          14          23  0.96753902836460104     
          14          24  0.96335783664604624     
           4          25  0.92434860987232470     
