           1           2  0.99403865572074324     
           2           3   1.4023555219306911     
           2           4  0.11215259056384357     
           3           4   1.3189605248980629     
           4           5   1.0312368144119113     
           2           6   1.0411552312174914     
           5           6   1.0426805906701118     
           6           7   1.4788325289993531     
           6           8  0.15121437955988951     
           7           8   2.0803559980378794     
           9          10   1.0263661526179051     
           9          11   1.9860122946866536     
           9          12  0.34752526506725168     
          11          12   1.8807796334244125     
           5          13   1.7093244041018276     
          13          14   1.0282000923056946     
           1          15  0.96121193099979529     
           1          16  0.97344437579283749     
           1          17  0.96404486967967373     
           3          18  0.94895362013274476     
          10          19  0.95909087752157307     
          10          20  0.94923389463280761     
          10          21  0.95091699297132748     
          14          22  0.95121422159531810     
          14          23  0.95484712144752382     
          14          24  0.96104293099233984     
           4          25  0.92307268437108692     
