           1           2  0.98704726837704304     
           2           3   1.1881416114173682     
           2           4  0.13055770513318724     
           3           4   1.7686307293802734     
           2           6  0.96872334498181656     
           5           6   1.2565116374108665     
           6           7   1.3725801701571672     
           6           8  0.12240864577040894     
           7           8   2.0818356914662970     
           5           9   1.1408254832461591     
           9          10   1.0001594370365603     
           9          11  0.99120991273939107     
           9          12  0.10580378960904155     
          11          12   1.8096121621783188     
           5          13   1.1373723461579308     
          11          13  0.98282172015474889     
          12          13  0.10526791349703957     
          13          14  0.99837483195826626     
           1          15  0.96532343296734757     
           1          16  0.95376160577863400     
           1          17  0.96798940875889139     
           3          18  0.91986947440876754     
          10          19  0.95991923078686048     
          10          20  0.95917468296173114     
          10          21  0.94601611987384948     
          14          22  0.95462741414358077     
          14          23  0.95308623174205032     
          14          24  0.96217547609220833     
           4          25  0.92421441481406597     
