           1           2  0.98211885304851365     
           2           3   1.4296504917941708     
           3           4   1.2841047180005130     
           4           5   1.1871755747415653     
           2           6   1.1746350060070048     
           5           6   1.3573980248532518     
           6           7   1.0485633115750086     
           7           8   1.7031434566985306     
           7           9   1.1205507977863158     
           8           9  0.16069221435092879     
           9          10  0.96450840885108735     
           9          11   1.1208888105099444     
           9          12  0.13867972022907352     
          11          12   1.7238186332164340     
           5          13   1.2283976372283065     
          11          13   1.0237760369992674     
          12          13  0.12439907623443544     
          13          14  0.97311596581077175     
           1          15  0.95423904899967793     
           1          16  0.96290286147385551     
           1          17  0.95922311089634693     
           3          18  0.95076351004500037     
          10          19  0.97018169011265964     
          10          20  0.96820398231485860     
          10          21  0.96827154445104757     
          14          22  0.97213301899644988     
          14          23  0.97197200334165679     
          14          24  0.96345930935982227     
           4          25  0.91705665563241134     
