           1           2  0.98812158670409356     
           2           3   1.3415387245497485     
           3           4   1.2643173474647047     
           4           5   1.1690819835322206     
           2           6   1.1561293381387212     
           5           6   1.3218648730378300     
           6           7   1.0931232633229713     
           7           8   1.6370648013784788     
           7           9   1.0684035826837859     
           8           9  0.12138112045610233     
           9          10  0.97065556810720688     
           9          11   1.1576618726786285     
           9          12  0.13794226145956842     
          11          12   1.6957046714787611     
           5          13   1.1537740519954953     
          11          13  0.95312221148091492     
          13          14   1.2849717458471406     
           1          15  0.95660328283800111     
           1          16  0.95668418082311812     
           1          17  0.95666525780375566     
           3          18  0.95344307984415999     
          10          19  0.95881296489801837     
          10          20  0.95445725881161403     
          10          21  0.95478245893547808     
          14          22  0.96887931105048397     
          14          23  0.95583492668913084     
           4          25  0.91963468755157907     
