           1           2   1.9162669815684912     
           2           3  0.94040981085875375     
           3           4  0.97878125525094684     
           4           5   1.3717135453534677     
           5           6   1.4003798873499451     
           6           7   1.0964565718405610     
           7           8  0.97998544634040963     
           6           9   1.2174554825244852     
           9          10   1.1084561041992569     
          10          11  0.97611732723707922     
           9          12   1.3836798455392494     
           4          13   1.4064989793808278     
          12          13   1.4129180489131674     
           3          14  0.99066784169348088     
          14          15   1.5440316137344199     
          15          16   1.3291099807940439     
          16          17   1.3433793574954345     
          17          18  0.99479551271726108     
          18          19  0.96578509517428801     
          19          20   1.0098712197669677     
          20          21   1.4007894515131847     
          21          22   1.4215007554180765     
          22          23   1.3782397114334595     
          23          24   1.1138688301216284     
          24          25  0.97532979344290271     
          23          26   1.2152844159147882     
          26          27   1.1081273232934048     
          27          28  0.97746190086117568     
          20          29   1.3840037829785707     
          26          29   1.3900636495568701     
          17          30   1.0001988028680351     
           3          31  0.93533341094929456     
          31          32   1.0082610770429341     
          31          33   1.0079947032379704     
           5          34  0.95995089296815528     
           8          35  0.97333188991593644     
           8          36  0.97669575703035172     
           8          37  0.97283717918559620     
          11          38  0.97211098634367543     
          11          39  0.97671938719441054     
          11          40  0.97232037800393245     
          12          41  0.96271016528151399     
          13          42  0.96327809362595762     
          14          44  0.95840290716377929     
          15          45  0.95598243970926344     
          43          46  0.99201575981357504     
           2          47  0.93242523583459191     
          16          48  0.95506393005954970     
          18          49  0.96357405916925920     
          18          50  0.96782826315217951     
          19          51  0.97094073447053963     
          19          52  0.97178946219362616     
          21          53  0.96777736828801619     
          22          54  0.96272354080152966     
          25          55  0.97187926489509402     
          25          56  0.97183157973954426     
          25          57  0.97648361981765108     
          28          58  0.97646067041314644     
          28          59  0.97263479716203594     
          28          60  0.97262553542351349     
          29          61  0.96199419019514609     
          30          62  0.96851179771278839     
          30          63  0.96823193675920050     
          30          64  0.97879228047484013     
          31          65  0.95967282358139283     
          32          66  0.97814998644753270     
          32          67  0.98035132418546000     
          32          68  0.98134588203247564     
          33          69  0.97042509564070578     
          33          70  0.98084159341334864     
          33          71  0.97786350630227292     
           1          72  0.93624207690368411     
