           1           2   1.9519496642898881     
           2           3  0.99955385022171750     
           3           4  0.96086882416975739     
           4           5   1.3984515978821410     
           5           6   1.3785890378572740     
           6           7   1.0305987849058100     
           7           8   1.2703784242454255     
           6           9   1.2011392241403127     
           9          10   1.1020826103099532     
          10          11  0.97260693658648112     
           9          12   1.3822665531924447     
           4          13   1.3638794890148873     
          12          13   1.4155174464623972     
           3          14  0.95453867629823996     
          14          15  0.98080708866660127     
          15          16   1.0614756274056993     
          16          17   1.4006786105360747     
          17          18  0.98809376916090264     
          18          19  0.96683854213599396     
          19          20   1.0075593750900249     
          20          21   1.4104324193697435     
          21          22   1.4162992006919100     
          22          23   1.3842253599204457     
          23          24   1.1091388791320844     
          24          25  0.97608889797034581     
          23          26   1.2207869547814605     
          26          27   1.1022797289714765     
          27          28  0.97891382531149529     
          20          29   1.3795144067287191     
          26          29   1.3958918482847873     
          17          30  0.99840520156000989     
           3          31  0.94028777840136668     
          31          32   1.0082639670292040     
          31          33   1.0087359768842734     
           8          35  0.95855812312820898     
           8          36  0.96572525901281647     
          34          37  0.92692672457852554     
          11          38  0.97460836373942283     
          11          39  0.97708251847569882     
          11          40  0.97478772090707433     
          12          41  0.96053571227278201     
          13          42  0.95682338830712799     
          14          43  0.96699191259091133     
          14          44  0.97298497711059362     
          15          45  0.95977858093815749     
          15          46  0.92521140715701189     
           2          47  0.89986594967065248     
          16          48  0.95714497424884282     
          18          49  0.96375844011976808     
          18          50  0.96786906022164909     
          19          51  0.97192518251350446     
          19          52  0.97177517270268432     
          21          53  0.96814948134746781     
          22          54  0.96312449670468436     
          25          55  0.97274906582976950     
          25          56  0.97267460781434767     
          25          57  0.97681237468903603     
          28          58  0.97678685137466004     
          28          59  0.97353864185062966     
          28          60  0.97334014457666129     
          29          61  0.96254792118762611     
          30          62  0.96668861538992101     
          30          63  0.96314182188475561     
          30          64  0.97760994187536565     
          31          65  0.95805426033804053     
          32          66  0.97340672968067432     
          32          67  0.98175484558716963     
          32          68  0.98130619463465030     
          33          69  0.97704973890636682     
          33          70  0.98282241075119559     
          33          71  0.97980797358104033     
           1          72  0.94238111460469720     
