           1           2  0.91861253983227109     
           2           3  0.95046736099061024     
           3           4   1.5140183590436467     
           4           5   1.0957171567879185     
           2           6  0.96560879496798990     
           5           6   1.4362482063549631     
           6           7   1.0997272825424735     
           7           8   1.6768464458600669     
           7           9   1.0863501626531016     
           8           9  0.14036946722957788     
           9          10  0.97116937712015283     
           9          11   1.1298868226657290     
           9          12  0.13857269257641197     
          11          12   1.7150760300399672     
           5          13   1.2385112870252843     
          11          13   1.0218651360065649     
          12          13  0.11676546200471946     
          13          14  0.97430907060853600     
           1          15  0.97901113905632187     
           1          16  0.97162006689573521     
           1          17  0.96876560909346776     
           2          18  0.88029672083713706     
          10          19  0.96585015660754592     
          10          20  0.95781567479727481     
          10          21  0.95775024703848466     
          14          22  0.96737283265259943     
          14          23  0.96766589606708453     
          14          24  0.96271998341576348     
           4          25  0.91544117313708184     
