   -0.29534877
    0.07708253
   -0.00753359
   -0.00136590
   -0.08375807
    0.12910250
   -0.23389396
    0.02749763
    0.12859795
   -0.22393266
    0.02591592
   -0.07353599
   -0.05289608
   -0.11615176
   -0.05619203
    0.00535129
    0.01802175
   -0.01843134
   -0.07069971
    0.00030962
   -0.04822512
   -0.06696554
    0.13420691
   -0.21983779
    0.02426186
    0.13354560
   -0.22311189
    0.02669843
   -0.07909916
   -0.07308848
   -0.00427030
   -0.11075776
   -0.11668906
    0.05544573
    0.05490657
    0.08118249
    0.04682999
    0.05771204
    0.08259914
    0.04806742
    0.05129148
    0.04593098
    0.05461030
    0.05811971
    0.10144422
    0.09586581
   -0.00402542
    0.08069143
    0.06944727
    0.07194033
    0.05659921
    0.05524049
    0.04683255
    0.05978476
    0.05522717
    0.05698681
    0.08322446
    0.08261081
    0.04932870
    0.05292672
    0.04753802
    0.07747349
    0.07898850
    0.08208945
    0.04101646
    0.07051434
    0.03964357
    0.05315511
    0.07132977
    0.03781013
    0.05239238
    0.14242055
