           1           2   1.6676833814560994     
           2           3   1.2684029084159514     
           3           4   1.1953607930864707     
           4           5   1.2811898912503041     
           5           6   1.4312984622121974     
           6           7   1.0963411294061982     
           7           8  0.97748288974162134     
           6           9   1.2066814930747369     
           9          10   1.1097262860906525     
          10          11  0.97625990779482541     
           9          12   1.3598618204669197     
           4          13   1.3104183386619881     
          12          13   1.4501791451064465     
          14          15   1.0935861660978945     
          15          16   1.0724319588323925     
          16          17   1.4203473648394538     
          17          18  0.98739499034057054     
          18          19  0.96528315319466673     
          19          20   1.0080786531992558     
          20          21   1.4065332983546468     
          21          22   1.4187669531635942     
          22          23   1.3811446989452099     
          23          24   1.1130236357769734     
          24          25  0.97523190163897666     
          23          26   1.2176591409794641     
          26          27   1.1055323614198431     
          27          28  0.97814527471829638     
          20          29   1.3810886967431228     
          26          29   1.3934807973633470     
          17          30   1.0021885920946145     
           3          31   1.0122473826871385     
          31          32  0.97296669976471517     
          31          33  0.98600232221816431     
           5          34  0.95625839256681155     
           8          35  0.97368635002623338     
           8          36  0.97664075225068969     
           8          37  0.97352652288796349     
          11          38  0.97293337706521377     
          11          39  0.97673248323462647     
          11          40  0.97347515708301724     
          12          41  0.96294969388202711     
          13          42  0.96422276983327770     
          14          43  0.98169198651857781     
          14          44  0.98094485947649512     
          15          45  0.87456380876209361     
          15          46  0.89003019584432597     
           2          47  0.92687552797471451     
          16          48  0.95679897097169531     
          18          49  0.96456740925324480     
          18          50  0.96736514929801531     
          19          51  0.97111534648384068     
          19          52  0.97199479123251364     
          21          53  0.96792654824549440     
          22          54  0.96287459946341136     
          25          55  0.97239141816828556     
          25          56  0.97212087365066924     
          25          57  0.97659490211748146     
          28          58  0.97657822175302900     
          28          59  0.97319357523040884     
          28          60  0.97300874934973325     
          29          61  0.96242772675458033     
          30          62  0.96239112704348084     
          30          63  0.95826110817584997     
          30          64  0.97818563200638620     
          31          65  0.95567158615822523     
          32          66  0.97313797332504826     
          32          67  0.98487465360932358     
          32          68  0.97871345102195528     
          33          69  0.97124423571143614     
          33          70  0.96767363284526553     
          33          71  0.97962987625947506     
           1          72  0.94931277565044969     
