           1           2   1.3028353679283318     
           2           3   1.2607727188191151     
           3           4   1.2461441820189494     
           4           5   1.1920811909444642     
           2           6   1.0926720961324257     
           5           6   1.3505915051894379     
           6           7   1.0834742064229927     
           7           8   1.6867916210050615     
           7           9   1.0935538126257673     
           8           9  0.13889239077432394     
           9          10  0.97152838702252353     
           9          11   1.1259519793067541     
           9          12  0.13309543616386399     
          11          12   1.7080151370001802     
           5          13   1.2198456640558444     
          11          13   1.0329332905922535     
          12          13  0.11750534175397780     
          13          14  0.97530365076261472     
           1          15  0.11827467416564146     
           1          16  0.96473768909728619     
           1          17  0.94994187591772861     
           3          18  0.95388403150885159     
          10          19  0.96492357500979342     
          10          20  0.95637305196642419     
          10          21  0.95717530240525450     
          14          22  0.96709513254713664     
          14          23  0.96824621837987013     
          14          24  0.96248719694484808     
           4          25  0.91877188907148011     
