           1           2  0.98651053116374765     
           2           3   1.3791369020474971     
           3           4   1.2666375602781470     
           4           5   1.1932854287900889     
           2           6   1.1459738454829480     
           5           6   1.3278784398486887     
           6           7   1.1162367207010178     
           7           8   1.6751819627563365     
           7           9  0.98538690239987736     
           8           9  0.10756490532349652     
           9          10   1.3465025764737266     
           9          11   1.0147759337041864     
          11          12   1.7091571825452063     
           5          13   1.1912167030643899     
          11          13   1.0855398052788878     
          12          13  0.13453088443544453     
          13          14  0.97067991381723562     
           1          15  0.95540365677635652     
           1          16  0.96468082154356138     
           1          17  0.96153945556080245     
           3          18  0.95316792629186009     
          10          19  0.95576257430540690     
          10          21  0.96001338490505950     
          14          22  0.97103773606542754     
          14          23  0.97194642010691445     
          14          24  0.96484640247644471     
           4          25  0.91907902881745729     
