   -0.27015409
    0.10089347
    0.00646006
    0.00123491
   -0.08036703
    0.12916947
   -0.23086490
    0.02803234
    0.12831632
   -0.22954147
    0.02734997
   -0.07446477
   -0.05335428
   -0.06425044
   -0.06875827
    0.00725983
    0.00528909
   -0.01216346
   -0.04541180
   -0.05510125
   -0.02751156
   -0.06239194
    0.14504339
   -0.21526239
    0.02490374
    0.14320054
   -0.22807886
    0.02664141
   -0.14146421
   -0.06823500
   -0.00717689
   -0.11856264
   -0.11879787
    0.05126449
    0.05335763
    0.08069873
    0.04651622
    0.05448323
    0.08051802
    0.04768637
    0.05137268
    0.03765772
    0.06040711
    0.05375548
    0.06583478
    0.07879411
    0.00461449
    0.06847243
    0.06802985
    0.06740251
    0.06936782
    0.06484223
    0.05884532
    0.06884689
    0.05238842
    0.05657570
    0.08273178
    0.07864581
    0.05089186
    0.05352391
    0.06132691
    0.07640251
    0.07623478
    0.08057985
    0.03672679
    0.06804719
    0.03501101
    0.05084177
    0.06096605
    0.03455155
    0.05431499
    0.15558956
