   -0.27009141
    0.09966080
    0.00601406
    0.00930699
   -0.07977097
    0.13619737
   -0.23142783
    0.02519362
    0.09990934
   -0.10078925
    0.03443161
   -0.06230717
   -0.05182446
   -0.06520975
   -0.06878518
    0.00374087
    0.00931845
   -0.01647469
   -0.07050839
   -0.00043776
   -0.04893143
   -0.06752854
    0.13352235
   -0.22157322
    0.02488372
    0.13312834
   -0.22437596
    0.02707368
   -0.07950614
   -0.06945267
   -0.00720719
   -0.11899757
   -0.11935450
    0.05784027
    0.05633475
    0.08446461
    0.05017233
    0.06879428
   -0.14064678
    0.11712571
    0.05698740
    0.04645355
    0.05981456
    0.05551469
    0.06307656
    0.07942388
    0.00490511
    0.06885129
    0.06695259
    0.06760301
    0.05516229
    0.05546826
    0.04490351
    0.05854418
    0.05421930
    0.05605040
    0.08254285
    0.08212186
    0.04862492
    0.05269716
    0.04712787
    0.07592975
    0.07556317
    0.08029890
    0.03584904
    0.06924413
    0.03247028
    0.05204677
    0.06238581
    0.03515404
    0.05505191
    0.15704868
