           1           2  0.98775267215957074     
           2           3   1.3311502412768301     
           3           4   1.2576549070258458     
           4           5   1.1782608753896522     
           2           6   1.1538980959783678     
           5           6   1.3351759021799503     
           6           7   1.1059654070114202     
           7           8   1.6382884449736785     
           7           9   1.0380494419178652     
           8           9  0.13478578032514543     
           9          10  0.96979897177727881     
           9          11   1.2432099182764031     
          11          12   1.1448740907290671     
           5          13   1.1120506170251345     
          11          13   1.1553821432732096     
          11          14  0.11168213697242477     
          13          14   1.1846518551584460     
           1          15  0.95990362375444382     
           1          16  0.96333265355086484     
           1          17  0.96142704688796288     
           3          18  0.95548021593509980     
          10          19  0.96477015735325111     
          10          20  0.96574597883165147     
          10          21  0.96472985945164180     
          14          22  0.97436192448586123     
          14          23  0.96148861902461147     
          12          24  0.82687480445026107     
           4          25  0.91965457049544563     
