   -0.26626519
    0.10160909
    0.00686498
    0.00439033
   -0.07953160
    0.12756422
   -0.23138331
    0.02756618
    0.12671767
   -0.22937709
    0.02671723
   -0.07432592
   -0.05130839
   -0.06358026
   -0.06718931
   -0.04166593
    0.10135838
   -0.10755633
   -0.09139545
    0.02406452
   -0.03603196
   -0.06205615
    0.14143058
   -0.20288481
    0.02178716
    0.13568772
   -0.22984118
    0.02666338
   -0.07729087
   -0.07762654
   -0.00719701
   -0.11730086
   -0.11956960
    0.05350528
    0.05456697
    0.08102064
    0.04723075
    0.05605110
    0.08098016
    0.04794615
    0.05343462
    0.04254196
    0.05703660
    0.05210412
    0.05709355
    0.06502937
    0.01484606
    0.05622339
    0.06057157
    0.05807984
    0.05318774
    0.04948343
    0.05884334
    0.06041136
    0.05967380
    0.06192748
    0.08603517
    0.08128582
    0.04888179
    0.05431621
    0.05541593
    0.08216686
    0.08318266
    0.08416353
    0.03710939
    0.06732879
    0.03449048
    0.05094756
    0.06527225
    0.03655895
    0.05353422
    0.15847744
