           1           2   1.9561213487534523     
           2           3  0.99196378022625542     
           3           4  0.97546841160584707     
           4           5   1.3686352248437377     
           5           6   1.3993113254703222     
           6           7   1.0975395963724810     
           7           8  0.97777981719237017     
           6           9   1.2224339078859112     
           9          10   1.1002801648313183     
          10          11  0.97758802516857868     
           9          12   1.3883715035834314     
           4          13   1.4107833471656819     
          12          13   1.4057707056110174     
           3          14  0.95141326534151005     
          14          15  0.98275486098140108     
          15          16   1.0513409893498562     
          16          17   1.3522105880140045     
          16          18  0.21722286567000124     
          17          18   1.3661160970764836     
          19          20   1.5004864225031669     
          20          21   1.2065531900449740     
          21          22   1.5225128822695013     
          22          23   1.3159981520713542     
          23          24   1.1428971265126371     
          24          25  0.97167609192049953     
          23          26   1.1721872439440755     
          26          27   1.0984556900258564     
          27          28  0.97783264025022021     
          20          29   1.1989346737645834     
          26          29   1.4824313560633871     
          17          30  0.98387302596802051     
           3          31  0.94319307215540926     
          31          32   1.0080061083569150     
          31          33   1.0084540165693849     
           5          34  0.95788321186233971     
           8          35  0.97356750167982264     
           8          36  0.97665648379294945     
           8          37  0.97323030800398513     
          11          38  0.97304529261223360     
          11          39  0.97689697494462868     
          11          40  0.97346887102899637     
          12          41  0.96336554355781734     
          13          42  0.96199782682875146     
          14          43  0.96808272567405917     
          14          44  0.97287887925423189     
          15          45  0.96210278361554413     
          15          46  0.93948447104771904     
           2          47  0.91418944793139811     
          16          48  0.95974382359095844     
          18          49  0.97479209992711302     
          18          50  0.97443405610380007     
          19          51  0.97862645166620499     
          19          52  0.97889772646980833     
          21          53  0.96695978987724907     
          22          54  0.96131417024755861     
          25          55  0.97128687294226890     
          25          56  0.97101498243387419     
          25          57  0.97633992945759740     
          28          58  0.97692311591013925     
          28          59  0.97363735491802039     
          28          60  0.97297960674068495     
          29          61  0.96172683612322485     
          30          62  0.97057323072094415     
          30          63  0.96243674283763436     
          30          64  0.97702390573017539     
          31          65  0.95847419125243549     
          32          66  0.97331871063906827     
          32          67  0.98148410099985373     
          32          68  0.98105570992794378     
          33          69  0.97344511343086171     
          33          70  0.98229539054411785     
          33          71  0.97952549992563398     
           1          72  0.94040588237029299     
