   -0.27350078
    0.09822489
    0.00529156
    0.00961904
   -0.09480941
    0.13354118
   -0.24332348
    0.02776918
    0.07846775
   -0.07234984
   -0.00008110
   -0.06652827
   -0.06845629
   -0.06437551
   -0.06799266
    0.00142832
    0.00417661
   -0.01527398
   -0.07015603
   -0.00176864
   -0.04977843
   -0.06821133
    0.13220965
   -0.22554944
    0.02607320
    0.13167467
   -0.22832277
    0.02854269
   -0.08020447
   -0.06791823
   -0.00765356
   -0.11898776
   -0.11862159
    0.05220713
    0.05423150
    0.08011715
    0.04829049
    0.07208328
    0.08497353
    0.05405699
    0.05553340
    0.03862987
    0.05891015
    0.05362194
    0.06374947
    0.07676523
    0.00452658
    0.06641918
    0.06423662
    0.06657390
    0.05397280
    0.05374825
    0.04359415
    0.05677082
    0.05251563
    0.05424986
    0.08063070
    0.08006051
    0.04643305
    0.05060536
    0.04467520
    0.07348560
    0.07626066
    0.07630402
    0.03590039
    0.06820489
    0.03242480
    0.04972707
    0.06074321
    0.03397472
    0.05294857
    0.15468816
