           1           2   2.1711405821865077     
           2           3   1.0699921638387497     
           3           4  0.96076006914055667     
           4           5   1.3745031947228576     
           5           6   1.3979518707675682     
           6           7   1.1028423346923621     
           7           8  0.97739114542564987     
           6           9   1.2219787515119866     
           9          10   1.1058316432670550     
          10          11  0.97680240755856307     
           9          12   1.3901800750524154     
           4          13   1.4153147673673578     
          12          13   1.4073809210088644     
           3          14  0.91905559813250459     
          14          15   1.0100339647687309     
          15          16  0.99585226760929291     
          16          17   1.0089341198905959     
          17          18   1.0050034741662599     
          18          19  0.97244740286285125     
          19          20   1.0141506366433708     
          20          21   1.3946601926717277     
          21          22   1.4232752299079490     
          22          23   1.3767394609253349     
          23          24   1.1105569485154769     
          24          25  0.97618764589850504     
          23          26   1.2143521216973461     
          26          27   1.1059839715840933     
          27          28  0.97801607505674315     
          20          29   1.3839038664200043     
          26          29   1.3899770629479122     
          17          30   1.0176158701499234     
           3          31  0.88984379058695917     
          31          32   1.0111407802963934     
          31          33   1.0140897081399651     
           5          34  0.95797970429529533     
           8          35  0.97367520415844211     
           8          36  0.97657365174331368     
           8          37  0.97330502243818451     
          11          38  0.97327946874590787     
          11          39  0.97684959756314271     
          11          40  0.97355191972851740     
          12          41  0.96314349866343996     
          13          42  0.95441820216153017     
          14          43  0.96359542024871980     
          14          44  0.97263605184780511     
          15          45  0.96808177012714425     
          15          46  0.97003483125603096     
          16          47  0.94029532010432904     
          16          48  0.96997531854212471     
          18          49  0.96023461136390553     
          18          50  0.97046690125134516     
          19          51  0.96969709416896577     
          19          52  0.96688165894936451     
          21          53  0.96733535268024073     
          22          54  0.96270952187844983     
          25          55  0.97170349678847601     
          25          56  0.97198859300199514     
          25          57  0.97664607002059556     
          28          58  0.97671643118557760     
          28          59  0.97257421896290841     
          28          60  0.97241941425691469     
          29          61  0.96169508239155821     
          30          62  0.97504174698281099     
          30          63  0.96535230197029098     
          30          64  0.97735050017582337     
          31          65  0.95377676967758029     
          32          66  0.98369083561800763     
          32          67  0.98222397903494896     
          32          68  0.98127527867088993     
          33          69  0.98029579840499359     
          33          70  0.98335824157688367     
          33          71  0.97814106279391122     
           1          72  0.90101333573028919     
