   -0.26960170
    0.10148832
    0.00681231
    0.00433866
   -0.07909187
    0.13021510
   -0.22862801
    0.02729866
    0.12907557
   -0.22766589
    0.02681313
   -0.07386205
   -0.05343096
   -0.06546034
   -0.06519158
   -0.03841573
    0.07425424
   -0.04553142
   -0.06296968
   -0.01301303
   -0.04136663
   -0.06215761
    0.13790954
   -0.19540851
    0.02011996
    0.13478486
   -0.23318881
    0.02553569
   -0.08686167
   -0.07583966
   -0.00702011
   -0.11877053
   -0.11731189
    0.05370547
    0.05411405
    0.08124209
    0.04834303
    0.05509439
    0.08113301
    0.04837732
    0.05182634
    0.03972628
    0.05525774
    0.05221345
    0.05565970
    0.06806268
    0.00991825
    0.05248169
    0.05606015
    0.05192824
    0.06545167
    0.06042316
    0.05030759
    0.06237531
    0.06378077
    0.06058163
    0.08844829
    0.08295622
    0.05190311
    0.04904254
    0.05002811
    0.07914448
    0.08406187
    0.08214958
    0.03720276
    0.06983161
    0.03526134
    0.05085940
    0.05933013
    0.03553267
    0.05356773
    0.15475779
