           1           2  0.98305980090466238     
           2           3   1.3932055129336913     
           3           4   1.3158064271312357     
           4           5   1.1524138620916897     
           2           6   1.1818958907679329     
           5           6   1.2591751923665149     
           6           7   1.0764092817428879     
           7           8   1.6381596428403702     
           7           9   1.1426999877615744     
           8           9  0.13985037114110729     
           9          10  0.98753192510930832     
           9          11   1.0299972251143350     
          11          12   1.6491055039666676     
           5          13   1.3793814215938225     
          11          13   1.1787056789872561     
           1          15  0.95912635787783906     
           1          16  0.95888117255814254     
           1          17  0.96075376384989630     
           3          18  0.95136984695462889     
          10          19  0.96112264454988938     
          10          20  0.94951673127887193     
          10          21  0.95015291738644403     
          14          22  0.98006541149890025     
          14          23  0.98014011950114466     
          14          24  0.97304029605678000     
           4          25  0.91601060993719108     
