   -0.28157765
    0.09603080
    0.00537129
    0.01506695
   -0.07860734
    0.13798745
   -0.24609055
    0.02654397
    0.07427788
   -0.12130249
   -0.14908377
   -0.05419990
   -0.05172219
   -0.06529592
   -0.06685897
   -0.00589340
   -0.00041505
   -0.01494917
   -0.06996795
   -0.00262010
   -0.05066668
   -0.06895572
    0.13090852
   -0.22906170
    0.02723194
    0.13060495
   -0.23141507
    0.02937292
   -0.08075732
   -0.06629658
   -0.00715660
   -0.11861446
   -0.11919271
    0.06110397
    0.05442926
    0.08112951
    0.05064744
    0.34419194
    0.02636007
    0.02837943
    0.06634534
    0.05367026
    0.05524148
    0.05587591
    0.05846351
    0.07247082
    0.00365334
    0.06302126
    0.06397492
    0.06531618
    0.05255867
    0.05272750
    0.04179540
    0.05481975
    0.05070988
    0.05263497
    0.07886142
    0.07841906
    0.04536883
    0.04942810
    0.04381563
    0.07143077
    0.07202177
    0.07872065
    0.03177959
    0.06910025
    0.02736088
    0.04944064
    0.06291651
    0.03425312
    0.05259442
    0.15227215
