           1           2  0.99151139632653351     
           2           3   1.2935339913383488     
           3           4   1.2577606551603415     
           4           5   1.1255260199304549     
           2           6   1.1163116887449345     
           5           6   1.3030920439260221     
           6           8   1.1067391072933965     
           7           8   1.0500259141634125     
           7           9   1.1960845027055340     
           9          10  0.96608351463820585     
           7          11  0.19165204286133819     
           9          11   1.1971647014767997     
          10          12  0.96827807918143960     
          11          12  0.99450166985050581     
           5          13   1.1282030921977202     
          11          13   1.1566002720295256     
          13          14  0.97523842622830914     
           1          15  0.96173288161373405     
           1          16  0.97254813374479698     
           1          17  0.97070499604486815     
           3          18  0.95808165105128229     
           7          19  0.95428908278948732     
          10          20  0.95682949276768825     
          10          21  0.95773572308024790     
          14          22  0.97292048607852633     
          14          23  0.97281006209997245     
          14          24  0.97299410193428348     
           4          25  0.92533623311445756     
