           1           2  0.98993256839505728     
           2           3   1.3329959289188553     
           3           4   1.2376654354234069     
           4           5   1.1838491738154049     
           2           6   1.1293509711264913     
           5           6   1.2879676910890037     
           6           7   1.1657853522717319     
           7           8   1.6605203422756649     
           7           9  0.91264298152955869     
           8           9  0.10205385628133218     
           9          10   1.3021834092644766     
           9          11   1.2105111024951434     
          10          11  0.14528493266219195     
          11          12   1.1030362692950444     
           5          13   1.1835617423733071     
          11          13   1.1437392105797937     
          13          14  0.97521683826984051     
           1          15  0.96139777510705660     
           1          16  0.96374276927894842     
           1          17  0.96273166019656342     
           3          18  0.95676134807453539     
          10          19  0.96149688609303496     
          10          20  0.96559656040932984     
          12          21  0.84066356104799811     
          14          22  0.97082810132690045     
          14          23  0.96883812240023970     
          14          24  0.96759288322206749     
           4          25  0.92435027728112673     
