           1           2   1.9570071409527896     
           2           3  0.99423599767510240     
           3           4  0.97030383523054686     
           4           5   1.3679779294766254     
           5           6   1.4011157362868396     
           6           7   1.0988909994953147     
           7           8  0.97816193644854832     
           6           9   1.2216631526398398     
           9          10   1.1021308025723577     
          10          11  0.97720864890815640     
           9          12   1.3914394054272128     
           4          13   1.4139450418338610     
          12          13   1.4042640691402748     
           3          14  0.95641991168021523     
          14          15  0.98274086522452209     
          15          16   1.0592670081069875     
          16          17   1.4121025501549960     
          17          18  0.98579081586166462     
          18          19  0.96817615782862110     
          19          20  0.99290702958009902     
          20          21   1.2168317676184173     
          21          22   1.3942145793522396     
          22          23   1.4403688840183719     
          23          24   1.1730591489204740     
          24          25  0.96019382727618285     
          23          26  0.94108991569072964     
          26          27  0.94442311619375552     
          27          28  0.99185968434533567     
          20          29   1.6243871667639247     
          26          29   1.0263821200292933     
          17          30  0.99799253192743798     
           3          31  0.94256641649368911     
          31          32   1.0083346669634063     
          31          33   1.0087917033217335     
           5          34  0.95789955416161843     
           8          35  0.97349196772014190     
           8          36  0.97665021510360273     
           8          37  0.97345872457681382     
          11          38  0.97335214752650123     
          11          39  0.97687582333030953     
          11          40  0.97343824781137378     
          12          41  0.96361869717204829     
          13          42  0.96239177166773615     
          14          43  0.96836591360562396     
          14          44  0.97226288512671188     
          15          45  0.96045650663994953     
          15          46  0.92636747485528792     
           2          47  0.90103705641796006     
          16          48  0.95722024171655362     
          18          49  0.96401446622268971     
          18          50  0.96704574239131424     
          19          51  0.97192771729735916     
          19          52  0.97300169223301369     
          21          53  0.96126108984460124     
          22          54  0.95288512225536670     
          25          55  0.97142147376674559     
          25          56  0.97211618928506194     
          25          57  0.97644437576930676     
          28          58  0.97440840848351340     
          28          59  0.97183340094724968     
          28          60  0.97183146358082928     
          26          61  0.91880692137650177     
          30          62  0.96602455033192192     
          30          63  0.96234319438286497     
          30          64  0.97679814877474935     
          31          65  0.96005294398947261     
          32          66  0.97419729497496510     
          32          67  0.98177607258510846     
          32          68  0.98136162096216373     
          33          69  0.97614594676728461     
          33          70  0.98295239948673296     
          33          71  0.98008364622030519     
           1          72  0.94151843140639024     
