   -0.09531679
    0.03472396
    0.02189162
   -0.02539184
    0.12508103
   -0.06142924
   -0.30100370
    0.03049989
    0.16135926
   -0.21857340
    0.02263618
   -0.08665433
   -0.01379282
   -0.06932910
   -0.07892959
    0.09265964
   -0.14598400
    0.00149098
   -0.07384322
    0.00535599
   -0.04768746
   -0.06725978
    0.13241044
   -0.22271555
    0.02562278
    0.13271397
   -0.22507859
    0.02755762
   -0.07760012
   -0.04820593
   -0.01739867
   -0.11755988
   -0.11371956
    0.03336563
    0.04273243
    0.05009430
    0.07007895
    0.06261557
    0.08526377
    0.05403843
    0.04174812
    0.05692114
    0.07408018
    0.05500134
    0.07863474
    0.06895397
    0.07634023
    0.06430581
    0.02630983
    0.04281988
    0.06156357
    0.05372921
    0.04653429
    0.05701334
    0.05330905
    0.05590136
    0.08138263
    0.08075145
    0.04876608
    0.05316994
    0.04853423
    0.05677893
    0.03430259
    0.05703223
    0.05048478
    0.04221292
    0.04252048
    0.05679245
    0.03603647
    0.04458418
    0.05981039
    0.18895535
