   -0.27557281
    0.09878423
    0.00776847
    0.02140783
   -0.07009655
    0.13953800
   -0.19484010
    0.01975581
    0.13375646
   -0.23399897
    0.02415529
   -0.08069936
   -0.06369586
   -0.06092298
   -0.07757855
    0.00816794
   -0.04808251
   -0.00606340
   -0.07143971
    0.00559256
   -0.04551486
   -0.06624973
    0.13385055
   -0.21979354
    0.02466065
    0.13362705
   -0.22321132
    0.02727616
   -0.07836521
   -0.05610224
   -0.00728065
   -0.12132150
   -0.11620257
    0.06431106
    0.06318990
    0.08946986
    0.06088026
    0.05404620
    0.08367353
    0.04930501
    0.06027398
    0.09630778
    0.05487848
    0.05195209
    0.07433651
    0.03537006
    0.01104161
    0.04722771
    0.05266815
    0.05662425
    0.05465509
    0.05510125
    0.05079985
    0.05937326
    0.05500032
    0.05751332
    0.08248539
    0.08170416
    0.04880015
    0.05360121
    0.04765699
    0.06236629
    0.05695759
    0.06594187
    0.03689511
    0.07343349
    0.03131359
    0.05230168
    0.05759405
    0.03745124
    0.05433664
    0.15785245
