           1           2   1.9564510050318167     
           2           3  0.99331558683654408     
           3           4  0.98898322955183871     
           4           5   1.5517936128879144     
           5           6   1.2903828096738303     
           6           7   1.1581675309194857     
           7           8  0.96873314057778426     
           6           9   1.1298539720525165     
           9          10   1.0951278946313063     
          10          11  0.97581670618573191     
           9          12   1.5794306801707667     
          10          12  0.10732907348788127     
           4          13   1.0433200482777569     
          12          13   1.0474072703946222     
           3          14  0.91514086289887175     
          14          15   1.0386448771888162     
          15          16   1.6746325735318401     
          16          17   1.2124366822135788     
          17          18   1.0049861007013683     
          18          19  0.96561027177423941     
          19          20   1.0127991850691220     
          20          21   1.4032888569168687     
          21          22   1.4176998024854377     
          22          23   1.3805964685987018     
          23          24   1.1113833672141231     
          24          25  0.97588377600373255     
          23          26   1.2135584682116634     
          26          27   1.1043172104046268     
          27          28  0.97867321525048234     
          20          29   1.3769368320577808     
          26          29   1.3959384066866412     
          17          30   1.0068202191743656     
           3          31  0.93937696324893294     
          31          32   1.0073843280564057     
          31          33   1.0098943711592674     
           5          34  0.95255824691348479     
           8          35  0.97201342579964922     
           8          36  0.97566675732435892     
           8          37  0.97075665836360026     
          11          38  0.97423208830313801     
          11          39  0.97666386813208106     
          11          40  0.97459484870192059     
          12          41  0.96260668402210658     
          13          42  0.90125757159592079     
          14          43  0.96185293972102159     
          14          44  0.96791593227554618     
          13          45  0.92138417384924931     
          15          46  0.96296823677311838     
           2          47  0.92889944052866846     
          16          48  0.95377238741297221     
          18          49  0.96287369208820095     
          18          50  0.96931851890100029     
          19          51  0.97414052187081990     
          19          52  0.96657875254965264     
          21          53  0.96713278098316924     
          22          54  0.96272091309627095     
          25          55  0.97221054729362244     
          25          56  0.97162290066871138     
          25          57  0.97664968221888004     
          28          58  0.97670356855913698     
          28          59  0.97312794341599640     
          28          60  0.97250786527460342     
          29          61  0.96185049023843727     
          30          62  0.97002956769108628     
          30          63  0.97059886699953168     
          30          64  0.97994697966593158     
          31          65  0.95882217299815953     
          32          66  0.97208641275619601     
          32          67  0.98212565353005288     
          32          68  0.98139820455764126     
          33          69  0.97854903858802933     
          33          70  0.98217224941459857     
          33          71  0.97997263715510763     
           1          72  0.94189899632834884     
