           1           2  0.98706464067320154     
           2           3   1.3741490275895183     
           3           4   1.2951586343518464     
           4           5   1.1757562264602546     
           2           6   1.1978986701833205     
           5           6   1.4640343565252918     
           6           7  0.91492851819300558     
           7           8   1.5369244722554412     
           7           9   1.4154163954888024     
           8           9  0.16521913546650774     
           9          10   1.0598983425651314     
          11          12   2.0125551926650873     
           5          13   1.0433252423767900     
          11          13   1.3767767259604471     
          12          13  0.16395140268466557     
          13          14  0.91645089512403421     
           1          15  0.95551403865173068     
           1          16  0.97424163660176577     
           1          17  0.94743170509427754     
           3          18  0.95205648012941635     
          10          19  0.92956835286647710     
          10          20  0.92792093625349770     
          10          21  0.95518432816024279     
          14          22  0.96869985084431409     
          14          23  0.96913093348649881     
          14          24  0.97281296095970704     
           4          25  0.91634111257107642     
