           1           2  0.99464836718772243     
           2           3   1.2685450210909976     
           3           4   1.4872157453014232     
           4           5   1.2664156558026165     
           2           6   1.2175029250125879     
           5           6   1.2540503135997070     
           6           7   1.0753449801216040     
           7           8   1.6738906663950355     
           7           9   1.1000493267567943     
           8           9  0.12677378713801074     
           9          10  0.97939441719798337     
           9          11   1.1067121901510255     
           9          12  0.11688442429485042     
          11          12   1.6848653318855331     
           5          13   1.2088963479661452     
          11          13   1.0688298072229065     
          12          13  0.10108326399437698     
          13          14  0.98296147766974618     
           1          15  0.94755874781352012     
           1          16  0.95699774065350085     
           1          17  0.95992412336512734     
           3          18  0.95435043147893650     
          10          19  0.95966378612291225     
          10          20  0.94289660341665116     
          10          21  0.94335886036633254     
          14          22  0.94844249971797101     
          14          23  0.94788662193380002     
          14          24  0.96233714583401919     
