           1           2  0.98640893801350638     
           2           3   1.3793095509113660     
           3           4   1.2665879855764448     
           4           5   1.1938786208961485     
           2           6   1.1464114617341250     
           5           6   1.3281277981587305     
           6           7   1.1157822476195829     
           7           8   1.6756375586845238     
           7           9  0.98620790705952155     
           8           9  0.10771734351522580     
           9          10   1.3412259693142254     
           9          11   1.0170446222669407     
          11          12   1.7072926137404139     
           5          13   1.1906626612428908     
          11          13   1.0870240194930241     
          12          13  0.13445299511290554     
          13          14  0.97023774969735277     
           1          15  0.95528092656122410     
           1          16  0.96476160958077517     
           1          17  0.96142448571692352     
           3          18  0.95314715830202579     
          10          19  0.95847164732130841     
          10          21  0.95623195879138789     
          14          22  0.97129762194602587     
          14          23  0.97184098462742785     
          14          24  0.96465169354115865     
           4          25  0.91900783316379331     
