   -0.26132336
    0.10214867
    0.00707032
    0.00292014
   -0.07886777
    0.13235547
   -0.22174085
    0.02585619
    0.13389974
   -0.21713540
    0.02333468
   -0.06771677
   -0.04608540
   -0.06645868
   -0.06981052
    0.02244044
    0.05874845
   -0.02871464
   -0.06642088
    0.01298245
   -0.03631593
   -0.06498495
    0.14382994
   -0.22093218
    0.02134457
    0.10603342
   -0.07366571
    0.05708426
   -0.05537223
   -0.08090004
   -0.00745204
   -0.11840186
   -0.12045361
    0.05311831
    0.05619747
    0.08421555
    0.05019613
    0.05948550
    0.08457700
    0.05770990
    0.06261834
    0.04950763
    0.06236441
    0.05733642
    0.07303073
    0.08766375
    0.01344152
    0.07807269
    0.13349111
    0.05874092
    0.05313123
    0.06911185
    0.06028147
    0.06787283
    0.05977842
    0.06071315
    0.08636042
    0.11109787
   -0.68440229
    0.12571260
    0.10860860
    0.07704257
    0.07288350
    0.14100330
    0.03965779
    0.06911943
    0.03703581
    0.05369410
    0.06536851
    0.03636768
    0.05735139
    0.16314644
