           1           2   1.9595789978512703     
           2           3  0.99171191840987782     
           3           4  0.97161148749747139     
           4           5   1.3738763260494489     
           5           6   1.3934505546619900     
           6           7   1.1075592744407434     
           7           8  0.97698337010017933     
           6           9   1.2109661856184262     
           9          10   1.1166770595969753     
          10          11  0.97400025254287725     
           9          12   1.3787200698541182     
           4          13   1.4001022805409526     
          12          13   1.4170197288720658     
           3          14  0.95565579410600843     
          14          15  0.98980502594870523     
          15          16   1.0580224792892465     
          16          17   1.5275712231209315     
          17          18  0.98471863300125340     
          18          19  0.96449709901607383     
          19          20   1.0105257116937827     
          20          21   1.3910898482907859     
          21          22   1.4322407200258793     
          22          23   1.3641369444707885     
          23          24   1.1250238124073295     
          24          25  0.96912294241785002     
          23          26   1.2314538025631696     
          26          27   1.0303880368960572     
          27          28   1.3550148621672402     
          20          29   1.4026883922312252     
          26          29   1.3753005494776418     
          17          30  0.99348453609872944     
           3          31  0.94163772605900153     
          31          32   1.0080470774183548     
          31          33   1.0080414638466317     
           5          34  0.95701924354928347     
           8          35  0.97209243512216170     
           8          36  0.97608173147867527     
           8          37  0.97237209002432379     
          11          38  0.97134859493966208     
          11          39  0.97628493833704311     
          11          40  0.97131311907165119     
          12          41  0.96206653786268448     
          13          42  0.96074306202524085     
          14          43  0.96736353201583580     
          14          44  0.97023983510205281     
          15          45  0.95289362497124053     
          15          46  0.92208250432596861     
           2          47  0.90832584499222668     
          16          48  0.95344945610716847     
          18          49  0.91856401876170624     
          18          50  0.97002544958149572     
          19          51  0.97502137854693904     
          19          52  0.96231446774178897     
          21          53  0.96619066064448589     
          22          54  0.96190193781957367     
          25          55  0.97291961218449430     
          25          56  0.97299706672194786     
          25          57  0.97628393135999214     
          28          58  0.96068850779685988     
          28          60  0.94405831472569335     
          29          61  0.93409912717733190     
          30          62  0.95836373626411098     
          30          63  0.96464597152680265     
          30          64  0.93298864505271439     
          31          65  0.95828264857662449     
          32          66  0.97232298154794727     
          32          67  0.98049885451539531     
          32          68  0.98017785865523444     
          33          69  0.97309924425104111     
          33          70  0.98158241877694796     
          33          71  0.97839854761941736     
           1          72  0.93866938385201393     
