   -0.26119651
    0.09716757
    0.00825005
    0.00980196
   -0.07462464
    0.13431567
   -0.21910113
    0.02498901
    0.13438890
   -0.21650294
    0.02391486
   -0.06787651
   -0.04423580
   -0.06593273
   -0.06934466
   -0.00251086
   -0.12398862
   -0.00043564
   -0.05017638
    0.01622367
   -0.03569993
   -0.06087919
    0.14404936
   -0.19749478
    0.01970474
    0.13629907
   -0.22639530
    0.02664936
   -0.07728151
   -0.04084751
   -0.00741846
   -0.11743829
   -0.11886401
    0.05766410
    0.05668478
    0.08433650
    0.05343819
    0.05887908
    0.08462275
    0.05551167
    0.05837163
    0.04807035
    0.05356718
    0.05309303
    0.05110566
    0.04983213
    0.04752183
    0.05161869
    0.05331926
    0.05793892
    0.04886869
    0.03908189
    0.05988062
    0.06466511
    0.06383783
    0.06364914
    0.08881641
    0.08381436
    0.05281177
    0.04950138
    0.05359469
    0.03885186
    0.05643266
    0.04844354
    0.04012902
    0.06784365
    0.03573872
    0.05265755
    0.06546542
    0.03923020
    0.05585149
    0.15774941
