           1           2   1.9504625632786499     
           2           3  0.98948425721249711     
           3           4  0.97585823478512057     
           4           5   1.3773593307347947     
           5           6   1.3904748711119914     
           6           7   1.1104942610952686     
           7           8  0.97643143397634269     
           6           9   1.2088262161042707     
           9          10   1.1155446982724864     
          10          11  0.97497475987681770     
           9          12   1.3762641500396411     
           4          13   1.3911201627593022     
          12          13   1.4198509458551747     
           3          14  0.95032930867186560     
          14          15   1.0041185803264154     
          15          16  0.99331789760900391     
          16          17  0.99905809147886049     
          17          18  0.97370505285012054     
          18          19   1.0256182205908755     
          19          20   1.4461581438457245     
          20          21   1.2107082597983823     
          21          22   1.5221251967329281     
          22          23   1.3144853498093338     
          23          24   1.1520344953387565     
          24          25  0.96922964070152506     
          23          26   1.1711133362391457     
          26          27   1.1024168929297009     
          27          28  0.97763076952755579     
          20          29   1.2128659427700479     
          26          29   1.4743166949558308     
          17          30   1.0177827637101202     
           3          31  0.94093131296506050     
          31          32   1.0076636788580295     
          31          33   1.0073838370590884     
           5          34  0.95668899897509119     
           8          35  0.97170044581920778     
           8          36  0.97606921885308984     
           8          37  0.97161879822502195     
          11          38  0.97134332273177137     
          11          39  0.97630232364941061     
          11          40  0.97156920338165564     
          12          41  0.96245644264717012     
          13          42  0.96131854879893086     
          14          43  0.96750616538827439     
          14          44  0.96843992364441156     
          15          45  0.96567349372312283     
          15          46  0.97544451787642661     
           2          47  0.90810660467033155     
          16          48  0.96887745952120419     
          18          49  0.96191875321455855     
          18          50  0.95460953698717188     
          19          51  0.96657029610430467     
          16          52  0.96143125263339724     
          21          53  0.96621846586347104     
          22          54  0.96053328209631272     
          25          55  0.97074402242102753     
          25          56  0.97018288940690212     
          25          57  0.97590122230037979     
          28          58  0.97635562409610632     
          28          59  0.97293074620913533     
          28          60  0.97317590283891187     
          29          61  0.95639230648192330     
          30          62  0.96478234052342027     
          30          63  0.97555614296282456     
          30          64  0.97856500272352531     
          31          65  0.95579612735461961     
          32          66  0.97104674664960855     
          32          67  0.97972705231838741     
          32          68  0.97987571098736170     
          33          69  0.97143505318132761     
          33          70  0.98085850843970057     
          33          71  0.97765167200749370     
           1          72  0.93846930202976020     
