           1           2   1.3349359893975918     
           2           3   1.2455808989308648     
           3           4   1.2603648450744587     
           4           5   1.1779263050080471     
           2           6   1.0892332157760771     
           5           6   1.3631860161549743     
           6           7   1.0755447097162603     
           7           8   1.6918580747846099     
           7           9   1.1027507285739351     
           8           9  0.15035529261844255     
           9          10  0.96763532384123929     
           9          11   1.1279153290012016     
           9          12  0.14123346809791923     
          11          12   1.7177259156997948     
           5          13   1.2280030580373646     
          11          13   1.0230481901981336     
          12          13  0.12168775067516108     
          13          14  0.97505768591008668     
           1          15  0.95331637221900711     
           1          16  0.96661935306876423     
           3          18  0.95427854556005842     
          10          19  0.97007212331075043     
          10          20  0.96614565445199463     
          10          21  0.96636399955939500     
          14          22  0.97099783680804097     
          14          23  0.97048978104274974     
          14          24  0.96360954073253213     
           4          25  0.91901295813558526     
