   -0.21945461
    0.04286197
    0.00841843
   -0.01981827
   -0.06943032
    0.12405217
   -0.19239891
    0.01878036
    0.12665292
   -0.23617181
    0.02768514
   -0.07541273
   -0.02111704
   -0.06362954
   -0.06995398
    0.09890806
   -0.13956734
    0.00374407
   -0.07251455
    0.00919139
   -0.04488871
   -0.06569667
    0.13407176
   -0.21826797
    0.02431730
    0.13427759
   -0.22117258
    0.02646985
   -0.07653152
   -0.04036446
   -0.01566374
   -0.11202730
   -0.11464783
    0.08806523
    0.06381564
    0.09328843
    0.06245064
    0.05377010
    0.08246446
    0.04942773
    0.05599463
    0.08786180
    0.04795316
    0.06079474
    0.04584513
    0.05634600
    0.05808462
    0.05147251
    0.03102547
    0.04817664
    0.06004704
    0.05434761
    0.05189520
    0.05959780
    0.05609518
    0.05764470
    0.08290752
    0.08203579
    0.05086719
    0.05484461
    0.05159494
    0.05634413
    0.05246261
    0.03247681
    0.04211378
    0.04144656
    0.03348140
    0.05257636
    0.04657929
    0.04237760
    0.05490005
    0.15582576
