           1           2   1.0004641848407447     
           2           3   1.2399578894489391     
           3           4   1.1735232198058947     
           3           5  0.11965219726012434     
           4           5   1.2116491530197848     
           2           6   1.1051445057820930     
           5           6   1.3534901063037095     
           6           7   1.1205150203687320     
           7           8   1.5568811374023088     
           7           9   1.0402089583057952     
           8           9  0.11681611010327196     
           9          10  0.98075779773905947     
           9          11   1.1619369768766483     
           9          12  0.14971711057549786     
          11          12   1.6330753751572553     
           5          13   1.1569445687025637     
          11          13   1.0239446994190096     
          12          13  0.11576832495082445     
          13          14  0.98940884890876502     
           1          15  0.97185806682529385     
           1          16  0.97624322432637090     
           1          17  0.96833532832370095     
           3          18  0.96668121547988117     
          10          19  0.97398555832719902     
          10          20  0.97778871196892858     
          10          21  0.97784053546376293     
          14          22  0.97776360438869481     
          14          23  0.97764832729355211     
          14          24  0.97049606982391279     
           4          25  0.94028370110065584     
