           1           2  0.98933872581951798     
           2           3   1.3865966468098616     
           3           4   1.2543656741941718     
           4           5   1.2020952009025934     
           2           6   1.1337248930803074     
           5           6   1.2783246486289646     
           6           7   1.2397221459156897     
           7           9   1.3583770240435018     
           8          10   1.0593217746498498     
           9          10  0.91576094799624275     
           9          11   1.0651374947637540     
           9          12  0.11603615243056704     
          11          12   1.7431469076156414     
           5          13   1.2357006540622055     
          11          13   1.0331153396686361     
          12          13  0.13299798564274190     
          13          14  0.97498980738654972     
           1          15  0.95840233670424957     
           1          16  0.96354601686765073     
           1          17  0.96942327527714045     
           3          18  0.95472880609575339     
           8          19  0.88365660943451552     
          10          20  0.94833705114808509     
          10          21  0.95693805099477502     
          14          22  0.96962486483218235     
          14          23  0.97098733329031617     
          14          24  0.96462650962165453     
           4          25  0.91973447099691419     
