           1           2  0.96714138628530311     
           1           3  0.97547417681934612     
           2           3  0.96670235170875196     
           4           5   1.6767532677128130     
           2           6   1.5040935630673880     
           5           6   1.0568083973867490     
           6           7   1.0020118666853628     
           7           8   1.6829875722829251     
           7           9   1.1507511132111563     
           8           9  0.14776737397363277     
           9          10  0.97352855883962153     
           9          11   1.0799790329657855     
           9          12  0.10379990415692508     
          11          12   1.6962706550407858     
           4          13  0.12197587574085247     
           5          13   1.1226561819476875     
          11          13   1.0903177654324299     
          12          13  0.11349892230311273     
          13          14  0.97755153136508000     
           1          15  0.93965546167021885     
           1          16  0.93963592610856694     
           3          17  0.94075429920935882     
           3          18  0.93952256145217472     
          10          19  0.96405590758077875     
          10          20  0.94960085316565057     
          10          21  0.94961784837098118     
          14          22  0.95933269054046211     
          14          23  0.95985512657722882     
          14          24  0.96112723917138276     
           4          25  0.92118293116167549     
