   -0.26415734
    0.10128577
    0.00808705
    0.00839339
   -0.06925400
    0.10329809
   -0.09585419
    0.03785841
    0.13508159
   -0.23029798
    0.02465745
   -0.07424008
   -0.04678067
   -0.07053340
   -0.06853428
    0.01211624
    0.01208846
   -0.01675428
   -0.07078801
    0.00023847
   -0.04814881
   -0.06694829
    0.13418381
   -0.21982140
    0.02425221
    0.13353040
   -0.22306669
    0.02678185
   -0.07933480
   -0.06992291
   -0.00892085
   -0.11841836
   -0.11756211
    0.09529964
    0.09599640
    0.10180463
   -0.30735125
    0.05785713
    0.08368265
    0.05082100
    0.05679827
    0.04493593
    0.08994780
    0.05473979
    0.06437484
    0.08870514
    0.00637966
    0.07299473
    0.06745270
    0.06811278
    0.05684525
    0.05607307
    0.04681605
    0.05988593
    0.05525000
    0.05711534
    0.08334455
    0.08268622
    0.04893271
    0.05309386
    0.04719395
    0.07825750
    0.07687556
    0.08048636
    0.05321585
    0.06884730
    0.03263424
    0.05375482
    0.05807112
    0.04039987
    0.05705023
    0.15810361
