           1           2   1.9549237850496759     
           2           3  0.99318647661602055     
           3           4  0.96689072174969937     
           4           5   1.2460232757832570     
           5           6   1.3533028722335296     
           6           7   1.0839715932147189     
           7           8  0.97652408398864443     
           6           9   1.3114431701834897     
           9          10   1.1528685632033882     
          10          11  0.97433928845721329     
           9          12   1.0372504458763383     
           4          13   1.6243181925819594     
          12          13   1.0427207257069162     
           3          14  0.95709683024037950     
          14          15  0.98316427750060587     
          15          16   1.0456037023659683     
          16          17   1.3496940518102594     
          17          18  0.96637378987508660     
          18          19  0.97682611344384207     
          19          20   1.0068910029503284     
          20          21   1.4106923650758947     
          21          22   1.4157216715299503     
          22          23   1.3839578689692427     
          23          24   1.1098640702188443     
          24          25  0.97598587191870234     
          23          26   1.2187338398912895     
          26          27   1.1029622900583047     
          27          28  0.97879597414142816     
          20          29   1.3801571347569732     
          26          29   1.3955308875862926     
          16          30  0.23526273087737420     
          17          30   1.3591731524283159     
           3          31  0.94537378825959661     
          31          32   1.0082714724964630     
          31          33   1.0088740457163647     
           5          34  0.95858508374761686     
           8          35  0.97442175581692059     
           8          36  0.97625380845061527     
           8          37  0.97373123408993645     
          11          38  0.96743028758557592     
          11          39  0.97549342553632479     
          11          40  0.96844146091184424     
          12          41  0.91290525288605073     
          13          42  0.96206167541882326     
          14          43  0.96889184931240402     
          14          44  0.97249157680719522     
          15          45  0.96155987900982587     
          15          46  0.94288811733885547     
           2          47  0.91262908585863423     
          16          48  0.96203449335985947     
          18          49  0.96820256719128217     
          18          50  0.96929575774171950     
          19          51  0.97174203009146931     
          19          52  0.96977315911320328     
          21          53  0.96780013339244086     
          22          54  0.96300028570423335     
          25          55  0.97249240719791630     
          25          56  0.97245363547370745     
          25          57  0.97676803888918162     
          28          58  0.97678749288036959     
          28          59  0.97339649972272468     
          28          60  0.97313857623680322     
          29          61  0.96252118760456318     
          30          62  0.97605873230176488     
          30          63  0.96974495726771082     
          12          64  0.91388196382264764     
          31          65  0.95914864565933677     
          32          66  0.97403540804796174     
          32          67  0.98280907591420019     
          32          68  0.98174158899213271     
          33          69  0.97581598237366762     
          33          70  0.98289228761505798     
          33          71  0.98059643572282829     
           1          72  0.94217456800634980     
