   -0.26839416
    0.10125189
    0.00639330
    0.00206571
   -0.07998707
    0.12938006
   -0.23026245
    0.02769694
    0.12844228
   -0.22884283
    0.02697405
   -0.07474868
   -0.05347437
   -0.06474121
   -0.06890624
    0.00526851
    0.00760481
   -0.01619200
   -0.07193166
    0.00172732
   -0.04389782
   -0.06728380
    0.14046452
   -0.22369482
    0.02301286
    0.10431068
   -0.09533494
    0.03481819
   -0.06789950
   -0.06980477
   -0.00737469
   -0.11856912
   -0.11854708
    0.05175253
    0.05369602
    0.08110220
    0.04713117
    0.05502015
    0.08115179
    0.04791904
    0.05171298
    0.03797548
    0.06006787
    0.05327641
    0.06617302
    0.07893763
    0.00594462
    0.06785439
    0.06697167
    0.06676709
    0.05804379
    0.05795943
    0.05282683
    0.06430323
    0.05614607
    0.05773666
    0.08528681
   -0.14121151
    0.11751358
    0.06529064
    0.05141933
    0.07585403
    0.07941811
    0.07886539
    0.03707100
    0.06866785
    0.03531921
    0.05105891
    0.06050020
    0.03425381
    0.05437255
    0.15632611
