           1           2   1.9562529355789813     
           2           3  0.99494887812976163     
           3           4  0.96918744891963238     
           4           5   1.3680190618339247     
           5           6   1.4016781359999932     
           6           7   1.0988744326517026     
           7           8  0.97801166894516056     
           6           9   1.2221724166598336     
           9          10   1.1013069554696180     
          10          11  0.97746261934629508     
           9          12   1.3924877502493100     
           4          13   1.4147974320952645     
          12          13   1.4029468308367321     
           3          14  0.95710986394348763     
          14          15  0.98187256604370365     
          15          16   1.0595279836015501     
          16          17   1.3886746422039573     
          17          18  0.99031054267507290     
          18          19  0.96749871620176808     
          19          20   1.0084374396559490     
          20          21   1.3944091123213069     
          21          22   1.4236382052585483     
          22          23   1.3752262222722826     
          23          24   1.1216756315770589     
          24          25  0.97078735789245463     
          23          26   1.2277387948731042     
          26          27   1.0479031659928097     
          27          28   1.2847612820970875     
          20          29   1.4068162306103007     
          26          29   1.3643937049661090     
          17          30  0.99843200607094640     
           3          31  0.94241262813344673     
          31          32   1.0083494550910723     
          31          33   1.0089883587142114     
           5          34  0.95773648462030847     
           8          35  0.97363271849791733     
           8          36  0.97664911730512649     
           8          37  0.97344413854195955     
          11          38  0.97346762272753362     
          11          39  0.97688679529613720     
          11          40  0.97360744837719959     
          12          41  0.96377878856479682     
          13          42  0.96249568907169203     
          14          43  0.96858800383443833     
          14          44  0.97228755020427848     
          15          45  0.96120121023649852     
          15          46  0.92734694167283571     
           2          47  0.89767688991785277     
          16          48  0.95761652968438893     
          18          49  0.96370149157091578     
          18          50  0.96811699444341093     
          19          51  0.97220999203073433     
          19          52  0.97096582422386679     
          21          53  0.96781744927161117     
          22          54  0.96290643068066584     
          25          55  0.97422856988751683     
          25          56  0.97382610284872007     
          25          57  0.97652074728297644     
          28          59  0.91996297353970724     
          28          60  0.96419474274988359     
          29          61  0.96093055781315750     
          30          62  0.96703023443298375     
          30          63  0.96161280803452664     
          30          64  0.97773894407744488     
          31          65  0.95999325030273330     
          32          66  0.97418291412727065     
          32          67  0.98188162809119695     
          32          68  0.98140928797872595     
          33          69  0.97659302386504532     
          33          70  0.98298090902808122     
          33          71  0.98020548341216318     
           1          72  0.94187261624909469     
