           1           2   1.9568584897967594     
           2           3  0.99243830278947853     
           3           4  0.97292708054294019     
           4           5   1.3691346280158456     
           5           6   1.3994161648915981     
           6           7   1.1007952604415272     
           7           8  0.97745226931496731     
           6           9   1.2188841898903622     
           9          10   1.1037261365339832     
          10          11  0.97699014694059605     
           9          12   1.3887869840515481     
           4          13   1.4094471572638145     
          12          13   1.4064489068884369     
           3          14  0.95327604050993031     
          14          15  0.98527120588385175     
          15          16   1.0508346791675645     
          16          17   1.3475951328351985     
          16          18  0.21396217674283308     
          17          18   1.3664228078633238     
          19          20   1.4984065829355431     
          20          21   1.2073156711310071     
          21          22   1.5213369307396269     
          22          23   1.3171258890909652     
          23          24   1.1416482974131974     
          24          25  0.97144628676384170     
          23          26   1.1720929613149549     
          26          27   1.0980433833112440     
          27          28  0.97771113701260204     
          20          29   1.1991727309496096     
          26          29   1.4829899354261205     
          17          30  0.98451817155604371     
           3          31  0.94263452821444871     
          31          32   1.0080250560462696     
          31          33   1.0084902462772580     
           5          34  0.95768339495698374     
           8          35  0.97327030049533858     
           8          36  0.97651793909311424     
           8          37  0.97294258363679109     
          11          38  0.97284642272397825     
          11          39  0.97680410987223631     
          11          40  0.97330172837490525     
          12          41  0.96342347551795249     
          13          42  0.96184767811785477     
          14          43  0.96848665716609317     
          14          44  0.97223673022736268     
          15          45  0.96215916130275503     
          15          46  0.93788948736466704     
           2          47  0.90920859584714198     
          16          48  0.95998884963431441     
          18          49  0.97461440590442461     
          18          50  0.97430322268096581     
          19          51  0.97897873388035639     
          19          52  0.97905868993247513     
          21          53  0.96722300729837807     
          22          54  0.96141436982870754     
          25          55  0.97141906256831101     
          25          56  0.97121850996967130     
          25          57  0.97635430405926993     
          28          58  0.97683104184644198     
          28          59  0.97360119979950344     
          28          60  0.97341137476585238     
          29          61  0.96206153920585069     
          30          62  0.97015362420454720     
          30          63  0.96422651770011036     
          30          64  0.97725609977079075     
          31          65  0.95806729371267974     
          32          66  0.97250212224853660     
          32          67  0.98120953292757185     
          32          68  0.98079500969854660     
          33          69  0.97385649544771713     
          33          70  0.98225992604684187     
          33          71  0.97930747337951174     
           1          72  0.94002979090121319     
