   -0.26585713
    0.10164597
    0.00646551
    0.00203897
   -0.08065616
    0.12945707
   -0.22895879
    0.02726772
    0.12884918
   -0.22731225
    0.02629317
   -0.07415216
   -0.05287467
   -0.06478818
   -0.06971644
    0.00975717
    0.01549222
   -0.01677942
   -0.07034247
    0.00986461
   -0.04461134
   -0.01725125
   -0.04219387
   -0.27809351
    0.17995502
    0.15429785
   -0.24011005
    0.02956927
   -0.07370374
   -0.07107940
   -0.00702764
   -0.11891788
   -0.11901760
    0.05240433
    0.05449893
    0.08187705
    0.04714431
    0.05593104
    0.08187169
    0.04907832
    0.05341545
    0.04070180
    0.06103204
    0.05479086
    0.06677219
    0.08160811
    0.00623778
    0.07223153
    0.06860085
    0.07110507
    0.05407736
    0.05446091
    0.04174067
    0.06025688
    0.05461327
    0.04974503
    0.06738867
    0.07776322
    0.04765124
    0.05064146
    0.03992507
    0.07714317
    0.08018237
    0.08101147
    0.03769139
    0.06944926
    0.03574685
    0.05209887
    0.06159978
    0.03534169
    0.05535083
    0.15930939
