           1           2   1.9589067580776471     
           2           3  0.99366198307465858     
           3           4  0.97063020104135544     
           4           5   1.3680422913661325     
           5           6   1.4001669878481249     
           6           7   1.1004187626292363     
           7           8  0.97783457657040573     
           6           9   1.2204056336920215     
           9          10   1.1034442682139352     
          10          11  0.97685468401781783     
           9          12   1.3907687744233344     
           4          13   1.4116374251110437     
          12          13   1.4039175439798499     
           3          14  0.95764092305763193     
          14          15  0.98007794240071777     
          15          16   1.0597669852629434     
          16          17   1.4164244886043078     
          17          18  0.98602389989703088     
          18          19  0.96706475211847920     
          19          20   1.0047325518243768     
          20          21   1.4055108617657750     
          21          22   1.4092220225997303     
          22          23   1.4719423748326985     
          24          25   1.9860946509581674     
          23          26   1.3188686652498884     
          26          27   1.0968380965520008     
          27          28  0.97891809997688450     
          20          29   1.4117075156403633     
          26          29   1.3543881507549900     
          17          30  0.99759314252703568     
           3          31  0.94052898376821903     
          31          32   1.0082797954412908     
          31          33   1.0087428406069734     
           5          34  0.95788509789311527     
           8          35  0.97324110479647952     
           8          36  0.97654124908702811     
           8          37  0.97340399739898742     
          11          38  0.97325164637597861     
          11          39  0.97675063669794482     
          11          40  0.97327334581654634     
          12          41  0.96355299152256491     
          13          42  0.96265045996365406     
          14          43  0.96813192633606393     
          14          44  0.97218114604423722     
          15          45  0.96113902737241041     
          15          46  0.92669479479087424     
           2          47  0.90175661690532360     
          16          48  0.95674752773275473     
          18          49  0.96321341534971294     
          18          50  0.96728860727610788     
          19          51  0.97197856279429640     
          19          52  0.97187606041000385     
          21          53  0.96813318797383152     
          22          54  0.96658054935442084     
          25          55  0.93815069143754415     
          25          56  0.93780842130058106     
          23          57  0.96479496642406826     
          28          58  0.97741751590527148     
          28          59  0.97369395283236848     
          28          60  0.97346154203553215     
          29          61  0.96338013125743904     
          30          62  0.96539482610364880     
          30          63  0.96133552446331871     
          30          64  0.97707039972794951     
          31          65  0.95985505950152783     
          32          66  0.97335775662792845     
          32          67  0.98147099534664772     
          32          68  0.98089761610613901     
          33          69  0.97594426317816785     
          33          70  0.98273455997578907     
          33          71  0.97966130931358886     
           1          72  0.94066363007676990     
