           1           2  0.99410374640418198     
           2           3   1.4005060984369944     
           2           4  0.11265468453128487     
           3           4   1.3197200940739380     
           4           5   1.0262048949940252     
           2           6   1.0420448745568183     
           5           6   1.0354496280626790     
           6           7   1.4832463954221349     
           6           8  0.15246765189538813     
           7           8   2.0783585265885898     
           9          10   1.0219691552890322     
           9          11   1.9839950707914842     
           9          12  0.35141277450996078     
          11          12   1.8839957531483758     
           5          13   1.7167155496051585     
          13          14   1.0368043083185750     
           1          15  0.96253315051833876     
           1          16  0.97360142155672225     
           1          17  0.96299849116837788     
           3          18  0.94911357071457236     
          10          19  0.95978613636666521     
          10          20  0.95089302308683898     
          10          21  0.95288171123644250     
          14          22  0.96210334359250593     
          14          23  0.94328176920850149     
          14          24  0.95131241426276048     
           4          25  0.92316332939197399     
