           1           2  0.90650729319644341     
           2           3  0.96766615432054837     
           3           4  0.98419654583814786     
           4           5   1.3417888889317500     
           5           6   1.4158936626040657     
           6           7   1.0851476796454631     
           7           8  0.98272216140394153     
           6           9   1.2297956623118265     
           9          10   1.0931784108083287     
          10          11  0.97966717500758693     
           9          12   1.4030042872394461     
           4          13   1.4405172282227738     
          12          13   1.3843397431523532     
           3          14  0.97078030426044881     
          14          15   1.0083942002734048     
           2          16  0.96598950412190709     
          15          16  0.97331228419286786     
          16          17   1.0143050669136902     
          17          18  0.99833667022521377     
          18          19  0.97527494660790714     
          19          20   1.0084417197918705     
          20          21   1.4309019914304522     
          21          22   1.4020334372836323     
          22          23   1.4020952380372254     
          23          24   1.0831319476068348     
          24          25  0.98246023103032243     
          23          26   1.2408539665794871     
          26          27   1.0797738357473803     
          27          28  0.98434521305136191     
          20          29   1.3699523803194924     
          26          29   1.4098776560781923     
          17          30   1.0085413494839053     
           3          31  0.95512930613603964     
          31          32   1.0103998175215920     
           1          33  0.93803865990119839     
          31          33  0.99253332880416401     
           5          34  0.96151842622279293     
           8          35  0.97540412987358871     
           8          36  0.97740422884012035     
           8          37  0.97552785800506103     
          11          38  0.97545764886917552     
          11          39  0.97785375298973254     
          11          40  0.97554182612470952     
          12          41  0.96510315773910282     
          13          42  0.95682437050895819     
          14          43  0.97155731116565103     
          14          44  0.97381412566650849     
          15          45  0.97251400059179982     
          15          46  0.97421649035749436     
           2          47  0.94638207453740875     
          16          48  0.95643580351423396     
          18          49  0.96975389113615362     
          18          50  0.97254391847457322     
          19          51  0.97487058691488837     
          19          52  0.96896358413725092     
          21          53  0.96976400444690236     
          22          54  0.96491894344478213     
          25          55  0.97529156723943755     
          25          56  0.97507442077378526     
          25          57  0.97817142056430173     
          28          58  0.97809201273522473     
          28          59  0.97525240260550772     
          28          60  0.97530604484091454     
          29          61  0.96329608250893939     
          30          62  0.97180570755753459     
          30          63  0.97688380373222528     
          30          64  0.97951915963306990     
          31          65  0.96129730636651345     
          32          66  0.98221084615421672     
          32          67  0.97791122754470550     
          32          68  0.98225132532124171     
          33          69  0.96823601573073526     
           1          70  0.91406421328710230     
          33          71  0.96733216284927614     
           1          72  0.91341034745325178     
