           1           2  0.98989020991385535     
           2           3   1.3405484705494288     
           3           4   1.2473768293680083     
           4           5   1.1891238576608465     
           2           6   1.1431197415032839     
           5           6   1.3107794929424310     
           6           7   1.1254655792039907     
           7           8   1.6462847091681492     
           7           9  0.98140295486459617     
           9          10   1.3309127040924322     
           9          11   1.0216450957162844     
          11          12   1.6833669761556505     
           5          13   1.1828310395531372     
          11          13   1.0838565275097771     
          12          13  0.12459740736041780     
          13          14  0.97380395403480979     
           1          15  0.95390783158457260     
           1          16  0.96210696040697807     
           1          17  0.95927930752379587     
           3          18  0.95461284714867145     
          10          20  0.95398207399297497     
          10          21  0.95735305296893336     
          14          22  0.96711917171575923     
          14          23  0.96805269942541394     
          14          24  0.96225486304784225     
           4          25  0.92064823437032595     
