           1           2  0.98361142113584510     
           2           3   1.3976106375746420     
           3           4   1.3018311838093919     
           4           5   1.1833000196577710     
           2           6   1.1664958450739080     
           5           6   1.3273306071412179     
           6           7   1.0926440387301510     
           7           8   1.6885782833503526     
           7           9   1.0701640634396155     
           8           9  0.14472013645803064     
           9          10  0.97305577503571772     
           9          11   1.2011311305121755     
          11          12   1.2077844348160780     
           5          13   1.2663542240327816     
          11          13   1.3809754342424405     
          12          14  0.93252949368646854     
           1          15  0.96077224778139381     
           1          16  0.96012244463743435     
           1          17  0.96263037782923289     
           3          18  0.95220268466733859     
          10          19  0.96580368970494934     
          10          20  0.96522751726542788     
          10          21  0.96494911685688201     
          14          22  0.97254660878083232     
          14          23  0.96923093968274077     
          14          24  0.97348196318498725     
           4          25  0.91652940729782384     
