   -0.28457532
    0.09670210
    0.00571335
    0.00784567
   -0.07974601
    0.12934167
   -0.22970860
    0.02802833
    0.12898070
   -0.22765281
    0.02662991
   -0.07449199
   -0.05514787
   -0.06765755
   -0.06887300
    0.00565216
    0.02027629
   -0.01867164
   -0.07017422
   -0.00030890
   -0.04885157
   -0.06753981
    0.13352275
   -0.22172316
    0.02496282
    0.13323758
   -0.22437813
    0.02694336
   -0.07938987
   -0.07476659
   -0.00829816
   -0.11512068
   -0.11196936
    0.04950239
    0.05311499
    0.08075735
    0.04731552
    0.05557008
    0.08084122
    0.04817722
    0.05185733
    0.06665207
    0.05581354
    0.05269696
    0.06501646
    0.08016765
    0.00502866
    0.06908171
    0.07044138
    0.06868896
    0.05444087
    0.05566612
    0.04431239
    0.05834753
    0.05429117
    0.05575281
    0.08243786
    0.08196260
    0.04914442
    0.05246793
    0.04776880
    0.07709332
    0.08562331
    0.08081925
    0.04333025
    0.05785154
    0.04580551
    0.05063731
    0.03850981
    0.03850606
    0.05426866
    0.15144751
