           1           2   1.9300142884559739     
           2           3   1.0026508817821855     
           3           4  0.97534957285183144     
           4           5   1.3682286194107351     
           5           6   1.4018435413341495     
           6           7   1.0978521625315563     
           7           8  0.97875297969576269     
           6           9   1.2196818252070702     
           9          10   1.1016557878022144     
          10          11  0.97781524271980369     
           9          12   1.3907609410482566     
           4          13   1.4140211228953163     
          12          13   1.4022003792931235     
           3          14  0.97374169139107991     
          14          15  0.97690566159396641     
          15          16   1.0635654188818104     
          16          17   1.4233971941055441     
          17          18  0.98738512423024338     
          18          19  0.96509141626775752     
          19          20   1.0081184766461140     
          20          21   1.4087660203616656     
          21          22   1.4170955438551163     
          22          23   1.3832651381768164     
          23          24   1.1103988156640381     
          24          25  0.97587780202561514     
          23          26   1.2194986548538687     
          26          27   1.1041268843317293     
          27          28  0.97835044856007114     
          20          29   1.3800657135422600     
          26          29   1.3949313051944701     
          17          30  0.99754512815029583     
           3          31  0.91731311679669403     
          31          32   1.0113352134754314     
          31          33   1.0084947922689722     
           5          34  0.95598806226688859     
           8          35  0.97341864251132315     
           8          36  0.97659466211207224     
           8          37  0.97310459044510322     
          11          38  0.97316585413499812     
          11          39  0.97690989376460324     
          11          40  0.97340058650822014     
          12          41  0.96358376843320304     
          13          42  0.95280233242500212     
          14          43  0.97029566055132166     
          14          44  0.96959019424721637     
          15          45  0.96268034149092985     
          15          46  0.92826938419394711     
           2          47  0.92999406770731485     
          16          48  0.95710167122741741     
          18          49  0.96504630300633210     
          18          50  0.96738501052706860     
          19          51  0.97125449054321755     
          19          52  0.97225572115132153     
          21          53  0.96821162353501855     
          22          54  0.96310770576912574     
          25          55  0.97256478501212085     
          25          56  0.97260759710015376     
          25          57  0.97671799592250497     
          28          58  0.97669866024195695     
          28          59  0.97333728404011299     
          28          60  0.97317907949191129     
          29          61  0.96239116919972534     
          30          62  0.96528132492309959     
          30          63  0.95648034389317682     
          30          64  0.97740181957922379     
          31          65  0.95767203353343899     
          32          66  0.97605043503164535     
          32          67  0.98228527991598746     
          32          68  0.98033465713002810     
          33          69  0.98411406049175398     
          33          70  0.98271644440584716     
          33          71  0.98117936591123289     
           1          72  0.94441893701315183     
