           1           2   1.9536796413894491     
           2           3  0.99541980924158580     
           3           4  0.96915103361472166     
           4           5   1.3669972575672695     
           5           6   1.4039924434340370     
           6           7   1.0947744629183878     
           7           8  0.97884167221092222     
           6           9   1.2261715471752379     
           9          10   1.0960629604482541     
          10          11  0.97886104845515276     
           9          12   1.3957472618612210     
           4          13   1.4183090826653999     
          12          13   1.4004447086348863     
           3          14  0.95671177748933633     
          14          15  0.98267536930093291     
          15          16   1.0587781597400852     
          16          17   1.3692060457367683     
          17          18  0.99387534528366406     
          18          19  0.95805227567694573     
          19          20   1.0192931953137907     
          20          21   1.6416201622639908     
          21          22   1.2557229810334603     
          22          23   1.3969913850101014     
          23          24   1.1012673342366057     
          24          25  0.97343600421473553     
          23          26   1.2417455723957698     
          26          27   1.1701365889559645     
          26          28  0.22077239911413121     
          27          28   1.2690971538342448     
          20          29   1.0217438081457895     
          26          29   1.0185461091310577     
          17          30  0.99941479093495367     
           3          31  0.94390500741112227     
          31          32   1.0084780556221751     
          31          33   1.0091126444645828     
           5          34  0.95788100624821060     
           8          35  0.97409701664388382     
           8          36  0.97693471987320823     
           8          37  0.97382792505221483     
          11          38  0.97392855727975869     
          11          39  0.97720601394730855     
          11          40  0.97417328090625122     
          12          41  0.96407602399510517     
          13          42  0.96264061416947178     
          14          43  0.96897822430665803     
          14          44  0.97255548054473406     
          15          45  0.96148792847023778     
          15          46  0.92846942673889599     
           2          47  0.89836309081425747     
          16          48  0.95847136538534028     
          18          49  0.96505215755834262     
          18          50  0.96804317814025187     
          19          51  0.97048069814755622     
          19          52  0.97063906531712418     
          21          53  0.96501075217288446     
          22          54  0.96501860562514741     
          25          55  0.97445646982744627     
          25          56  0.97426023234459125     
          25          57  0.97700743634222176     
          28          58  0.96867077587650052     
          29          59  0.93526238958501950     
          28          60  0.96895505143434779     
          29          61  0.92596267120490650     
          30          62  0.96714171563773799     
          30          63  0.96218743505663873     
          30          64  0.97815997819360945     
          31          65  0.96062305957607030     
          32          66  0.97506250624872770     
          32          67  0.98229467606739784     
          32          68  0.98204178677492993     
          33          69  0.97727903564629504     
          33          70  0.98336276591304772     
          33          71  0.98081943862989918     
           1          72  0.94289665359451214     
