           1           2  0.98358624101067849     
           2           3   1.3876226620757888     
           3           4   1.2904497422121215     
           4           5   1.1683237726490803     
           2           6   1.1671548511604763     
           5           6   1.3417944484434896     
           6           7   1.0709385905871518     
           7           8   1.6778306109245218     
           7           9   1.0837074532363697     
           8           9  0.13842212951144955     
           9          10  0.96189012465285983     
           9          11   1.1684207383251821     
           9          12  0.15098758249013156     
          11          12   1.7313447078777795     
           5          13   1.1621814578602749     
          11          13  0.93108407444277397     
          13          14   1.3071756090324074     
           1          15  0.95455298258823551     
           1          16  0.96227192955301455     
           1          17  0.95903018934133888     
           3          18  0.95106166202826459     
          10          19  0.96732975446046809     
          10          20  0.96497681291146686     
          10          21  0.96579963405096025     
          14          22  0.96572848439157399     
          14          24  0.95767549084340620     
           4          25  0.91698242759315873     
