   -0.29262011
    0.09811762
    0.00774855
    0.00632070
   -0.06978651
    0.10613238
   -0.33557807
    0.03707990
    0.12445725
   -0.23637071
    0.02642018
   -0.07423595
   -0.05851128
   -0.06623104
   -0.07438737
    0.00386690
    0.01460718
   -0.01605641
   -0.06999211
   -0.00194649
   -0.05072953
   -0.06880862
    0.13156570
   -0.22700182
    0.02667984
    0.13152496
   -0.22915464
    0.02848770
   -0.07997951
   -0.07556829
    0.03357643
   -0.12492347
   -0.12006223
    0.04607447
    0.04631896
    0.05844180
    0.03989608
    0.05747933
    0.07907893
    0.05331019
    0.04539197
    0.03320511
    0.06557815
    0.04885228
    0.08633509
    0.07909667
    0.01299275
    0.06382044
    0.06579184
    0.06483288
    0.05324515
    0.05511858
    0.04145985
    0.05534617
    0.05152705
    0.05337506
    0.07991820
    0.07954215
    0.04691489
    0.05058955
    0.04603744
    0.07805181
    0.09906273
    0.07462514
    0.04991364
    0.11298450
    0.06457370
    0.07353605
    0.07401917
    0.07676106
    0.07408927
    0.15817080
