           1           2   1.9511600873509582     
           2           3  0.95367996585570880     
           3           4  0.93256059946631131     
           4           5   1.5741485229232663     
           5           6   1.0171987619125642     
           6           7  0.91074224508274781     
           7           8  0.99152137826235964     
           6           9  0.98438454741212678     
           9          10   1.1146902180657894     
          10          11  0.97068509961307892     
           9          12   1.4893990825545260     
           4          13   1.2918043827397061     
          12          13   1.3331760131520167     
           3          14  0.95757850115328735     
          14          15  0.98377319208622371     
          15          16   1.0606942998193791     
          16          17   1.4056449474368800     
          17          18  0.98979905364562948     
          18          19  0.96562177475529576     
          19          20   1.0081878830450672     
          20          21   1.4134306623101440     
          21          22   1.4143786276952479     
          22          23   1.3878315121101656     
          23          24   1.1033562944091779     
          24          25  0.97749343630905772     
          23          26   1.2255853532683416     
          26          27   1.0980266215523231     
          27          28  0.97975060332448694     
          20          29   1.3785358886448740     
          26          29   1.3982147717705986     
          17          30  0.99746835690107682     
           3          31   1.0208035490916607     
          31          32   1.0978693521362011     
          31          33   1.0840778311472068     
           5          34  0.96679707364779266     
           8          35  0.97503828257202896     
           8          36  0.97498345640399076     
           8          37  0.97591821650262900     
          11          38  0.97358534632186566     
          11          39  0.97786323081703064     
          11          40  0.97372503585588177     
          12          41  0.96104050259732254     
          13          42  0.96466574789681780     
          14          43  0.96667118472781355     
          14          44  0.97339311809961604     
          15          45  0.95370844570911850     
          15          46  0.92713783477347045     
           2          47  0.91522427349095836     
          16          48  0.95713346833606960     
          18          49  0.96436242092858004     
          18          50  0.96803057115158375     
          19          51  0.97178980715000618     
          19          52  0.97275439479566150     
          21          53  0.96843505702318555     
          22          54  0.96352025788550300     
          25          55  0.97335778055681843     
          25          56  0.97340959423048290     
          25          57  0.97715758190538260     
          28          58  0.97710366372767188     
          28          59  0.97396014103984574     
          28          60  0.97380114628443226     
          29          61  0.96280325991981663     
          30          62  0.96280890752482928     
          30          63  0.95747097118715807     
          30          64  0.97769603556946261     
           6          65  0.94852351124110013     
          32          66  0.90309253296610947     
          32          67  0.96669417449267847     
          32          68  0.96232714661868346     
          33          69  0.94885988297626067     
          33          70  0.93177650507049092     
          33          71  0.97499115632387134     
           1          72  0.94227240349723573     
