           2           3   1.0623165697273178     
           3           4  0.94310960698006774     
           4           5   1.3752214947075525     
           5           6   1.3920022697613366     
           6           7   1.1074701645679876     
           7           8  0.97698850245276903     
           6           9   1.2129530829674662     
           9          10   1.1143497179663571     
          10          11  0.97467708462249725     
           9          12   1.3814401332579478     
           4          13   1.4033198056662606     
          12          13   1.4146794207681648     
           3          14  0.96423409345284428     
          14          15   1.0086617769322015     
           2          16   1.0485086073931493     
          15          16  0.95306548602305763     
          16          17  0.99372633259713439     
          17          18   1.0212425920711887     
          18          19  0.94785407069590288     
          19          20   1.0192428826295048     
          20          21   1.3863195240122943     
          21          22   1.4273104561724068     
          22          23   1.3705153612585954     
          23          24   1.1194464412265401     
          24          25  0.97469691999012265     
          23          26   1.2065788003603430     
          26          27   1.1132282787028975     
          27          28  0.97628395235287047     
          20          29   1.3803074389183940     
          26          29   1.3885313467818616     
          17          30   1.0172968212123501     
           3          31  0.91964744661644537     
           1          32  0.20535963460107623     
          31          32   1.0526214572760428     
          31          33  0.99637305095946493     
           5          34  0.95727315335678698     
           8          35  0.97241944430598370     
           8          36  0.97607625769878981     
           8          37  0.97246118574677154     
          11          38  0.97171870520112935     
          11          39  0.97640883488435204     
          11          40  0.97214358538175738     
          12          41  0.96209369075624496     
          13          42  0.95728691671871169     
          14          43  0.97122583324149747     
          14          44  0.97129911363546784     
          15          45  0.97444564098226882     
          15          46  0.97696856343616667     
           2          47  0.96635118573594703     
          16          48  0.90945227434853249     
          18          49  0.96617543716372789     
          18          50  0.96632746381151358     
          19          51  0.97136613534343741     
          19          52  0.96812762937685881     
          21          53  0.96715044784976567     
          22          54  0.96213867288169908     
          25          55  0.97102509479993671     
          25          56  0.97037616923231296     
          25          57  0.97609159439800608     
          28          58  0.97624617358106924     
          28          59  0.97175415312594271     
          28          60  0.97163636478137327     
          29          61  0.96119662357084090     
          30          62  0.95956458366008945     
          30          63  0.97169108192032749     
          30          64  0.97301557704821895     
          31          65  0.91354799063179948     
           1          66  0.62529301798632109     
          32          66  0.32556832161978261     
          32          67  0.97006983366271182     
          32          68  0.97443948375517575     
          33          69  0.97864561672317363     
          33          70  0.98063918201465494     
          33          71  0.98158562370666491     
           1          72  0.97296830691111313     
