           1           2  0.99099653111888619     
           2           3   1.2993554369767231     
           3           4   1.2599614997832067     
           4           5   1.1995085490979382     
           2           6   1.1325610462352422     
           5           6   1.2662930093510125     
           6           7   1.2789104200961749     
           7           8   1.0979414713587057     
           7           9   1.1335307318620362     
           7          10  0.13096306723381620     
           9          10   1.3049322645538839     
           9          11  0.98040578899298270     
          11          12   1.6994003138596063     
           5          13   1.1586561086276939     
          11          13   1.1192761828342874     
          12          13  0.14671550564362218     
          13          14  0.97183300521669502     
           1          15  0.96013045053289969     
           1          16  0.96939566594162407     
           1          17  0.96733098638775694     
           3          18  0.95698708020006895     
           8          19  0.83603159712463426     
          10          20  0.95768743892048236     
          10          21  0.96311459793277321     
          14          22  0.97145465727401437     
          14          23  0.97197360635530772     
          14          24  0.96597961643567987     
           4          25  0.92194691146606023     
