           1           2  0.98739459711363053     
           2           3   1.1792232879858937     
           2           4  0.11283721150219030     
           3           4   1.7872189706506112     
           4           5  0.20185227975580186     
           2           6   1.1449738121606827     
           5           6   1.4775646142918406     
           6           7   1.0078149745848861     
           7           8   1.6931425600748329     
           7           9   1.0985690128854211     
           8           9  0.13747530495523469     
           9          10  0.96486386246058142     
           9          11   1.2034890545758445     
          11          12   1.2213166960161372     
           5          13   1.4464984446436737     
          11          13   1.3109971222749812     
          12          14  0.92421348829009686     
           1          15  0.95680299624880838     
           1          16  0.96034752063726747     
           1          17  0.95389173964742258     
           3          18  0.90480583382848212     
          10          19  0.96367133037573027     
          10          20  0.96156611748957876     
          10          21  0.96168473901319884     
          14          22  0.96718538377256946     
          14          23  0.96727057772435776     
          14          24  0.97082004058806859     
           4          25  0.63485742499123987     
           5          25  0.28067312952868634     
