   -0.25654314
    0.09333763
    0.00687095
    0.00555936
   -0.07833305
    0.12797790
   -0.23306685
    0.02841849
    0.12679345
   -0.23171799
    0.02742638
   -0.07594658
   -0.05515005
   -0.06317483
   -0.05906230
   -0.12942239
    0.13593567
   -0.02932136
   -0.03807267
   -0.11000344
   -0.03080163
   -0.06324012
    0.12953595
   -0.22941172
    0.02771868
    0.13482780
   -0.22402438
    0.03005543
   -0.06183632
   -0.08337752
   -0.00684159
   -0.11802001
   -0.11754053
    0.05277553
    0.05344309
    0.07982241
    0.04607298
    0.05499553
    0.07991557
    0.04542492
    0.05005650
    0.03833642
    0.05185221
    0.05059995
    0.03711620
    0.03988921
    0.04021799
    0.02754593
    0.09561908
    0.10811803
    0.09681896
    0.09119166
    0.04460108
    0.05917624
    0.05264661
    0.05350548
    0.08028337
    0.08058743
    0.04954747
    0.05098050
    0.04325121
    0.08681299
    0.09850449
    0.08227204
    0.03775228
    0.06656129
    0.03519666
    0.05046729
    0.05899070
    0.03618686
    0.05317667
    0.16013797
