           1           2   1.9591454148654353     
           2           3  0.99308123092558431     
           3           4  0.97063094861717747     
           4           5   1.3703396423716616     
           5           6   1.4012513268501743     
           6           7   1.0953324454665210     
           7           8  0.97854910875894208     
           6           9   1.2256874680192300     
           9          10   1.0968654432612333     
          10          11  0.97855468478414220     
           9          12   1.3928085220434576     
           4          13   1.4127020688424150     
          12          13   1.4046224573420460     
           3          14  0.95454856762397422     
          14          15  0.99454790147700733     
          15          16   1.0304685634177067     
          16          17  0.95898200193497507     
          17          18  0.91800968757060208     
          17          19  0.86697413329246598     
          18          19  0.99211843027734947     
          20          21   1.4471825198904589     
          21          22   1.3598187925546881     
          22          23   1.3925221215898016     
          23          24   1.0954810669721067     
          24          25  0.97800950655484964     
          23          26   1.2254827989508872     
          26          27   1.0984059367115531     
          27          28  0.97822704218394574     
          20          29   1.4350216974079399     
          26          29   1.3407092391697184     
          17          30  0.97118813657639824     
           3          31  0.93869964948413598     
          31          32   1.0088067799619780     
          31          33   1.0091838794137522     
           5          34  0.95798687602123944     
           8          35  0.97385300856395685     
           8          36  0.97686477523994053     
           8          37  0.97364374517059815     
          11          38  0.97351429019346325     
          11          39  0.97713021409698186     
          11          40  0.97411370836642619     
          12          41  0.96388086256172500     
          13          42  0.96185239744492113     
          14          43  0.96905297453500006     
          14          44  0.97231599679795355     
          15          45  0.96554159394479422     
          15          46  0.94526695353104784     
           2          47  0.83305415061246990     
          16          47  0.10203993147590648     
          16          48  0.96510257547181932     
          18          49  0.96708440444746402     
          18          50  0.96265734810471915     
          19          51  0.97145132600038264     
          19          52  0.97040354224875502     
          21          53  0.96130923643268518     
          22          54  0.95460255866053989     
          25          55  0.97268966653767674     
          25          56  0.97243036576245978     
          25          57  0.97683396821758761     
          28          58  0.97635583103028289     
          28          59  0.97292462619007325     
          28          60  0.97296137231513602     
          29          61  0.95354182961076761     
          30          62  0.97263079849437539     
          30          63  0.96793851614204363     
          30          64  0.97691036165543887     
          31          65  0.95929093581561642     
          32          66  0.97446641380895560     
          32          67  0.98202758229243292     
          32          68  0.98108861487110255     
          33          69  0.97694082118732939     
          33          70  0.98272958602705396     
          33          71  0.97999490635583897     
           1          72  0.93749649309585337     
