           2           3   1.5500600435564138     
           3           4   1.2091965701343499     
           4           5   1.2209063394484414     
           2           6   1.2587344404597340     
           5           6   1.2756025728549001     
           6           7   1.0755179475342320     
           7           8   1.6583781062259879     
           7           9   1.0865962273684229     
           8           9  0.11718552593883394     
           9          10  0.97861980569981444     
           9          11   1.1188739625244395     
           9          12  0.11712027263094672     
          11          12   1.6678975814703239     
           5          13   1.1980854347964722     
          11          13   1.0618827163196611     
          12          13  0.10736478042513001     
          13          14  0.97792404963144752     
           1          15  0.97012032377865953     
           1          16  0.97003885971402626     
           1          17  0.94946032768274546     
           3          18  0.95287828066337776     
          10          19  0.95362863452797431     
          10          20  0.94516169815390449     
          10          21  0.94321439314486255     
          14          22  0.95975552873417969     
          14          23  0.95892565482705705     
          14          24  0.95730550373761170     
           4          25  0.92355669524515305     
