           1           2  0.99279665968222464     
           2           3   1.4174667241170185     
           2           4  0.10685521670042127     
           3           4   1.3088111294678531     
           4           5   1.0488967967664291     
           2           6   1.0907283392078486     
           5           6   1.1421435071022774     
           6           7   1.2776404840156290     
           6           8  0.11517126292397245     
           7           8   1.7433626918223704     
           7           9  0.69471778646119187     
           9          10  0.93392276889645054     
           9          11   1.6069816781626660     
           9          12  0.24484096508398268     
          11          12   2.0800504712283487     
           5          13   1.6255417279820543     
          13          14   1.0343914344830840     
           1          15  0.95700641205107728     
           1          16  0.97455940634856064     
           1          17  0.95905455729621514     
           3          18  0.95124239822487533     
          10          19  0.96418075464542163     
          10          20  0.97439146148803990     
          10          21  0.96549212124300599     
          14          22  0.96062895204754295     
          14          23  0.95016863845373600     
          14          24  0.97026854696713749     
           4          25  0.92536394970599511     
