           1           2  0.98305051271251098     
           2           3   1.3954794130551802     
           3           4   1.3141282296224166     
           4           5   1.1526765421885281     
           2           6   1.1806106711595952     
           5           6   1.2629112974910848     
           6           7   1.0770442532852087     
           7           8   1.6413792192166397     
           7           9   1.1385883838563531     
           8           9  0.13896787615462527     
           9          10  0.98656233263018911     
           9          11   1.0414131200214389     
          11          12   1.6332849764571788     
           5          13   1.3749847318308537     
          11          13   1.1815749282655839     
           1          15  0.95577526882951602     
           1          16  0.96186475016336348     
           1          17  0.96021211437669363     
           3          18  0.95121301769272826     
          10          19  0.96108617873560898     
          10          20  0.94909793051644220     
          10          21  0.94930572264961488     
          14          22  0.98023263631161428     
          14          23  0.98023153025758814     
          14          24  0.96082108974261782     
           4          25  0.91666885851084501     
