           1           2  0.98819132855298986     
           2           3   1.3302476843174060     
           3           4   1.2570240398599479     
           4           5   1.1778579130630975     
           2           6   1.1529035388700746     
           5           6   1.3347358969362921     
           6           7   1.1073009146502371     
           7           8   1.6383912910629612     
           7           9   1.0357218293198840     
           8           9  0.13461189584604824     
           9          10  0.96981880763711747     
           9          11   1.2446077713493371     
          11          12   1.1460086445112307     
           5          13   1.1116724758349994     
          11          13   1.1550438872701170     
          11          14  0.11083511864720075     
          13          14   1.1859443189218022     
           1          15  0.95802865498833722     
           1          16  0.96538296809747537     
           1          17  0.96138779373212924     
           3          18  0.95553148335206195     
          10          19  0.96452401032448187     
          10          20  0.96488914496108424     
          10          21  0.96569797203487440     
          14          22  0.96036365856082317     
          14          23  0.97410995477646456     
          12          24  0.82581417460531503     
           4          25  0.91969491833195693     
