   -0.27472953
    0.10178898
    0.00681322
    0.00301362
   -0.07915305
    0.12928214
   -0.23081524
    0.02809255
    0.12822500
   -0.22979940
    0.02755491
   -0.07444384
   -0.05342693
   -0.06394778
   -0.06680523
   -0.04544784
    0.07295269
   -0.06085558
   -0.06558644
   -0.00444847
   -0.04510706
   -0.06846628
    0.13004692
   -0.23623883
    0.02552600
    0.12469638
   -0.19723235
    0.02132345
   -0.07316246
   -0.07303141
   -0.00739308
   -0.11712998
   -0.11869730
    0.05253169
    0.05324116
    0.08017218
    0.04716215
    0.05403142
    0.08015319
    0.04768886
    0.05051412
    0.03810108
    0.05506380
    0.05091912
    0.05535657
    0.06283194
    0.00576346
    0.05396674
    0.04786384
    0.07926038
    0.07079698
    0.07452429
    0.05496174
    0.06492013
    0.05432192
    0.05454073
    0.08227287
    0.09192534
    0.05707174
    0.05775525
    0.08261924
    0.08090496
    0.08205882
    0.07584500
    0.03601586
    0.06615459
    0.03396615
    0.04954245
    0.06270015
    0.03507518
    0.05267480
    0.15133229
