           1           2   1.9499778378508017     
           2           3  0.99480203690386115     
           3           4  0.97284006533692835     
           4           5   1.3685765825926466     
           5           6   1.4013145324959031     
           6           7   1.0977069938297219     
           7           8  0.97859674079245373     
           6           9   1.2228185772228406     
           9          10   1.0992753070232553     
          10          11  0.97816899388101775     
           9          12   1.3924002918627287     
           4          13   1.4122575211357231     
          12          13   1.4038537062179568     
           3          14  0.95383920907390340     
          14          15  0.98317114315564724     
          15          16   1.0496323211504359     
          16          17   1.3391314960601723     
          16          18  0.21884228818713070     
          17          18   1.3174550330990089     
          18          19   1.0485498412403040     
          19          20   1.0172698493083154     
          20          21   1.5934833600383964     
          21          22   1.3075822848704690     
          22          23   1.3287516951711402     
          23          24   1.0905237371035645     
          24          25  0.97529082313243687     
          23          26   1.3263465784807464     
          26          27   1.1451061415600148     
          27          28  0.97645183035815530     
          20          29   1.0311062086404514     
          26          29   1.0307252711516215     
          17          30  0.98550853667855898     
           3          31  0.94311110828312872     
          31          32   1.0082928534412967     
          31          33   1.0084817221064946     
           5          34  0.95756083794931368     
           8          35  0.97344470616846779     
           8          36  0.97682937582524254     
           8          37  0.97352799097764542     
          11          38  0.97361375946489448     
          11          39  0.97702440340965202     
          11          40  0.97360550255527567     
          12          41  0.96390912468461554     
          13          42  0.96266525866301889     
          14          43  0.96806402865161822     
          14          44  0.97234416100897381     
          15          45  0.96325731130051362     
          15          46  0.94129919524833405     
           2          47  0.91711973704150962     
          16          48  0.95886708844714819     
          18          49  0.96103637684302734     
          29          50  0.92322762804552072     
          19          51  0.92703660529724863     
          19          52  0.92483801965886969     
          21          53  0.96480365311020222     
          22          54  0.96445493753253686     
          25          55  0.97369091164797994     
          25          56  0.97391650429893484     
          25          57  0.97652148204386957     
          28          58  0.97539613757551558     
          28          59  0.96787297941280004     
          28          60  0.96948725777922218     
          29          61  0.91121700939142136     
          30          62  0.97083609233047974     
          30          63  0.96423275198180014     
          30          64  0.97729511403197278     
          31          65  0.96015116306387127     
          32          66  0.97455097370977539     
          32          67  0.98189169298047940     
          32          68  0.98164174653912561     
          33          69  0.97501248412403818     
          33          70  0.98284808508219612     
          33          71  0.98006575373262228     
           1          72  0.94383572623490264     
