           1           2  0.98943383818012764     
           2           3   1.1885154892218768     
           2           4  0.13664951602286343     
           3           4   1.7767509772848353     
           2           6   1.0017334591640201     
           5           6   1.3820569040139841     
           6           7   1.1689015925056498     
           7           8   1.7780915683326797     
           7           9  0.76717945117571607     
           9          10  0.91608040087235376     
           9          11   1.5550646704416380     
           9          12  0.21702073678675457     
          11          12   2.0258728471026797     
           5          13   2.2213054467873765     
           6          13  0.11215365158370114     
          13          14   1.0419746264443066     
           1          15  0.97478729513562223     
           1          16  0.96935902605688029     
           1          17  0.95566610982976852     
           3          18  0.92759686388855789     
          10          19  0.95521303816993108     
          10          20  0.97136432712674781     
          10          21  0.96995108853272560     
          14          22  0.93237770746001092     
          14          23  0.94740373631938934     
          14          24  0.93860714939284928     
           4          25  0.93106827640616652     
