   -0.26683704
    0.10043065
    0.00647188
    0.00281704
   -0.07918827
    0.12955039
   -0.23011341
    0.02750659
    0.12869961
   -0.22827611
    0.02682862
   -0.07483739
   -0.05375637
   -0.06558987
   -0.06894298
    0.00798792
    0.00920302
   -0.01611008
   -0.07048303
   -0.00032961
   -0.04884253
   -0.06746720
    0.13349677
   -0.22168647
    0.02491220
    0.13308902
   -0.22451129
    0.02714205
   -0.07947772
   -0.07031826
   -0.00712207
   -0.11974643
   -0.11784056
    0.05178524
    0.05376623
    0.08127939
    0.04787659
    0.05504886
    0.08126432
    0.04792428
    0.05174335
    0.03865829
    0.05989546
    0.05378765
    0.06548400
    0.07959782
    0.00934348
    0.06954266
    0.06701953
    0.06685865
    0.05527351
    0.05567047
    0.04497062
    0.05855642
    0.05430072
    0.05596707
    0.08245021
    0.08194615
    0.04863338
    0.05250530
    0.04712720
    0.07618191
    0.07954844
    0.07942707
    0.03829289
    0.07193815
    0.03627351
    0.05058926
    0.05631657
    0.03400191
    0.05523386
    0.15726047
