           1           2   1.9571427954237783     
           2           3  0.99493463852812625     
           3           4  0.96704262403551766     
           4           5   1.3695526453160962     
           5           6   1.4004881105700688     
           6           7   1.0994352988829750     
           7           8  0.97754236950529416     
           6           9   1.2219812633816265     
           9          10   1.1018731026816482     
          10          11  0.97750522229295245     
           9          12   1.3920598748471156     
           4          13   1.4132473699285453     
          12          13   1.4030444730417042     
           3          14  0.96012287822553111     
          14          15  0.98043478364498782     
          15          16   1.0583152425372371     
          16          17   1.3962498858799732     
          17          18  0.98819201801458556     
          18          19  0.96701511683513686     
          19          20   1.0076287006332361     
          20          21   1.4091306147413416     
          21          22   1.4169548128026537     
          22          23   1.3832848324451692     
          23          24   1.1104481184472181     
          24          25  0.97583004285689856     
          23          26   1.2194745854208402     
          26          27   1.1038496547180281     
          27          28  0.97849103371572788     
          20          29   1.3802834822476930     
          26          29   1.3948227267022248     
          17          30  0.99842457098216841     
           3          31  0.94076221631826107     
          31          32   1.0083539813884319     
          31          33   1.0092792827276942     
           5          34  0.95814597913524191     
           8          35  0.97387347288210746     
           8          36  0.97651476748288191     
           8          37  0.97329378023828883     
          11          38  0.97337138139202350     
          11          39  0.97687178421787058     
          11          40  0.97369345186783851     
          12          41  0.96373926529696496     
          13          42  0.96237389499757131     
          14          43  0.96882645843192927     
          14          44  0.97219930205686556     
          15          45  0.96238049563563377     
          15          46  0.92858347876364900     
           2          47  0.89004453562215846     
          16          48  0.95701974211376928     
          18          49  0.96377492337563597     
          18          50  0.96776334781526252     
          19          51  0.97165156635854943     
          19          52  0.97189499912106048     
          21          53  0.96812576499255498     
          22          54  0.96307584838100180     
          25          55  0.97256595456746397     
          25          56  0.97254152707411834     
          25          57  0.97672177066238919     
          28          58  0.97669492618767306     
          28          59  0.97337481256887748     
          28          60  0.97318292431712550     
          29          61  0.96247518506763952     
          30          62  0.96636924317337147     
          30          63  0.96039110172261610     
          30          64  0.97753859499710694     
          31          65  0.96085166882332929     
          32          66  0.97273024758180915     
          32          67  0.98165310998702071     
          32          68  0.98121857075056418     
          33          69  0.97856833422020473     
          33          70  0.98304955127767668     
          33          71  0.98000460223469499     
           1          72  0.94134235539036715     
