           1           2  0.99032455425532562     
           2           3   1.1880894273869123     
           2           4  0.13838752849822389     
           3           4   1.7756385154505050     
           2           6   1.0012185130336759     
           5           6   1.3727753452859497     
           6           7   1.1818005754192660     
           6           8  0.10297296856757410     
           7           8   1.7852986613376074     
           7           9  0.73858564685496075     
           9          10  0.92321007622672990     
           9          11   1.5664880906963077     
           9          12  0.22365645635093723     
          11          12   2.0296980931718198     
           5          13   2.2314775578630663     
           6          13  0.11089415326295352     
          13          14   1.0411010314537303     
           1          15  0.97272879363678744     
           1          16  0.97018445053889801     
           1          17  0.95562711523082600     
           3          18  0.92847646094098268     
          10          19  0.95603686331999016     
          10          20  0.96682844224199815     
          10          21  0.97475316932138589     
          14          22  0.92975521523520366     
          14          23  0.94670344635707904     
          14          24  0.94263791944836306     
           4          25  0.93001857255227249     
