           1           2   1.6140996502163683     
           2           3   1.5078176758339130     
           3           4   1.1771389256942175     
           4           5   1.1657448682420144     
           5           6   1.3304168551007538     
           6           7   1.3634329873582640     
           7           8   1.1466983318755681     
           7           9   1.1215269830164369     
           9          10   1.2705288994950790     
           9          11  0.99826106881399901     
          11          12   1.6708787199429502     
           5          13   1.1323948958999797     
          11          13   1.1253547709371736     
          12          13  0.13680296616717824     
          13          14  0.97897320241664076     
           1          15  0.93249327158024697     
           1          16  0.94698041909834996     
           6          17  0.93776775339607454     
           3          18  0.93223984820908368     
           8          19  0.84254519232090297     
          10          20  0.96142463900270370     
          10          21  0.95918413469607788     
          14          22  0.96641711433957644     
          14          23  0.96308244282652633     
          14          24  0.95569077564183436     
           4          25  0.90470672646889538     
