   123
          1          1          1
          1          2          2
          1          3          3
          1          4          4
          1          5          5
          1          6          6
          1          7          7
          1          8          8
          1          9          9
          1         10         10
          1         11         11
          1         12         12
          1         13         13
          1         14         14
          2         15         16
          1         17         17
          1         18         18
          1         19         19
          1         20         20
          1         21         21
          2         22         23
          1         24         24
          1         25         25
          1         26         26
          1         27         27
          1         28         28
          1         29         29
          2         30         31
          2         32         33
          1         34         34
          1         35         35
          1         36         36
          1         37         37
          1         38         38
          1         39         39
          1         40         40
          1         41         41
          1         42         42
          1         43         43
          1         44         44
          2         45         46
          1         47         47
          1         48         48
          3         49         51
          1         52         52
          1         53         53
          1         54         54
          1         55         55
          1         56         56
          1         57         57
          1         58         58
          1         59         59
          1         60         60
          1         61         61
          1         62         62
          1         63         63
          1         64         64
          1         65         65
          1         66         66
          1         67         67
          1         68         68
          1         69         69
          1         70         70
          1         71         71
          1         72         72
          1         73         73
          1         74         74
          1         75         75
          1         76         76
          1         77         77
          1         78         78
          1         79         79
          1         80         80
          2         81         82
          1         83         83
          1         84         84
          1         85         85
          1         86         86
          1         87         87
          1         88         88
          1         89         89
          1         90         90
          1         91         91
          1         92         92
          2         93         94
          1         95         95
          1         96         96
          2         97         98
          1         99         99
          1        100        100
          1        101        101
          2        102        103
          1        104        104
          2        105        106
          2        107        108
          1        109        109
          1        110        110
          2        111        112
          1        113        113
          1        114        114
          1        115        115
          1        116        116
          1        117        117
          1        118        118
          1        119        119
          1        120        120
          1        121        121
          1        122        122
          1        123        123
          1        124        124
          1        125        125
          1        126        126
          1        127        127
          1        128        128
          1        129        129
          1        130        130
          1        131        131
          1        132        132
          1        133        133
          1        134        134
          1        135        135
          1        136        136
          1        137        137
