           1           2  0.98211885304851299     
           2           3   1.4296504917941728     
           3           4   1.2841047180005152     
           4           5   1.1871755747415647     
           2           6   1.1746350060070052     
           5           6   1.3573980248532531     
           6           7   1.0485633115750070     
           7           8   1.7031434566985257     
           7           9   1.1205507977863163     
           8           9  0.16069221435092990     
           9          10  0.96450840885108657     
           9          11   1.1208888105099482     
           9          12  0.13867972022907471     
          11          12   1.7238186332164314     
           5          13   1.2283976372283059     
          11          13   1.0237760369992650     
          12          13  0.12439907623443633     
          13          14  0.97311596581077142     
           1          15  0.95423904899967804     
           1          16  0.96290286147385540     
           1          17  0.95922311089634749     
           3          18  0.95076351004500237     
          10          19  0.97018169011265876     
          10          20  0.96820398231485871     
          10          21  0.96827154445104791     
          14          22  0.97213301899644833     
          14          23  0.97197200334165623     
          14          24  0.96345930935982338     
           4          25  0.91705665563240812     
