   -0.26449290
    0.10118259
    0.00693193
    0.00502638
   -0.07826359
    0.12981827
   -0.22888477
    0.02700876
    0.12855984
   -0.22694227
    0.02644355
   -0.07464874
   -0.05236051
   -0.06410816
   -0.06655421
   -0.04107283
    0.10137787
   -0.10683896
   -0.09407844
    0.02272761
   -0.03767697
   -0.06270574
    0.14042058
   -0.20375536
    0.02174873
    0.13492664
   -0.23069485
    0.02706905
   -0.07879001
   -0.07753882
   -0.00775593
   -0.11757055
   -0.11942160
    0.05395192
    0.05451632
    0.08163566
    0.04945878
    0.05591156
    0.08170588
    0.04869269
    0.05274363
    0.04091658
    0.05695856
    0.05288533
    0.05672359
    0.06594099
    0.01610971
    0.05705413
    0.05995465
    0.05842874
    0.05173724
    0.04850819
    0.05754157
    0.05968454
    0.05900093
    0.06199546
    0.08615254
    0.08142956
    0.04725340
    0.05460320
    0.05389426
    0.08238811
    0.08342816
    0.08387069
    0.03782884
    0.06819574
    0.03441225
    0.05109799
    0.06451770
    0.03659782
    0.05407451
    0.15911197
