           1           2   1.9568218407329787     
           2           3  0.99274750329347938     
           3           4  0.97326006077349991     
           4           5   1.3687233773990815     
           5           6   1.4003406188200114     
           6           7   1.1007917973542363     
           7           8  0.97693708562501680     
           6           9   1.2190125130134846     
           9          10   1.1031294902610422     
          10          11  0.97731092843314815     
           9          12   1.3897427298351812     
           4          13   1.4106620888642731     
          12          13   1.4038515337593185     
           3          14  0.95174263457949382     
          14          15  0.98464113083655658     
          15          16   1.0507951296950202     
          16          17   1.3487688723569207     
          16          18  0.21511165639562574     
          17          18   1.3666152335868298     
          19          20   1.4994730411886636     
          20          21   1.2070453163020736     
          21          22   1.5213823375162372     
          22          23   1.3171708580891917     
          23          24   1.1415728809541863     
          24          25  0.97174141963750083     
          23          26   1.1723149444819772     
          26          27   1.0974725744704426     
          27          28  0.97806861450781701     
          20          29   1.1990361844000534     
          26          29   1.4831416537337476     
          17          30  0.98406036750803383     
           3          31  0.94375214294227006     
          31          32   1.0079038790168695     
          31          33   1.0087462302995298     
           5          34  0.95731324908320992     
           8          35  0.97368159788535280     
           8          36  0.97644212714203404     
           8          37  0.97274255444174484     
          11          38  0.97295363108311994     
          11          39  0.97677534260563159     
          11          40  0.97331868686182865     
          12          41  0.96352195909439342     
          13          42  0.96207270997178918     
          14          43  0.96851927907831348     
          14          44  0.97236656016927558     
          15          45  0.96290814315094941     
          15          46  0.93851356658789364     
           2          47  0.90961270556473406     
          16          48  0.95986780175866904     
          18          49  0.97479337629968377     
          18          50  0.97433118610827318     
          19          51  0.97875121257885600     
          19          52  0.97901128118778269     
          21          53  0.96713097531689718     
          22          54  0.96143087992794474     
          25          55  0.97133038711513020     
          25          56  0.97126957692621096     
          25          57  0.97635495903174374     
          28          58  0.97685508495614037     
          28          59  0.97365980391146778     
          28          60  0.97323777386615140     
          29          61  0.96205623049947775     
          30          62  0.97045537975463181     
          30          63  0.96233253749093683     
          30          64  0.97728298247874801     
          31          65  0.95739933338256833     
          32          66  0.97283090128567729     
          32          67  0.98138771473196507     
          32          68  0.98099733580417259     
          33          69  0.97330995643620122     
          33          70  0.98221737295318678     
          33          71  0.97941404875036331     
           1          72  0.94007870042893593     
