           1           2   1.9593148816451698     
           2           3  0.99046886287779989     
           3           4  0.97641092344326530     
           4           5   1.1431297001123348     
           5           6   1.3639318700207008     
           6           7   1.1421405194342840     
           7           8  0.95357347369526746     
           5           9   1.1753764866402487     
           6          10   1.1320956467008647     
          10          11  0.94951141444693687     
           9          12   1.5622946822098742     
           4          13   1.5261073172129438     
          12          13   1.2511743617950604     
           3          14  0.95402125036418373     
          14          15  0.98547744275893334     
          15          16   1.0588068805172410     
          16          17   1.4011768108031066     
          17          18  0.98680383768761903     
          18          19  0.96792179616757479     
          19          20   1.0082343146581632     
          20          21   1.4062486819668480     
          21          22   1.4192645816536484     
          22          23   1.3828723588876779     
          23          24   1.1074575231534567     
          24          25  0.97665943824083390     
          23          26   1.2231786353611376     
          26          27   1.1033170804795589     
          27          28  0.97827294549079857     
          20          29   1.3841408471598697     
          26          29   1.3920420569435934     
          17          30  0.99884797784748391     
           3          31  0.94323826604544758     
          31          32   1.0082811016760129     
          31          33   1.0087744861846597     
           9          34  0.96813315458307614     
           8          35  0.97023626714884148     
           8          36  0.97337998700086714     
           8          37  0.97453544557758853     
          11          38  0.97380037496447491     
          11          39  0.97787150008422818     
          11          40  0.97443634487263631     
          12          41  0.97272553198453737     
          13          42  0.96614459620842141     
          14          43  0.96363457463604840     
          14          44  0.97217612942971010     
          15          45  0.95897041834948094     
          15          46  0.92469137397342638     
           2          47  0.88739495218811659     
          16          48  0.95674018211312106     
          18          49  0.96739458196097339     
          18          50  0.96508566890986447     
          19          51  0.96724269274623886     
          19          52  0.97481049634664363     
          21          53  0.96821420398287472     
          22          54  0.96337527284900271     
          25          55  0.97295402257154606     
          25          56  0.97289099828853298     
          25          57  0.97691154235760747     
          28          58  0.97682458403805961     
          28          59  0.97326221934670420     
          28          60  0.97344586886394979     
          29          61  0.96191996498734189     
          30          62  0.96587429816510428     
          30          63  0.95867772314063160     
          30          64  0.97720536393729240     
          31          65  0.95711016477942967     
          32          66  0.97299661585261110     
          32          67  0.98153186503933765     
          32          68  0.98234154110105121     
          33          69  0.97770855922722544     
          33          70  0.98322278370797211     
          33          71  0.98115255453786276     
           1          72  0.94075762815212471     
