   -0.27009780
    0.10160128
    0.00619949
    0.00137448
   -0.08097608
    0.12816189
   -0.23174452
    0.02805404
    0.12747159
   -0.23018244
    0.02703972
   -0.07505165
   -0.05329618
   -0.06421271
   -0.06956458
    0.00513078
    0.00556780
   -0.01845580
   -0.03528608
   -0.02162511
   -0.05069595
   -0.06521092
    0.11199773
   -0.24211092
    0.02982423
    0.11672786
   -0.21967817
    0.02378413
   -0.03393133
   -0.07106592
   -0.00705517
   -0.11830740
   -0.11890840
    0.05126894
    0.05358366
    0.08067718
    0.04572349
    0.05506319
    0.08072412
    0.04737315
    0.05218686
    0.03969372
    0.06018563
    0.05274096
    0.06658642
    0.07820925
    0.00466261
    0.06709406
    0.06817818
    0.07414044
    0.05756277
    0.05455862
    0.05176934
    0.05766652
    0.04562280
    0.05397527
    0.08023204
    0.08690378
    0.04934394
    0.05829331
    0.06128814
    0.07435976
    0.08148702
    0.07743986
    0.03660690
    0.06748852
    0.03525902
    0.05118267
    0.06156954
    0.03409606
    0.05400923
    0.15571509
