           1           2   1.9557594985218321     
           2           3  0.99412185684482623     
           3           4  0.97089633039615275     
           4           5   1.3673665099657515     
           5           6   1.4018579905762680     
           6           7   1.0968970645458915     
           7           8  0.97854910987621502     
           6           9   1.2238317498922671     
           9          10   1.0997762476672592     
          10          11  0.97766214883196700     
           9          12   1.3929599669278112     
           4          13   1.4144121672088426     
          12          13   1.4019656210202986     
           3          14  0.95696867717312006     
          14          15  0.98035236611408938     
          15          16   1.0586590582394935     
          16          17   1.3868612240223801     
          17          18  0.98359619591089287     
          18          19  0.99143826112176836     
          19          20  0.91207237552869769     
          20          21   1.0980616858875156     
          21          22   1.6809206808342796     
          22          23   1.1812827811944893     
          23          24   1.0750423454425027     
          24          25  0.97953030508018246     
          23          26   1.4216940753554530     
          26          27   1.1082089783261830     
          27          28  0.97611617848670229     
          19          29  0.90943953475135109     
          20          29  0.88866629034544653     
          26          29   1.0771942532488765     
          17          30  0.99849107349757726     
           3          31  0.94187287214006554     
          31          32   1.0083927900754315     
          31          33   1.0088504091648649     
           5          34  0.95835706710091295     
           8          35  0.97365539241665200     
           8          36  0.97674683746078206     
           8          37  0.97375865537962469     
          11          38  0.97355648629420677     
          11          39  0.97696737683501311     
          11          40  0.97376090757841327     
          12          41  0.96370683713794247     
          13          42  0.96247854549129508     
          14          43  0.96836541576428636     
          14          44  0.97267862292061857     
          15          45  0.96129205111969107     
          15          46  0.92858412456197392     
           2          47  0.90080399158722413     
          16          48  0.95773946423875156     
          18          49  0.95851771590388857     
          18          50  0.95844748534365032     
          20          51  0.96602678651602614     
          19          52  0.96673822819513877     
          21          53  0.96611781590151646     
          22          54  0.96123247189513783     
          25          55  0.97341603465209192     
          25          56  0.97355778037846308     
          25          57  0.97601346767595398     
          28          58  0.97496065228589801     
          28          59  0.97535022187510523     
          28          60  0.97049709502317927     
          29          61  0.96064449996426138     
          30          62  0.96653894629958437     
          30          63  0.96007518996404440     
          30          64  0.97780521197521730     
          31          65  0.96072490897506890     
          32          66  0.97494220910520979     
          32          67  0.98200919598156666     
          32          68  0.98145905843354353     
          33          69  0.97642858288104406     
          33          70  0.98315733310517639     
          33          71  0.98027769427637745     
           1          72  0.94215402091839284     
