           1           2  0.98884516656875776     
           2           3   1.3862678660592367     
           3           4   1.2672355484608842     
           4           5   1.2053299346973669     
           2           6   1.1256542615606726     
           5           6   1.2390877407535825     
           6           7   1.3235296752938044     
           7           9   1.2028806964975138     
           9          10   1.4075121738759484     
           9          11  0.94231757460683985     
          11          12   1.7388595738484978     
           5          13   1.1941782097722249     
          11          13   1.1133855107502615     
          12          13  0.14167274913707464     
          13          14  0.96810071283955079     
           1          15  0.95246899975868304     
           1          16  0.96775276158022683     
           1          17  0.96428545648558683     
           3          18  0.95350195844227315     
           8          19  0.91380799512649469     
          10          20  0.95448483697838860     
          10          21  0.84567755688989210     
          14          22  0.97088440471794635     
          14          23  0.96965011846078131     
          14          24  0.96606837084661734     
           4          25  0.91857286376381797     
