   -0.04571508
   -0.00162445
    0.00528744
   -0.01807111
   -0.08756910
    0.12612433
   -0.24021266
    0.03101147
    0.12742628
   -0.23751658
    0.02942205
   -0.07659008
   -0.06122578
   -0.07425988
   -0.07366863
    0.03414242
   -0.18560319
   -0.00036895
   -0.06783881
   -0.00690539
   -0.05435391
   -0.07213617
    0.12578637
   -0.24174987
    0.03179802
    0.12629377
   -0.24262559
    0.03355004
   -0.08236909
   -0.04244779
   -0.02873232
   -0.12400291
   -0.02901374
    0.03907553
    0.04194573
    0.07710276
    0.04354193
    0.04673093
    0.07650926
    0.04701701
    0.04774330
    0.01962269
    0.06717120
    0.03968686
    0.05934333
    0.05770968
    0.09243391
    0.03963669
    0.05378914
    0.02670826
    0.03031520
    0.04127102
    0.03000427
    0.04615583
    0.04436820
    0.04640894
    0.07288458
    0.07258497
    0.04063617
    0.04403038
    0.03869304
    0.03491477
    0.04214806
    0.05333364
    0.07570090
    0.03961637
    0.07388435
    0.05653109
    0.24047340
    0.09046812
    0.08988810
    0.24367929
