           1           2  0.90604872394738023     
           2           3  0.96777997129877069     
           3           4  0.98407604777281410     
           4           5   1.3424984492577143     
           5           6   1.4154889385691005     
           6           7   1.0852125304192020     
           7           8  0.98266193591379924     
           6           9   1.2301758487375574     
           9          10   1.0931607901708980     
          10          11  0.97964693276140102     
           9          12   1.4025487847604561     
           4          13   1.4396969899428866     
          12          13   1.3848306339517837     
           3          14  0.97143917987947126     
          14          15   1.0084690074779843     
           2          16  0.96675546750058994     
          15          16  0.97302812731989841     
          16          17   1.0140051579098348     
          17          18  0.99781800495637729     
          18          19  0.97560324890305783     
          19          20   1.0085951796520398     
          20          21   1.4313673285675805     
          21          22   1.4017148076559995     
          22          23   1.4023095585310119     
          23          24   1.0832940105798363     
          24          25  0.98238936453071679     
          23          26   1.2405742439154832     
          26          27   1.0796680553195270     
          27          28  0.98446883932635720     
          20          29   1.3693594378484590     
          26          29   1.4104097834032838     
          17          30   1.0083212133332797     
           3          31  0.95466704593898455     
          31          32   1.0105122026271520     
           1          33  0.93808040485392596     
          31          33  0.99234999203514662     
           5          34  0.96112482544356959     
           8          35  0.97538073860419905     
           8          36  0.97740864579979037     
           8          37  0.97553229778900108     
          11          38  0.97545341576788958     
          11          39  0.97785237790948265     
          11          40  0.97554653829943705     
          12          41  0.96509903163433108     
          13          42  0.95701496312031109     
          14          43  0.97094774348928636     
          14          44  0.97374727567027908     
          15          45  0.97251171563875216     
          15          46  0.97389477437463190     
           2          47  0.94619099415051189     
          16          48  0.95635606057783318     
          18          49  0.96999378739345188     
          18          50  0.97263557049803651     
          19          51  0.97488338517271045     
          19          52  0.96853520001332161     
          21          53  0.96967613963376786     
          22          54  0.96488171509586085     
          25          55  0.97531747277923597     
          25          56  0.97502895233732845     
          25          57  0.97818187219970409     
          28          58  0.97809547688827703     
          28          59  0.97526631487667437     
          28          60  0.97525911523716902     
          29          61  0.96331651989256095     
          30          62  0.97210801868025154     
          30          63  0.97701536603683825     
          30          64  0.97959724276208715     
          31          65  0.96127814061116024     
          32          66  0.98217658348005132     
          32          67  0.97806558205197347     
          32          68  0.98228840572518328     
           1          69  0.91387487024123149     
          33          70  0.96732047332896132     
          33          71  0.96824848130646379     
           1          72  0.91351950329693865     
