   -0.26712608
    0.10042772
    0.00652545
    0.00279178
   -0.07953517
    0.12985790
   -0.22948407
    0.02743900
    0.12859965
   -0.22836492
    0.02687006
   -0.07494881
   -0.05377535
   -0.06507240
   -0.06889441
    0.00793914
    0.00952701
   -0.01616135
   -0.07045374
   -0.00029558
   -0.04871991
   -0.06746055
    0.13353246
   -0.22165268
    0.02488467
    0.13311251
   -0.22452117
    0.02715224
   -0.07953963
   -0.07061733
   -0.00731055
   -0.11934991
   -0.11797046
    0.05214598
    0.05396209
    0.08136485
    0.04767710
    0.05504682
    0.08128802
    0.04780377
    0.05159524
    0.03781099
    0.06018180
    0.05356177
    0.06554748
    0.07966477
    0.00875950
    0.06962157
    0.06727983
    0.06681867
    0.05514241
    0.05552970
    0.04511600
    0.05860592
    0.05434210
    0.05600985
    0.08248149
    0.08195375
    0.04855506
    0.05254747
    0.04708536
    0.07597562
    0.08004629
    0.07939662
    0.03752417
    0.07026970
    0.03570918
    0.05120024
    0.05852774
    0.03437583
    0.05477298
    0.15729676
