           1           2   1.9566305010902902     
           2           3  0.99528493122231854     
           3           4  0.96783933405122768     
           4           5   1.3683821118842110     
           5           6   1.4014370070749103     
           6           7   1.1001259049129142     
           7           8  0.97772051669875171     
           6           9   1.2212610414853804     
           9          10   1.1017081862926534     
          10          11  0.97754725644815443     
           9          12   1.3929237929847571     
           4          13   1.4143321751317326     
          12          13   1.4013369604150236     
           3          14  0.95843640181862932     
          14          15  0.98032523487827994     
          15          16   1.0588298642112819     
          16          17   1.3972650188527231     
          17          18  0.98810639157673630     
          18          19  0.96670260182116652     
          19          20   1.0077240033969368     
          20          21   1.4093021006223312     
          21          22   1.4169000513513843     
          22          23   1.3831959890020891     
          23          24   1.1105487009098616     
          24          25  0.97578333989576704     
          23          26   1.2194621942065580     
          26          27   1.1037821994368882     
          27          28  0.97851367635903075     
          20          29   1.3799348145352077     
          26          29   1.3950739063366886     
          17          30  0.99839116163509611     
           3          31  0.94170067950796510     
          31          32   1.0083279573712574     
          31          33   1.0091779154290947     
           5          34  0.95756491613793271     
           8          35  0.97355303025172113     
           8          36  0.97661700338376167     
           8          37  0.97339869398647272     
          11          38  0.97340123313483429     
          11          39  0.97687600712822287     
          11          40  0.97364381239246689     
          12          41  0.96377416703315633     
          13          42  0.96248842867778195     
          14          43  0.96878024716632150     
          14          44  0.97228509247684525     
          15          45  0.96235980916631192     
          15          46  0.92843838996668882     
           2          47  0.89208666462223962     
          16          48  0.95708425245222883     
          18          49  0.96405746742105358     
          18          50  0.96778951631577792     
          19          51  0.97180854765687785     
          19          52  0.97175965894966354     
          21          53  0.96811842389107072     
          22          54  0.96305689508873749     
          25          55  0.97255362002437296     
          25          56  0.97253965420564414     
          25          57  0.97671882712976466     
          28          58  0.97669539260480120     
          28          59  0.97336131583724506     
          28          60  0.97316776837026586     
          29          61  0.96244793243343774     
          30          62  0.96635043674017929     
          30          63  0.95957931377701922     
          30          64  0.97757667817922489     
          31          65  0.95982958104765559     
          32          66  0.97310568603288117     
          32          67  0.98179861451439199     
          32          68  0.98123753795868685     
          33          69  0.97728426953010417     
          33          70  0.98296761749208539     
          33          71  0.98019122355866306     
           1          72  0.94136346426006245     
