           1           2  0.98697241893788057     
           2           3   1.3756970759841676     
           3           4   1.2874582667874146     
           4           5   1.1963934186959193     
           2           6   1.1565801035866494     
           5           6   1.3625025576488592     
           6           7   1.0845560182027951     
           7           8   1.6997693560716147     
           7           9   1.0409926963554443     
           8           9  0.12635258156413440     
           9          10  0.97958984226313028     
           9          11   1.4065537938732331     
           5          13   1.1771546271311260     
          11          13   1.2512340861057276     
          12          14   1.0316261801792388     
          13          14  0.94233582832144192     
           1          15  0.96724435365649752     
           1          16  0.95544360374311088     
           1          17  0.96289259060036381     
           3          18  0.95344520284762302     
          10          19  0.96565985956940859     
          10          20  0.97569436750551597     
          10          21  0.96235962370401329     
          14          22  0.95192262094419378     
          14          23  0.96220719188109316     
          12          24  0.88058014823884889     
           4          25  0.89914051868150080     
