   -0.27419331
    0.10154401
    0.00676908
    0.00332102
   -0.07911474
    0.12910562
   -0.23095267
    0.02798465
    0.12804485
   -0.22952704
    0.02728171
   -0.07477172
   -0.05342799
   -0.06391305
   -0.06671507
   -0.04580135
    0.07711112
   -0.05654712
   -0.06453981
    0.00753222
   -0.06669092
   -0.07945366
    0.13465838
   -0.23345553
    0.02368836
    0.13693800
   -0.19735598
    0.02163716
   -0.07403808
   -0.07508150
   -0.00735142
   -0.11725647
   -0.11867639
    0.05280227
    0.05341801
    0.08027211
    0.04730953
    0.05459437
    0.08031943
    0.04761065
    0.05130220
    0.03907473
    0.05527792
    0.05060399
    0.05531004
    0.06252626
    0.00694637
    0.05311723
    0.05179121
    0.08199595
    0.05955562
    0.07223290
    0.08503792
    0.06245998
    0.05265927
    0.05304349
    0.08304329
    0.08818537
    0.05602294
    0.05974922
    0.05708119
    0.08068033
    0.08360986
    0.07775665
    0.03607732
    0.06649348
    0.03418088
    0.04964129
    0.06260917
    0.03505246
    0.05267446
    0.15112830
