           1           2   1.9501080058255578     
           2           3  0.99470424515897016     
           3           4  0.97287303749568577     
           4           5   1.3683772047604232     
           5           6   1.4014661442186520     
           6           7   1.0977136332931174     
           7           8  0.97838100200238998     
           6           9   1.2225050813160021     
           9          10   1.0997536743279834     
          10          11  0.97811103098308816     
           9          12   1.3923470245113245     
           4          13   1.4115733691135974     
          12          13   1.4023463932453251     
           3          14  0.95353290948729441     
          14          15  0.98217455860215885     
          15          16   1.0497959064343048     
          16          17   1.3357848124136895     
          16          18  0.21856104346921754     
          17          18   1.3274913788807754     
          18          19   1.0322591251592841     
          19          20   1.0203290713439936     
          20          21   1.0417799079580679     
          21          22   1.0457885107106855     
          22          23   1.5759944449991683     
          22          24  0.10656462280341267     
          23          24   1.0962850972811973     
          24          25  0.97546019324458266     
          23          26   1.1334077097157329     
          26          27   1.1494597049558468     
          27          28  0.97213341664270048     
          20          29   1.5646517700264886     
          26          29   1.2853697873854835     
          17          30  0.98403284237995503     
           3          31  0.94338515549293844     
          31          32   1.0082216995495688     
          31          33   1.0085577874817251     
           5          34  0.95760396963329764     
           8          35  0.97359597403755915     
           8          36  0.97679928310045205     
           8          37  0.97340472746752549     
          11          38  0.97336988468237684     
          11          39  0.97703310241943797     
          11          40  0.97370249062312941     
          12          41  0.96379516208800875     
          13          42  0.96255922223285950     
          14          43  0.96815647703179475     
          14          44  0.97255275008100717     
          15          45  0.96354025133738874     
          15          46  0.94200419653419498     
           2          47  0.91656461503214526     
          16          48  0.95902626576834993     
          18          49  0.96311852267248477     
          21          50  0.92213574907591922     
          19          51  0.94486182504184679     
          19          52  0.92444989111875686     
          21          53  0.91248268019987433     
          22          54  0.96283132497136814     
          25          55  0.97419150384448239     
          25          56  0.97431182588637100     
          25          57  0.97678230939563571     
          28          58  0.97604053720823769     
          28          59  0.97223529602960257     
          28          60  0.97176349772224091     
          29          61  0.95710630323806467     
          30          62  0.97034006715995502     
          30          63  0.96183527642570399     
          30          64  0.97723539610664500     
          31          65  0.95997977928676070     
          32          66  0.97433687032492644     
          32          67  0.98184462418862462     
          32          68  0.98160905932515929     
          33          69  0.97500996299354359     
          33          70  0.98284831230153769     
          33          71  0.98010750639603605     
           1          72  0.94383340951762618     
