           1           2  0.96149312608959636     
           1           3  0.97745301092967252     
           2           3  0.95762694955142647     
           4           5   1.7125868776270279     
           2           6   1.6354176916000795     
           5           6   1.0303362910983833     
           6           7  0.95597346281951578     
           7           8   1.7012001137022110     
           7           9   1.1996373437739567     
           8           9  0.18187145890508777     
           9          10  0.96499141490962537     
           9          11   1.0565469003376344     
           9          12  0.10193027476949458     
          11          12   1.7261217443033134     
           4          13  0.15719463254097737     
           5          13   1.1349903436659776     
          11          13   1.0899247981215416     
          12          13  0.12066618239017739     
          13          14  0.97146908960757761     
           1          15  0.93597820602502546     
           3          16  0.93744821465075190     
           1          17  0.93638458311166950     
           3          18  0.93791040635599399     
          10          19  0.97114140622913614     
          10          20  0.96173217133942668     
          10          21  0.96154237663078956     
          14          22  0.96750910289582848     
          14          23  0.96724672972581704     
          14          24  0.96529409979067582     
           4          25  0.92261996880822761     
