           1           2  0.96232383435521673     
           1           3  0.97645223997801422     
           2           3  0.96321420091385224     
           4           5   1.7100793241574417     
           2           6   1.6342088952808602     
           5           6   1.0279420497561840     
           6           7  0.96040562364102267     
           7           8   1.7035319406902634     
           7           9   1.1951191501212790     
           8           9  0.18315644856295193     
           9          10  0.96563590756130502     
           9          11   1.0571698696117109     
           9          12  0.10237585446617040     
          11          12   1.7281620425795019     
           4          13  0.15882582538366205     
           5          13   1.1395609410739280     
          11          13   1.0868909918726604     
          12          13  0.11986303700712600     
          13          14  0.97155991626156657     
           1          15  0.93665569244959945     
           1          16  0.93649004610128039     
           3          17  0.93696161065976913     
           3          18  0.93574187044472590     
          10          19  0.97094949686320664     
          10          20  0.96174424103701450     
          10          21  0.96111439311053060     
          14          22  0.96759313182473106     
          14          23  0.96782341592536780     
          14          24  0.96584835959043291     
           4          25  0.92520540291323927     
