           1           2   1.0302321115228261     
           2           3   1.5521253502509540     
           3           5   1.1157642177572009     
           4           5   1.8411475618477251     
           2           6  0.80913730185893762     
           3           6  0.89789266503864407     
           6           7  0.90900134989655568     
           7           8   1.7480316827155069     
           7           9   1.2016548749751346     
           8           9  0.17509733171752948     
           9          10  0.97363476514229830     
           9          11   1.0348547430728736     
           9          12  0.10716958484269744     
          11          12   1.7478708652157493     
           6          13   1.0682177724508504     
          11          13   1.0877251705410282     
          12          13  0.14383959236014074     
          13          14  0.98121455584032014     
           1          15  0.93356551286806710     
           1          16  0.94949527425454094     
           1          17  0.91174157881740547     
           5          18  0.93168122944384857     
          10          19  0.96873421129355930     
          10          20  0.95679530472643537     
          10          21  0.96780398470409512     
          14          22  0.97154832481389897     
          14          23  0.96873629436267894     
          14          24  0.96738222698235565     
           4          25  0.92485210657980765     
