   -0.26339742
    0.10573510
    0.02404371
    0.01449457
   -0.07370940
    0.13469853
   -0.22062503
    0.02447287
    0.13129304
   -0.22254115
    0.02579014
   -0.07049617
   -0.04409428
   -0.08344044
   -0.12131845
    0.02089182
   -0.04294167
   -0.00746117
   -0.07089758
    0.00790596
   -0.04457064
   -0.06527354
    0.13541368
   -0.21481291
    0.02337121
    0.13576479
   -0.21732968
    0.02507464
   -0.07641097
   -0.05693468
   -0.00445634
   -0.11789318
   -0.11731981
    0.06053071
    0.05657001
    0.08424681
    0.05463027
    0.05681912
    0.08376124
    0.04812156
    0.05327356
    0.04795301
    0.06504255
    0.05343154
    0.04272529
    0.04551588
    0.02082895
    0.04705532
    0.05559055
    0.05852093
    0.05632694
    0.05425054
    0.05102487
    0.06095103
    0.05748062
    0.05904847
    0.08473634
    0.08412302
    0.05319626
    0.05640927
    0.05301644
    0.06133153
    0.06488951
    0.06319479
    0.04471515
    0.06754829
    0.03669098
    0.05632565
    0.06871916
    0.04161954
    0.05574831
    0.16101044
