           1           2  0.98525470111473445     
           2           3   1.3401921735239841     
           3           4   1.2712417371915843     
           4           5   1.1760287230966182     
           2           6   1.2089342482432208     
           5           6   1.4065569442733987     
           6           7  0.93483749198035304     
           7           8   1.2912810237918246     
           7           9  0.77855426179784482     
           9          10   1.4915175083075007     
           9          11   1.0223401642527294     
          11          12   1.6861178679458684     
           5          13   1.1424830184007941     
          11          13   1.0844383294067348     
          12          13  0.12466467673132674     
          13          14  0.97708364496734623     
           1          15  0.96149038245507612     
           1          16  0.95243197150505443     
           1          17  0.94558981550770327     
           3          18  0.95336950058443815     
          10          19  0.94506860115033975     
           7          20  0.86156617376457434     
          10          21  0.95111477393574551     
          14          22  0.96327699624975305     
          14          23  0.96907958959958218     
          14          24  0.96247941855183183     
           4          25  0.91981868977726189     
