   -0.28374853
    0.09876874
    0.01240519
    0.00564749
   -0.14205091
    0.13630941
   -0.22874667
    0.02948779
    0.12688130
   -0.23013153
    0.02909364
   -0.08043408
   -0.05432458
   -0.06692622
   -0.06895976
    0.00442186
    0.00954347
   -0.01589451
   -0.07039363
   -0.00084802
   -0.04923558
   -0.06781152
    0.13301800
   -0.22305027
    0.02535620
    0.13260393
   -0.22577045
    0.02756542
   -0.07972529
   -0.06951908
    0.01094255
   -0.11952467
   -0.12149969
   -0.04003275
    0.05530146
    0.07621317
    0.05060616
    0.05338344
    0.08007710
    0.04680173
    0.04884428
    0.03611507
    0.06781997
    0.05037660
    0.07145586
    0.08039888
    0.01129623
    0.06726093
    0.06657038
    0.06623292
    0.05504540
    0.05546041
    0.04430127
    0.05771945
    0.05353861
    0.05535871
    0.08180741
    0.08134062
    0.04789942
    0.05205825
    0.04641883
    0.07689384
    0.07907184
    0.07910229
    0.11194127
    0.09026676
    0.05195397
    0.06008026
    0.08154520
    0.04633837
    0.06231534
    0.15737103
