   -0.31979049
    0.08332657
    0.00780745
    0.02875607
   -0.09168455
    0.12793934
   -0.24047294
    0.02789405
    0.12685536
   -0.21359396
    0.02283945
   -0.07083677
   -0.04966922
   -0.06506348
   -0.06803112
   -0.00130259
    0.01377210
   -0.01704378
   -0.06992040
   -0.00119873
   -0.04993651
   -0.06816025
    0.13232886
   -0.22485580
    0.02594084
    0.13210429
   -0.22729246
    0.02791913
   -0.07967619
   -0.06887532
   -0.00283747
   -0.12076876
   -0.15157218
    0.05003752
    0.05204492
    0.08079409
    0.04269219
    0.06075297
    0.08424044
    0.05304082
    0.05953964
    0.09198199
    0.05701232
    0.05939471
    0.06265809
    0.07357504
    0.00383204
    0.06517846
    0.06780005
    0.06721807
    0.05487376
    0.05376383
    0.04256473
    0.05675092
    0.05248090
    0.05458573
    0.08092073
    0.08049771
    0.04753912
    0.05135563
    0.04648022
    0.07489743
    0.07827762
    0.07887999
    0.05391482
    0.07822842
    0.06135748
    0.06050855
    0.04730160
    0.05229790
    0.05830148
    0.14752757
