           1           2  0.98236001713000443     
           2           3   1.3911097476814243     
           3           4   1.3221884768957406     
           4           5   1.1469770329683127     
           2           6   1.1905338748083945     
           5           6   1.2558596494982142     
           6           7   1.0695129830850536     
           7           8   1.6470913024138039     
           7           9   1.1473526192414543     
           8           9  0.15044544619056982     
           9          10  0.98325652906339567     
           9          11   1.0381900201551677     
           9          12  0.10527784942714338     
          11          12   1.6561979592101785     
           5          13   1.3916061662668091     
          11          13   1.1650624699594549     
           1          15  0.95963071298415470     
           1          16  0.96014378166047609     
           1          17  0.96111046045817605     
           3          18  0.95146083403149828     
          10          19  0.96630243409924110     
          10          20  0.95863996304119303     
          10          21  0.95854061208888064     
          14          22  0.97792763848789510     
          14          23  0.97794506437804829     
          14          24  0.97032207540236248     
           4          25  0.91623452712288223     
