           1           2   1.3327765376113698     
           2           3   1.2471401017164525     
           3           4   1.2411616547206956     
           4           5   1.1938408283485200     
           2           6   1.0873988624597348     
           5           6   1.3495691226416964     
           6           7   1.0844419889972157     
           7           8   1.6868455808685858     
           7           9   1.0928838236419900     
           8           9  0.13840453696630897     
           9          10  0.97198326033994464     
           9          11   1.1258915535708081     
           9          12  0.13316199124574385     
          11          12   1.7064499609871335     
           5          13   1.2179839650438671     
          11          13   1.0345211459749706     
          12          13  0.11760004978861702     
          13          14  0.97559514139279035     
           1          16  0.95872900114793158     
           1          17  0.95533485887822422     
           3          18  0.95478151918887799     
          10          19  0.96498975103828655     
          10          20  0.95661162981819325     
          10          21  0.95778584345567108     
          14          22  0.96760790966004540     
          14          23  0.96818271574785741     
          14          24  0.96261024015143437     
           4          25  0.91937161178482851     
