           1           2  0.97222888390785567     
           2           3   1.1845709563743629     
           3           4   1.3694145747488435     
           3           5  0.13815171864848075     
           4           5   2.1387936246431574     
           2           6   1.2542759963823884     
           6           7   1.9295589434578622     
           6           8  0.17441820466049482     
           7           8   1.7749175642959027     
           9          10   2.0286570095766017     
          11          12   1.8826121374643476     
          11          13   1.9774293047445104     
          12          13  0.34706636142007385     
          13          14   1.0200950830698561     
           1          15  0.95876322785719237     
           1          16  0.96187054126640392     
           1          17  0.97427036534975464     
           3          18  0.92923542019342931     
           9          19  0.87316778579763155     
          10          20  0.90042781820090756     
          10          21  0.92692921305170273     
          14          22  0.95029982901237586     
          14          23  0.95169326699630352     
          14          24  0.95115219880043089     
           5          25  0.92510988400356475     
