           1           2   1.6911378298442781     
           2           3   1.4933531734096226     
           3           4   1.2252679062474403     
           4           5   1.1879966318474287     
           5           6   1.4713894286302873     
           6           7   1.0072326025873617     
           7           8   1.6749819847743064     
           7           9   1.1181624913712955     
           8           9  0.12121207251552041     
           9          10  0.98834043936594951     
           9          11   1.0914952556275614     
           9          12  0.10505660632483960     
          11          12   1.6826444073337283     
           6          13   1.1517629964387779     
          11          13   1.0649764223952489     
          12          13  0.10671272332278717     
          13          14  0.99518626356745377     
           1          15  0.92330634808452383     
           1          16  0.93769675929998841     
           5          17  0.94153113579486591     
           3          18  0.93269260001624787     
          10          19  0.96071294761100812     
          10          20  0.94699209375248605     
          10          21  0.94690808772154234     
          14          22  0.95939989969709516     
          14          23  0.95953265231743989     
          14          24  0.96007419108427983     
           4          25  0.91231502689644117     
