   -0.26702719
    0.10136044
    0.00638384
    0.00208205
   -0.08010624
    0.12966858
   -0.22918199
    0.02728599
    0.12875358
   -0.22763458
    0.02652757
   -0.07459251
   -0.05325207
   -0.06474893
   -0.06969842
    0.01013027
    0.01696112
   -0.01734154
   -0.07073176
    0.00415955
   -0.03394246
   -0.05874097
    0.15879216
   -0.23566420
    0.02689641
   -0.04033702
   -0.28453345
    0.17845629
   -0.03111883
   -0.07181381
   -0.00734270
   -0.11875998
   -0.11894672
    0.05231797
    0.05415108
    0.08169321
    0.04778813
    0.05552302
    0.08165977
    0.04869061
    0.05262405
    0.03897967
    0.06126916
    0.05434008
    0.06703797
    0.08173732
    0.00536736
    0.07173789
    0.07019692
    0.06636192
    0.05422316
    0.05936862
    0.04463362
    0.05357000
    0.05263915
    0.05638962
    0.07781969
    0.05255333
    0.06173650
    0.04848440
    0.04087483
    0.07864700
    0.07981791
    0.08305423
    0.03751655
    0.06929011
    0.03547835
    0.05152951
    0.06121409
    0.03495194
    0.05499147
    0.15779731
