           1           2  0.98864027672186994     
           2           3   1.4071365297406522     
           3           4   1.2790626977867987     
           4           5   1.1930847826812034     
           2           6   1.1775483258289678     
           5           6   1.3667921117136181     
           6           7   1.0788604659433709     
           7           8  0.94433101706505540     
           7           9   1.7746025472468323     
           8           9  0.11626840911291333     
           9          10   1.0359375630482424     
           8          11   1.0799682338419729     
           8          12  0.13488340781377467     
          11          12   1.7654905643635774     
           5          13   1.1968511118811429     
          11          13   1.0201456825776918     
          12          13  0.12635077849891485     
          13          14  0.97388693708777541     
           1          15  0.95245742361647245     
           1          16  0.97375693766089033     
           1          17  0.95302854935999926     
           3          18  0.95138607682387399     
          10          19  0.95699557326421614     
          10          20  0.94155747587550276     
          10          21  0.97629638966048105     
          14          22  0.97290387053987804     
          14          23  0.97262994796940849     
          14          24  0.96495190786095464     
           4          25  0.91763971937425182     
