           1           2  0.98436196312430957     
           2           3   1.3829759548487057     
           3           4   1.3026175814869265     
           4           5   1.1742427799179476     
           2           6   1.1599961558276810     
           5           6   1.3657873777080136     
           6           7   1.0856828554551481     
           7           8   1.6794312241435236     
           7           9   1.0246613835061369     
           8           9  0.11119135762176496     
           9          10  0.97048208325491903     
           9          11   1.4654546958757617     
           5          13   1.1187788473113405     
          11          13   1.1267664387277236     
          13          14   1.3338164264769217     
           1          15  0.95755281088694189     
           1          16  0.95940670763537195     
           1          17  0.96076840386634610     
           3          18  0.95126566702029192     
          10          19  0.96736199897357711     
          10          20  0.96433655261985618     
          10          21  0.96053264993289433     
          14          22  0.96896690896384119     
          14          23  0.90413670002674307     
          12          24  0.90376447847910513     
           4          25  0.91584627441117039     
