   -0.19510280
    0.09107508
    0.01950139
    0.00606960
   -0.07594512
    0.13085812
   -0.23202788
    0.02833945
    0.12757261
   -0.23298952
    0.02873002
   -0.07675796
   -0.05605517
   -0.05095935
   -0.11138554
   -0.07228139
    0.03679061
   -0.02089169
   -0.06922941
   -0.00131071
   -0.04979210
   -0.06853120
    0.13196818
   -0.22632315
    0.02622858
    0.13166649
   -0.22887621
    0.02831289
   -0.08037628
   -0.07275080
   -0.00467082
   -0.11022669
   -0.11395862
    0.05483783
    0.05031025
    0.07983256
    0.04919320
    0.05128476
    0.07975375
    0.04306394
    0.04645522
    0.02959686
    0.06908328
    0.06167010
    0.03414563
    0.03247832
    0.07507310
    0.07469432
    0.06750493
    0.07237870
    0.05468036
    0.05356160
    0.04420852
    0.05605013
    0.05224449
    0.05384847
    0.08013550
    0.07970910
    0.04702814
    0.05063027
    0.04569442
    0.07991706
    0.08072812
    0.07509608
    0.04944594
    0.04135841
    0.04332267
    0.05499444
    0.03994098
    0.04758740
    0.05687792
    0.20491265
