           1           2   2.1162130975891835     
           2           3   1.2091564504192314     
           3           4  0.96650955817302786     
           4           5   1.3665525690855764     
           5           6   1.4046433462451886     
           6           7   1.0984539557291877     
           7           8  0.97791530194136644     
           6           9   1.2274074311958003     
           9          10   1.0949049880798443     
          10          11  0.97979161826716843     
           9          12   1.3983599944238216     
           4          13   1.4206611890112639     
          12          13   1.3995425056869122     
           3          14  0.66801811848618153     
           2          15  0.11289136932780125     
          14          15   1.2883363634663054     
          16          17   1.4193344955381639     
          17          18  0.99287277767031190     
          18          19  0.96237809356912019     
          19          20   1.0091102297114787     
          20          21   1.4148462819344230     
          21          22   1.4127052006722831     
          22          23   1.3885441520358464     
          23          24   1.1046103274330514     
          24          25  0.97697317011571050     
          23          26   1.2230159278696571     
          26          27   1.0982192221755025     
          27          28  0.97970844948742386     
          20          29   1.3753261555900802     
          26          29   1.4006151966251981     
          17          30   1.0055037563644187     
           3          31  0.91517502457191868     
          31          32   1.0038731814891548     
          31          33   1.0108438756295481     
           5          34  0.95702826360080784     
           8          35  0.97427346332463682     
           8          36  0.97701392449164426     
           8          37  0.97407925661360584     
          11          38  0.97452649165906702     
          11          39  0.97713726272851964     
          11          40  0.97472353370256581     
          12          41  0.96415044136906580     
          13          42  0.96252413497616962     
          14          43  0.94731374538239943     
          14          44  0.96834936429684382     
          15          45  0.98201760532887228     
          15          46  0.98196164762907878     
          16          47  0.96803615126801501     
          16          48  0.97189847911834837     
          18          49  0.96470011260593569     
          18          50  0.96773721648150601     
          19          51  0.97292136292559417     
          19          52  0.97089093794677739     
          21          53  0.96809636067160321     
          22          54  0.96343145149154119     
          25          55  0.97329470185421363     
          25          56  0.97338666989089728     
          25          57  0.97719117578625148     
          28          58  0.97710872574785046     
          28          59  0.97399339655039840     
          28          60  0.97369594906334789     
          29          61  0.96280714912312393     
          30          62  0.96059805419858069     
          30          63  0.97476142914033870     
          30          64  0.97059933535092535     
          31          65  0.96023261392515691     
          32          66  0.98332963372490079     
          32          67  0.98282401862713309     
          32          68  0.98186806997005616     
          33          69  0.98426175325796517     
          33          70  0.98219239779011314     
          33          71  0.98108761918785470     
           1          72  0.90457027685240288     
