           1           2  0.99435913871204651     
           2           3   1.2703950346134816     
           3           4   1.4864931824934497     
           4           5   1.2662296194046889     
           2           6   1.2159939133227833     
           5           6   1.2556912781103511     
           6           7   1.0751582863999616     
           7           8   1.6734680303834852     
           7           9   1.1006844160267666     
           8           9  0.12687221874294438     
           9          10  0.97955368026851541     
           9          11   1.1058880194402838     
           9          12  0.11669929853718219     
          11          12   1.6854335999772176     
           5          13   1.2082432321052576     
          11          13   1.0690104787805572     
          12          13  0.10104518769987722     
          13          14  0.98337003775138176     
           1          15  0.94802476450620565     
           1          16  0.95701898893353743     
           1          17  0.96005774389112142     
           3          18  0.95454881746672127     
          10          19  0.95926910434173507     
          10          20  0.94289148166470715     
          10          21  0.94331278863587320     
          14          22  0.94710973027574352     
          14          23  0.94649679583154578     
          14          24  0.96183606152401013     
