   -0.27467465
    0.10453157
    0.01619244
    0.00325833
   -0.07605199
    0.13033940
   -0.22818694
    0.02871011
    0.13279784
   -0.22329869
    0.02484064
   -0.06807363
   -0.04495277
   -0.02653747
   -0.05872121
    0.01226188
    0.00051252
   -0.01592873
   -0.07070671
    0.00318758
   -0.04666471
   -0.06629457
    0.13457613
   -0.21822105
    0.02392909
    0.13420968
   -0.22107815
    0.02626134
   -0.07838623
   -0.06495834
   -0.00443268
   -0.11533517
   -0.12039668
    0.04986742
    0.05398350
    0.08081425
    0.04344672
    0.05779578
    0.08207583
    0.05396578
    0.05860121
    0.05040845
   -0.01050478
    0.06248528
    0.05050016
    0.01001710
    0.01598304
    0.06368873
    0.06586688
    0.06736467
    0.05577564
    0.05513143
    0.04870994
    0.06002074
    0.05612947
    0.05763553
    0.08364095
    0.08299554
    0.05064968
    0.05405352
    0.04903021
    0.07110432
    0.07423012
    0.07621022
    0.03982300
    0.05990250
    0.03691597
    0.05167384
    0.07367517
    0.03592541
    0.05532344
    0.16237511
