           1           2   1.9137685725157481     
           2           3  0.93927807036235789     
           3           4  0.97956184791448386     
           4           5   1.3732701407773913     
           5           6   1.3988813958519466     
           6           7   1.0967447906006669     
           7           8  0.98021494021922551     
           6           9   1.2177251548631438     
           9          10   1.1088966899481132     
          10          11  0.97529342720409040     
           9          12   1.3828597940217378     
           4          13   1.4047082095675663     
          12          13   1.4142216829188170     
           3          14  0.99047313207971122     
          14          15   1.5373288522904816     
          15          16   1.3349750066575519     
          16          17   1.3430396206953386     
          17          18  0.99462579695077613     
          18          19  0.96619777015301422     
          19          20   1.0098134282371181     
          20          21   1.4026819395617722     
          21          22   1.4198111105015534     
          22          23   1.3793321955228828     
          23          24   1.1144764886548368     
          24          25  0.97497597125974955     
          23          26   1.2138251307681638     
          26          27   1.1079714135479475     
          27          28  0.97769675930546485     
          20          29   1.3820429603554030     
          26          29   1.3917601588631043     
          17          30   1.0004762776323881     
           3          31  0.93519106629992876     
          31          32   1.0083237212285072     
          31          33   1.0080189495681562     
           5          34  0.95862732190125277     
           8          35  0.97313872314239203     
           8          36  0.97670990375142219     
           8          37  0.97326108716521254     
          11          38  0.97219811698093861     
          11          39  0.97685066777116436     
          11          40  0.97266158410432935     
          12          41  0.96272127171140287     
          13          42  0.96312256972190424     
          14          44  0.95744716753875636     
          15          45  0.95542057919858692     
          43          46  0.98871948893914186     
           2          47  0.93267197368385468     
          16          48  0.95553541023582778     
          18          49  0.96312379216076804     
          18          50  0.96821188559689442     
          19          51  0.97179445789672381     
          19          52  0.97105347975008816     
          21          53  0.96772250977104390     
          22          54  0.96278258244695492     
          25          55  0.97207134912370574     
          25          56  0.97175684710710586     
          25          57  0.97652238477101005     
          28          58  0.97648476522516969     
          28          59  0.97274709572336282     
          28          60  0.97252390505901576     
          29          61  0.96210475112695315     
          30          62  0.96859878071716976     
          30          63  0.96797164067610053     
          30          64  0.97870129377602166     
          31          65  0.95928273190316338     
          32          66  0.97831849929024428     
          32          67  0.98042343647180275     
          32          68  0.98116458398580475     
          33          69  0.96989607343953321     
          33          70  0.98040314195130640     
          33          71  0.97784629305576742     
           1          72  0.93630024632566888     
