           1           2   1.9537254825408588     
           2           3  0.99024191222410196     
           3           4  0.97711675921227792     
           4           5   1.3787907026941659     
           5           6   1.3886865164252140     
           6           7   1.1115814518385996     
           7           8  0.97610703549117173     
           6           9   1.2082874808520585     
           9          10   1.1160050874633776     
          10          11  0.97517663783724673     
           9          12   1.3758271379818072     
           4          13   1.3905570879421609     
          12          13   1.4203563838298934     
           3          14  0.95011248989848729     
          14          15  0.99641177336504483     
          15          16   1.0296298663371084     
          16          17   1.8777249375525051     
          17          18   1.0286075608459202     
          18          19  0.96107124428446966     
          19          20   1.0126044558097858     
          20          21   1.3802357359375521     
          21          22   1.4205278643202379     
          22          23   1.3832269418321830     
          23          24   1.1193892824242022     
          24          25  0.97167748298793266     
          23          26   1.1831408448556961     
          26          27   1.1123834118203013     
          27          28  0.97355758478545640     
          20          29   1.3775084853062218     
          26          29   1.4002378427080731     
           3          31  0.93969544205657840     
          31          32   1.0076208740495056     
          31          33   1.0073269156935925     
           5          34  0.95632532939408543     
           8          35  0.97151970404060028     
           8          36  0.97602485957206986     
           8          37  0.97160265224864206     
          11          38  0.97118284608308791     
          11          39  0.97628491222030300     
          11          40  0.97153699896754786     
          12          41  0.96236847622450328     
          13          42  0.96130492756349128     
          14          43  0.96620057736216336     
          14          44  0.96907469468057839     
          15          45  0.96346376860723515     
          15          46  0.93791289185214211     
           2          47  0.92084436100108602     
          16          48  0.92974082992817697     
          18          49  0.95605655731121819     
          18          50  0.95905924654596419     
          19          51  0.97303423680825052     
          19          52  0.96024114391287396     
          21          53  0.96189456865465661     
          22          54  0.95895594266566631     
          25          55  0.97141405773801004     
          25          56  0.97113875617090240     
          25          57  0.97583713908676795     
          28          58  0.97601921467353947     
          28          59  0.97097603447277092     
          28          60  0.97173958145390626     
          29          61  0.62162537243329186     
          30          61  0.34172042525245805     
          30          62  0.98837550630356985     
          30          63  0.98438421388933228     
          30          64  0.98707279085027633     
          31          65  0.95676271061530516     
          32          66  0.97255739361255489     
          32          67  0.97955581532788105     
          32          68  0.97977247028809167     
          33          69  0.96939164045834858     
          33          70  0.98043231962686184     
          33          71  0.97708642959387682     
           1          72  0.93833802247284792     
