   -0.26732410
    0.10151628
    0.00631141
    0.00222981
   -0.08014279
    0.12935711
   -0.22996546
    0.02743875
    0.12825016
   -0.22854981
    0.02685674
   -0.07496569
   -0.05347401
   -0.06471292
   -0.06958455
    0.00860589
    0.01457131
   -0.01716114
   -0.06740966
    0.01426737
   -0.08764903
   -0.05142443
    0.14329555
   -0.21576396
    0.02384520
    0.12581415
   -0.22649591
    0.02695777
   -0.08018530
   -0.07152495
   -0.00730786
   -0.11853862
   -0.11888769
    0.05226145
    0.05399373
    0.08139473
    0.04756868
    0.05527631
    0.08129539
    0.04773366
    0.05191874
    0.03865940
    0.06083224
    0.05414269
    0.06662025
    0.08131817
    0.00559159
    0.07228494
    0.06628940
    0.07326208
    0.06364864
    0.05451400
   -0.05530962
    0.11458673
    0.05742245
    0.05851514
    0.08442582
    0.08321677
    0.04924794
    0.05301621
    0.05928620
    0.07721077
    0.08008121
    0.08042855
    0.03726158
    0.06872844
    0.03529464
    0.05136994
    0.06155441
    0.03483852
    0.05451768
    0.15745090
