   96
          1          1          1
          1          2          2
          1          3          3
          1          4          4
          1          5          5
          1          6          6
          1          7          7
          1          8          8
          1          9          9
          1         10         10
          2         11         12
          1         13         13
          1         14         14
          1         15         15
          1         16         16
          1         17         17
          2         18         19
          1         20         20
          1         21         21
          1         22         22
          1         23         23
          1         24         24
          1         25         25
          1         26         26
          1         27         27
          1         28         28
          1         29         29
          1         30         30
          1         31         31
          1         32         32
          1         33         33
          1         34         34
          1         35         35
          1         36         36
          1         37         37
          1         38         38
          1         39         39
          1         40         40
          1         41         41
          1         42         42
          1         43         43
          1         44         44
          1         45         45
          1         46         46
          1         47         47
          1         48         48
          1         49         49
          1         50         50
          1         51         51
          1         52         52
          1         53         53
          1         54         54
          1         55         55
          1         56         56
          1         57         57
          1         58         58
          1         59         59
          1         60         60
          2         61         62
          2         63         64
          2         65         67
          1         66         66
          1         68         68
          2         69         70
          1         71         71
          2         72         73
          1         74         74
          1         75         75
          2         76         77
          2         78         79
          1         80         80
          1         81         81
          1         82         82
          1         83         83
          1         84         84
          1         85         85
          1         86         86
          2         87         88
          1         89         89
          1         90         90
          1         91         91
          1         92         92
          1         93         93
          1         94         94
          1         95         95
          1         96         96
          1         97         97
          1         98         98
          1         99         99
          1        100        100
          1        101        101
          1        102        102
          1        103        103
          1        104        104
          1        105        105
          1        106        106
