           1           2  0.98211885304851165     
           2           3   1.4296504917941710     
           3           4   1.2841047180005125     
           4           5   1.1871755747415651     
           2           6   1.1746350060070028     
           5           6   1.3573980248532505     
           6           7   1.0485633115750057     
           7           8   1.7031434566985282     
           7           9   1.1205507977863143     
           8           9  0.16069221435092984     
           9          10  0.96450840885108702     
           9          11   1.1208888105099470     
           9          12  0.13867972022907318     
          11          12   1.7238186332164354     
           5          13   1.2283976372283063     
          11          13   1.0237760369992643     
          12          13  0.12439907623443533     
          13          14  0.97311596581077009     
           1          15  0.95423904899967615     
           1          16  0.96290286147385462     
           1          17  0.95922311089634504     
           3          18  0.95076351004500181     
          10          19  0.97018169011265765     
          10          20  0.96820398231485871     
          10          21  0.96827154445104635     
          14          22  0.97213301899644766     
          14          23  0.97197200334165434     
          14          24  0.96345930935982105     
           4          25  0.91705665563241090     
