           1           2   1.4713942465569692     
           1           3  0.21769790374489270     
           2           3   1.2226221225267182     
           3           4   1.1813202812006747     
           1           5  0.10527065830616189     
           3           5  0.15159968747870550     
           4           5   1.3427907839873594     
           2           6  0.97792111271885707     
           5           6   1.0127141309900842     
           6           7  0.87072119392209579     
           7           8   1.7784797629666087     
           7           9   1.1893673572415708     
           8           9  0.16272103557736070     
           9          10  0.95395936023852090     
           9          11   1.0675695868395054     
           9          12  0.11334233573063732     
          11          12   1.7345141317537340     
           5          13   1.2053895686546852     
          11          13   1.0455874903824360     
          12          13  0.11826695372267271     
          13          14  0.96725755500218602     
           6          15  0.91243200086860865     
           1          16  0.96344315554802118     
           1          17  0.96412699942232494     
           3          18  0.95741289324509216     
          10          19  0.97358459919396168     
          10          20  0.97097446936576737     
          10          21  0.96826863819432529     
          14          22  0.97493344555183248     
          14          23  0.96959027183565816     
          14          24  0.96462206242149073     
           4          25  0.91661835062702313     
