   -0.25751383
    0.09220251
    0.00824978
    0.01106976
   -0.07536213
    0.13318408
   -0.22079966
    0.02521233
    0.13296512
   -0.21841721
    0.02437719
   -0.06970218
   -0.04596900
   -0.06547025
   -0.06994184
   -0.00011313
   -0.12605277
    0.00005115
   -0.05072163
    0.01413418
   -0.03743548
   -0.06168985
    0.14347906
   -0.19804803
    0.01998429
    0.13797241
   -0.22404384
    0.02446739
   -0.07648765
   -0.04425437
   -0.00772407
   -0.11748251
   -0.11884343
    0.05753667
    0.05655170
    0.08395133
    0.05314861
    0.05845410
    0.08415385
    0.05426846
    0.05758383
    0.04851942
    0.05419658
    0.05040887
    0.05064111
    0.05201071
    0.05650636
    0.04761673
    0.06646875
    0.05712221
    0.03513525
    0.05181990
    0.05194531
    0.06212726
    0.06266013
    0.06284208
    0.08894129
    0.08462231
    0.05515375
    0.05451081
    0.05671710
    0.03947425
    0.05478923
    0.05372127
    0.04006057
    0.06869747
    0.03544757
    0.05255821
    0.06522275
    0.03877666
    0.05486620
    0.15949495
