           1           2   1.9504612897890741     
           2           3  0.98958294589418216     
           3           4  0.97518686808420751     
           4           5   1.3736052730660582     
           5           6   1.3923183450953363     
           6           7   1.1091512590277670     
           7           8  0.97624737120846827     
           6           9   1.2099598835739545     
           9          10   1.1131862516303996     
          10          11  0.97544999977879054     
           9          12   1.3795962634648347     
           4          13   1.3946152999917034     
          12          13   1.4151586219887706     
           3          14  0.94870501253181194     
          14          15   1.0053879032566406     
          15          16  0.99897799187395508     
          16          17  0.99664159321017676     
          17          18  0.98994491349227287     
          18          19   1.0309107602829428     
          19          20   1.4445580673755090     
          20          21   1.2201359679700905     
          21          22   1.5155503156973500     
          22          23   1.3176003381437589     
          23          24   1.1503730892677788     
          24          25  0.96965804983574244     
          23          26   1.1700602654865613     
          26          27   1.1067142379592065     
          27          28  0.97541122684447223     
          20          29   1.2049926261515964     
          26          29   1.4752668313800061     
          17          30   1.0144291409924073     
           3          31  0.94196661144550220     
          31          32   1.0076361180096149     
          31          33   1.0082404307734638     
           5          34  0.95719877643630014     
           8          35  0.97211513548195472     
           8          36  0.97614451303292959     
           8          37  0.97169334616954217     
          11          38  0.97152580785896370     
          11          39  0.97635551788393127     
          11          40  0.97190327674490606     
          12          41  0.96260114723165902     
          13          42  0.96096556617749374     
          14          43  0.96792080304856398     
          14          44  0.97046048785629568     
          15          45  0.96466426011783923     
          15          46  0.97228065407078201     
           2          47  0.89312013576258009     
          16          48  0.96948517777260901     
          18          49  0.93317496004118228     
          18          50  0.95653563912274819     
          16          51  0.95818256539364832     
          19          52  0.96322347888706172     
          21          53  0.96306768477700000     
          22          54  0.96138659548254735     
          25          55  0.97097396273020775     
          25          56  0.97054186084675420     
          25          57  0.97591179273764705     
          28          58  0.97626357445232370     
          28          59  0.97248768928395612     
          28          60  0.97256310566046633     
          29          61  0.96096246024176968     
          30          62  0.96510808427065520     
          30          63  0.96886651849257732     
          30          64  0.98066573508150756     
          31          65  0.95457219385185366     
          32          66  0.97008630840163179     
          32          67  0.98031156656319296     
          32          68  0.97988652316635971     
          33          69  0.97087591977686616     
          33          70  0.98119443098286263     
          33          71  0.97810545079844080     
           1          72  0.93758185063724642     
