           1           2   1.9507609042589433     
           2           3  0.99391854575572491     
           3           4  0.97476985538476679     
           4           5   1.3697884620937468     
           5           6   1.4007430651661334     
           6           7   1.0952673962423125     
           7           8  0.97899954236637576     
           6           9   1.2246223859831737     
           9          10   1.0977041931193676     
          10          11  0.97858970956406255     
           9          12   1.3913936722379376     
           4          13   1.4125042495976028     
          12          13   1.4083311442941775     
           3          14  0.95153438621505027     
          14          15  0.99461565758619730     
          15          16   1.0498450872571485     
          16          17   1.3360674017229537     
          16          18  0.21388316510863303     
          17          18   1.3255321265596574     
          18          19   1.0362480304027799     
          19          20   1.0198545738022962     
          20          21   1.0419898700595998     
          21          22   1.0446165722540524     
          22          23   1.5784244750541667     
          22          24  0.10727228451766674     
          23          24   1.0965654400010090     
          24          25  0.97561984737295560     
          23          26   1.1310957897733114     
          26          27   1.1502390607212143     
          27          28  0.97145777511620568     
          20          29   1.5616263585577594     
          26          29   1.2873192524725061     
          17          30  0.98556318135022880     
           3          31  0.94447151539404517     
          31          32   1.0084195384795267     
          31          33   1.0081575538800225     
           5          34  0.95793881129001979     
           8          35  0.97369501316576668     
           8          36  0.97688360606814850     
           8          37  0.97352873537332507     
          11          38  0.97354599063895542     
          11          39  0.97715095564323440     
          11          40  0.97368951630276701     
          12          41  0.96375901863838198     
          13          42  0.96204927944272844     
          14          43  0.96813959264036298     
          14          44  0.97153011461658567     
          15          45  0.95608625253074508     
          15          46  0.93599220288838303     
           2          47  0.91612658599354813     
          16          48  0.96041063365960000     
          21          49  0.91271507342585645     
          18          50  0.95784953896559777     
          19          51  0.92110008851442715     
          19          52  0.94195606308176771     
          21          53  0.91989654317794201     
          22          54  0.96303946884008729     
          25          55  0.97441383160066808     
          25          56  0.97435808381937350     
          25          57  0.97684877240776691     
          28          58  0.97604284115670592     
          28          59  0.97165890821197021     
          28          60  0.97203678206005995     
          29          61  0.95760332017991201     
          30          62  0.97173830009139417     
          30          63  0.96598020347940827     
          30          64  0.97302332634486854     
          31          65  0.96033645679306212     
          32          66  0.97591030256588907     
          32          67  0.98190445874087784     
          32          68  0.98189034470303482     
          33          69  0.97407772727892294     
          33          70  0.98269517078987367     
          33          71  0.97996120856193580     
           1          72  0.94309497323159008     
