           1           2  0.98656338444835801     
           2           3   1.3796481083888521     
           3           4   1.2664437143021809     
           4           5   1.1937624483771878     
           2           6   1.1459061781040505     
           5           6   1.3286076463868703     
           6           7   1.1155944947993035     
           7           8   1.6759562824795209     
           7           9  0.98610623042429613     
           8           9  0.10771283467077114     
           9          10   1.3425294031874526     
           9          11   1.0158963727458623     
          11          12   1.7089041026925167     
           5          13   1.1908806245374519     
          11          13   1.0865230367135170     
          12          13  0.13452255386321921     
          13          14  0.97039315965761386     
           1          15  0.95516773102206853     
           1          16  0.96479609435706926     
           1          17  0.96137214367748580     
           3          18  0.95313119828697934     
          10          19  0.95852853792668047     
          10          21  0.95789227849759384     
          14          22  0.97120108225581880     
          14          23  0.97183192485344772     
          14          24  0.96474771805020354     
           4          25  0.91898723272300364     
