           1           2   1.9494217308026296     
           2           3  0.99830398795507769     
           3           4  0.90076104551532077     
           4           5   1.0416738520144277     
           5           6   1.5686087317594586     
           5           7  0.10469717957028461     
           6           7   1.0924571094218909     
           7           8  0.97735560404059296     
           6           9   1.1375425617199428     
           9          10   1.1579119867291756     
          10          11  0.96923853846191421     
           9          12   1.2744075291237629     
           4          13   1.0511862408195956     
          12          13   1.5983852126438964     
           3          14  0.95916769021898585     
          14          15  0.97752961626175450     
          15          16   1.0457978581227867     
          16          17   1.3543517591875716     
          17          18  0.96642329302797170     
          18          19  0.97680443954702167     
          19          20   1.0073945468511118     
          20          21   1.4095565423540419     
          21          22   1.4160928847641552     
          22          23   1.3830773792729827     
          23          24   1.1112000528215169     
          24          25  0.97572943393341771     
          23          26   1.2171030709489243     
          26          27   1.1044997492965072     
          27          28  0.97836228818872195     
          20          29   1.3800717817107637     
          26          29   1.3949504016942285     
          16          30  0.24476078885188690     
          17          30   1.3505147534488016     
           3          31  0.96288887139996282     
          31          32   1.0091919437372201     
          31          33   1.0043390455152990     
           5          34  0.95931678595775383     
           8          35  0.97438049866236476     
           8          36  0.97649391201295443     
           8          37  0.97410230131538011     
          11          38  0.97082461306085355     
          11          39  0.97604242639122041     
          11          40  0.97156125108816827     
          12          41  0.95904561827600743     
          13          42  0.96514565771740723     
          14          43  0.96677762558944014     
          14          44  0.97109603646950204     
          15          45  0.96356646366215359     
          15          46  0.94415269061454965     
           2          47  0.92433895536560418     
          16          48  0.96287820645942401     
          18          49  0.96738496982021516     
          18          50  0.96966683592443936     
          19          51  0.97227015338220468     
          19          52  0.96833871138775385     
          21          53  0.96753585513544593     
          22          54  0.96282523176728674     
          25          55  0.97226514432348810     
          25          56  0.97225720047789510     
          25          57  0.97669539623224066     
          28          58  0.97669931822184897     
          28          59  0.97323060733268141     
          28          60  0.97291026469197184     
          29          61  0.96246962338592956     
          30          62  0.96684802228440447     
           4          63  0.87898019199857091     
          30          64  0.97554154949236138     
          31          65  0.95771152999332587     
          32          66  0.97557278807341119     
          32          67  0.97131603097565367     
          32          68  0.97987388929208907     
          33          69  0.97480514126635986     
          33          70  0.98229384404805287     
          33          71  0.98087106654252465     
           1          72  0.94244934199339547     
